123456!20181204_123658!1!0
1.47!1.48!2.04!1.64!1.67!1.72!
98!67!82!0!600
207.6 2.08 187 60

070 98 02 1.6 385,369,349
070 98 01 1.6 322,295,261
070 98 00 1.6 224,178,149
070 98 00 1.6 197,332,498
070 98 05 1.6 598,614,442
070 98 05 1.6 416,398,390
070 98 04 1.6 401,416,414
070 98 03 1.6 384,340,298
070 98 02 1.6 250,203,155
070 98 00 1.6 112,70,24
070 98 00 1.6 0,0,0
070 98 00 1.6 0,0,4
070 98 01 1.6 168,298,374
070 98 05 1.6 463,759,1342
070 98 03 1.6 2120,2907,3539
068 98 05 14.6 3961,2361,0
068 98 02 14.6 0,0,0
068 98 00 14.6 0,0,0
068 98 00 14.6 0,0,0
068 98 00 14.6 0,0,0
068 98 00 14.6 0,0,0
068 98 00 14.6 0,0,0
068 98 01 14.6 0,0,0
068 98 00 14.6 0,0,0
068 98 00 14.6 0,0,0
068 98 00 14.6 0,0,0
068 98 01 14.6 0,0,0
068 98 00 14.6 0,0,0
068 98 01 14.6 0,0,0
068 98 00 14.6 0,0,0
068 98 03 14.6 0,0,0
068 98 01 14.6 0,0,0
068 98 02 14.6 0,0,0
068 98 01 14.6 0,0,0
068 98 00 14.6 0,0,0
068 98 00 14.6 0,0,0
068 98 01 14.6 0,0,0
068 98 01 14.6 0,0,0
068 98 04 14.6 0,0,0
068 98 05 14.6 0,0,0
068 98 05 14.6 0,0,0
068 98 02 14.6 0,0,0
068 98 00 14.6 0,0,0
068 98 00 14.6 0,0,0
068 98 01 14.6 0,0,0
068 98 01 14.6 0,0,0
068 98 04 1.8 0,742,711
068 98 05 1.8 706,720,729
068 98 05 1.8 734,731,708
068 98 03 1.8 659,600,541
068 98 01 1.8 499,455,423
068 98 00 1.8 379,337,282
068 98 00 1.8 226,158,96
068 98 01 1.8 116,278,546
068 98 05 1.8 769,863,851
068 98 04 1.8 747,759,786
068 98 04 1.8 796,796,791
068 98 08 1.8 783,747,698
068 98 03 1.8 641,600,560
068 98 00 1.8 527,489,445
068 98 00 1.8 395,340,282
068 98 00 1.8 220,165,213
068 98 01 1.8 410,686,893
068 98 07 1.8 952,776,775
068 98 06 1.8 799,827,837
068 98 02 1.8 848,846,827
068 98 08 1.8 779,718,666
068 98 01 1.8 626,595,564
068 98 00 1.8 528,476,426
068 98 00 1.8 372,325,264
068 98 01 1.8 210,228,392
068 98 04 1.8 668,907,1004
068 98 08 1.9 999,791,807
068 98 06 1.9 829,842,857
068 98 01 1.9 870,859,822
068 98 07 1.9 760,708,663
068 98 00 1.9 644,610,571
068 98 00 1.9 521,465,406
068 98 00 1.9 347,294,233
068 98 01 1.9 209,317,566
068 98 06 1.9 842,994,1013
068 98 08 1.9 785,790,814
068 98 04 1.9 840,860,876
068 98 04 1.9 874,838,779
068 98 06 1.9 719,671,632
068 98 00 1.9 597,563,524
068 98 00 1.9 478,421,358
068 98 00 1.9 300,249,236
068 98 00 1.9 319,587,948
068 98 05 1.9 1258,1396,1423
068 98 08 1.9 1438,1468,1527
068 98 04 1.9 1594,1660,1701
068 98 04 3.5 1706,1443,1387
068 98 07 3.5 1333,1293,1283
068 98 05 3.5 1260,1226,1188
068 98 02 3.5 1141,1089,1027
068 98 00 3.5 964,912,875
068 98 00 3.5 954,1179,1476
069 98 06 2.2 1689,1764,1759
069 98 08 2.2 886,899,932
069 98 06 2.2 977,1016,1026
069 98 04 2.2 1002,961,907
069 98 05 2.2 859,827,817
069 98 02 2.2 798,771,732
069 98 00 2.2 690,638,576
069 98 00 2.2 511,461,500
069 98 01 2.2 676,939,1143
069 98 08 1.8 1211,724,694
069 98 04 1.8 686,724,796
069 98 03 1.8 890,962,978
069 98 04 1.8 924,792,615
069 98 00 1.8 442,299,186
069 98 00 1.8 95,26,0
069 98 00 1.8 0,0,0
069 98 02 1.8 0,0,10
069 98 03 1.8 280,441,476
069 98 03 2.0 830,828,838
069 98 08 2.0 860,906,968
069 98 08 2.0 978,944,853
069 98 04 2.0 777,746,766
069 98 02 2.0 823,853,841
069 98 03 2.0 786,712,641
069 98 00 2.0 565,487,505
069 98 01 2.0 696,1014,1287
069 98 05 2.0 1420,1450,1497
069 98 02 2.0 1557,1625,1649
069 98 08 2.9 1650,1153,1113
069 98 07 2.9 1081,1044,1013
069 98 05 2.9 957,905,859
069 98 00 2.9 825,797,768
069 98 00 2.9 723,645,530
069 98 00 2.9 415,385,521
069 98 02 2.9 769,984,1076
071 98 04 1.8 1078,711,738
071 98 08 1.8 774,803,830
071 98 08 1.8 857,860,826
071 98 06 1.8 769,709,656
071 98 01 1.8 611,564,521
071 98 00 1.8 469,415,350
071 98 00 1.8 279,197,124
071 98 00 1.8 150,328,621
071 98 04 1.8 863,980,999
071 98 07 1.8 1003,1010,1021
071 98 03 2.4 1036,1061,1070
071 98 06 2.4 938,892,832
071 98 04 2.4 766,711,671
071 98 00 2.4 654,631,602
071 98 00 2.4 546,480,393
071 98 01 2.4 320,295,412
071 98 02 2.4 654,916,1070
071 98 07 2.0 1103,1106,817
071 98 05 2.0 828,833,843
071 98 01 2.0 855,839,795
071 98 07 2.0 724,653,591
071 98 00 2.0 540,490,433
071 98 00 2.0 364,287,206
071 98 00 2.0 122,44,0
071 98 00 2.0 0,147,423
071 98 06 2.0 675,789,812
071 98 08 2.0 828,866,890
070 98 06 2.3 890,926,927
070 98 08 2.3 905,856,787
070 98 02 2.3 713,649,595
070 98 00 2.3 551,494,432
070 98 00 2.3 359,285,201
070 98 00 2.3 111,48,111
070 98 00 2.3 336,622,820
070 98 06 2.3 882,886,895
070 98 03 2.2 905,916,870
070 98 08 2.2 875,867,831
070 98 05 2.2 766,695,623
070 98 00 2.2 573,522,470
070 98 00 2.2 407,342,276
070 98 00 2.2 199,114,23
070 98 00 2.2 0,76,316
070 98 05 2.0 591,744,763
070 98 04 2.0 754,729,721
070 98 08 2.0 729,750,762
070 98 08 2.0 744,686,611
070 98 01 2.0 533,455,397
070 98 00 2.0 342,299,241
070 98 01 2.0 173,95,21
070 98 00 2.0 0,0,0
070 98 00 2.0 0,245,512
070 98 08 2.1 647,660,821
070 98 04 2.1 818,829,844
070 98 00 2.1 867,874,861
070 98 08 2.1 807,733,654
070 98 00 2.1 593,543,498
070 98 00 2.1 443,385,320
070 98 00 2.1 245,163,72
070 98 00 2.1 0,28,227
070 98 03 2.1 536,791,901
070 98 08 2.1 911,915,932
070 98 07 2.1 953,967,990
070 98 03 2.5 1006,1002,945
070 98 06 2.5 873,802,752
070 98 00 2.5 701,650,594
070 98 00 2.5 532,468,394
070 98 00 2.5 312,221,149
070 98 00 2.5 207,440,764
070 98 06 2.5 1010,1108,1121
070 98 08 2.5 1137,1162,1191
070 98 05 2.7 1202,1220,1228
070 98 02 2.7 1063,1013,939
070 98 05 2.7 871,814,770
070 98 00 2.7 721,668,602
070 98 00 2.7 529,450,377
070 98 00 2.7 295,240,320
070 98 01 2.7 575,899,1115
070 98 02 2.7 1186,1187,1202
070 98 08 2.7 1227,1254,1273
072 98 06 2.7 1292,1295,1025
072 98 06 2.7 958,877,805
072 98 00 2.7 748,702,650
072 98 00 2.7 594,525,455
072 98 00 2.7 372,291,197
072 98 00 2.7 113,119,298
072 98 03 2.7 604,874,1001
072 98 08 2.3 1012,905,907
072 98 04 2.3 932,976,1046
072 98 05 2.3 1116,1169,1200
072 98 05 2.3 1224,1238,1226
072 98 07 2.3 1199,1149,1076
072 98 02 2.3 981,863,750
072 98 01 2.3 636,533,458
072 98 00 2.3 513,734,1041
072 98 05 2.2 1261,1335,860
072 98 05 2.2 833,825,847
072 98 06 2.2 895,942,945
072 98 06 2.2 898,819,733
072 98 01 2.2 659,605,560
072 98 00 2.2 507,452,388
072 98 00 2.2 297,183,68
072 98 00 2.2 0,0,117
072 98 01 2.2 407,696,846
072 98 07 2.3 869,897,884
072 98 03 2.3 901,937,985
072 98 02 2.3 1018,1004,942
072 98 06 2.3 853,773,704
072 98 00 2.3 666,639,622
072 98 00 2.3 615,625,633
072 98 00 2.3 604,546,487
072 98 00 2.3 533,759,1108
072 98 06 2.3 1413,1559,1608
072 98 07 2.3 1642,1688,1734
072 98 03 2.3 1776,1814,1833
072 98 07 3.5 1334,1276,1194
072 98 07 3.5 1116,1056,1014
072 98 01 3.5 959,893,816
072 98 00 3.5 747,668,587
072 98 00 3.5 494,418,437
072 98 00 3.5 633,946,1226
072 98 07 3.5 1356,1388,1413
072 98 08 3.5 1454,1492,1514
072 98 06 2.9 1530,1537,1104
072 98 07 2.9 1051,969,886
072 98 01 2.9 814,758,699
072 98 00 2.9 629,549,463
072 98 00 2.9 376,280,181
072 98 00 2.9 96,121,313
072 98 02 2.9 612,858,966
072 98 06 2.9 984,1009,1035
074 98 04 2.5 1053,953,924
074 98 07 2.5 861,736,561
074 98 00 2.5 375,205,72
074 98 01 2.5 0,0,0
074 98 02 2.5 0,0,0
074 98 00 2.5 0,0,0
074 98 00 2.5 0,0,15
074 98 04 3.4 355,578,633
074 98 06 3.4 1241,1132,1085
074 98 00 3.4 1102,1124,1109
074 98 08 3.4 1025,917,811
074 98 00 3.4 736,677,619
074 98 00 3.4 557,472,381
074 98 00 3.4 265,133,4
074 98 00 3.4 0,0,151
074 98 03 3.4 453,672,733
074 98 03 2.1 805,782,787
074 98 08 2.1 804,831,876
074 98 08 2.1 909,894,805
074 98 03 2.1 665,529,411
074 98 00 2.1 330,261,196
074 98 00 2.1 107,0,0
074 98 00 2.1 0,0,204
074 98 05 2.1 642,1062,1303
074 98 05 3.9 1320,1420,1313
074 98 06 3.9 1244,1183,1124
074 98 06 3.9 1083,1044,978
074 98 00 3.9 882,776,674
074 98 00 3.9 596,607,656
074 98 00 3.9 645,542,402
074 98 00 3.9 314,227,221
074 98 00 3.9 399,756,1142
074 98 06 3.1 1372,1437,1434
074 98 05 3.1 1242,1285,1315
074 98 05 3.1 1345,1395,1477
074 98 05 3.1 1540,1566,1532
074 98 05 3.1 1466,1363,1264
074 98 02 3.1 1173,1097,1017
074 98 00 3.1 897,740,564
074 98 01 3.1 480,601,904
074 98 02 3.1 1233,1419,1485
074 98 05 3.1 1516,1563,1593
071 98 04 2.9 1588,1075,1031
071 98 07 2.9 978,913,824
071 98 00 2.9 719,616,534
071 98 00 2.9 456,364,256
071 98 00 2.9 149,44,0
071 98 00 2.9 0,0,0
071 98 00 2.9 0,93,317
071 98 07 1.8 398,386,675
071 98 04 1.8 665,648,619
071 98 02 1.8 588,553,500
071 98 00 1.8 420,329,239
071 98 01 1.8 153,72,0
071 98 00 1.8 0,0,0
071 98 01 1.8 0,0,0
071 98 00 1.8 0,0,0
071 98 01 1.6 0,0,0
071 98 03 1.6 517,447,428
071 98 00 1.6 436,434,424
071 98 00 1.6 385,313,206
071 98 00 1.6 93,4,0
071 98 00 1.6 0,0,0
071 98 00 1.6 0,0,0
071 98 01 1.6 0,0,0
071 98 01 1.6 0,0,0
071 98 04 1.6 142,278,330
071 98 08 1.6 372,406,434
071 98 07 1.6 474,549,620
067 98 07 3.5 597,1285,1146
067 98 03 3.5 1038,954,883
067 98 00 3.5 815,744,663
067 98 00 3.5 578,487,394
067 98 00 3.5 304,251,332
067 98 01 3.5 572,871,1065
067 98 06 2.1 1112,848,848
067 98 03 2.1 869,889,903
067 98 08 2.1 915,910,878
067 98 06 2.1 822,752,690
067 98 00 2.1 643,598,553
067 98 00 2.1 496,446,402
067 98 00 2.1 382,312,225
067 98 00 2.1 192,370,674
067 98 04 2.1 941,1041,1035
067 98 06 2.1 835,839,843
067 98 04 2.1 839,841,844
067 98 08 2.1 841,828,765
067 98 03 2.1 673,582,528
067 98 00 2.1 480,406,318
067 98 01 2.1 234,177,169
067 98 00 2.1 131,69,88
067 98 00 2.1 297,611,833
067 98 07 2.1 900,809,772
067 98 05 2.1 754,754,771
067 98 08 2.1 798,806,772
067 98 06 2.1 703,623,559
067 98 00 2.1 508,469,437
067 98 00 2.1 437,421,369
067 98 00 2.1 262,170,128
067 98 00 2.1 239,530,907
067 98 04 2.8 1174,1255,1106
067 98 05 2.8 1082,1085,1114
067 98 06 2.8 1158,1207,1263
067 98 07 2.8 1318,1302,1212
067 98 06 2.8 1117,1088,1111
067 98 04 2.8 1123,1102,995
067 98 00 2.8 847,704,604
067 98 00 2.8 560,667,937
067 98 04 2.8 1238,1423,1494
067 98 08 2.8 1540,1588,1626
067 98 07 2.8 1643,1658,1666
067 98 04 2.8 1085,1023,945
067 98 04 2.8 870,808,759
067 98 00 2.8 708,651,581
067 98 00 2.8 510,436,359
067 98 00 2.8 268,199,271
067 98 01 2.8 534,914,1206
067 98 06 2.8 1337,1375,1420
067 98 04 2.8 1475,1510,1522
067 98 08 3.6 1557,1599,1589
067 98 05 3.6 1330,1247,1192
067 98 04 3.6 1132,1070,1029
067 98 00 3.6 1034,1089,1124
067 98 03 3.6 1140,1124,1087
067 98 01 3.6 1066,1179,1464
067 98 06 3.6 1800,2001,2065
067 98 07 3.6 2079,2104,2115
067 98 07 2.9 2122,2122,1099
067 98 05 2.9 1072,1015,987
067 98 08 2.9 1061,1232,1392
067 98 07 1.5 1494,1533,1541
067 98 06 1.5 479,361,277
067 98 05 1.5 252,318,508
067 98 07 1.5 906,1361,1677
073 98 05 4.0 1715,1407,1319
073 98 05 4.0 1267,1209,1200
073 98 06 4.0 1234,1254,1186
073 98 05 4.0 1021,804,620
073 98 00 4.0 508,426,337
073 98 00 4.0 203,54,0
073 98 00 4.0 0,0,0
073 98 00 4.0 0,0,0
073 98 04 2.8 258,391,403
073 98 02 2.8 1037,1054,1067
073 98 06 2.8 1066,1069,1058
073 98 08 2.8 1018,932,828
073 98 00 2.8 729,651,581
073 98 00 2.8 509,419,322
073 98 00 2.8 216,106,0
073 98 00 2.8 0,0,0
073 98 00 2.8 273,642,840
073 98 08 2.9 887,1075,1102
073 98 08 2.9 1131,1146,1153
073 98 04 2.9 1157,1134,1073
073 98 06 2.9 983,887,795
073 98 00 2.9 716,649,586
073 98 00 2.9 514,430,337
073 98 00 2.9 235,122,50
073 98 00 2.9 155,461,840
073 98 06 2.9 1078,1139,1080
073 98 06 2.9 1081,1101,1112
073 98 06 2.9 1121,1128,1112
073 98 06 2.9 1051,950,842
073 98 00 2.9 743,671,606
073 98 00 2.9 548,470,374
073 98 00 2.9 264,211,332
073 98 02 2.9 625,952,1134
073 98 04 2.6 1169,944,943
073 98 05 2.6 953,968,1003
073 98 03 2.6 1048,1072,1049
073 98 08 2.6 1004,997,1073
073 98 08 2.6 1164,1167,1098
073 98 05 2.6 1000,923,855
073 98 00 2.6 915,1138,1436
073 98 06 2.6 1647,1733,1754
073 98 05 2.6 1764,1770,1777
073 98 06 2.5 1780,922,890
073 98 06 2.5 826,742,650
073 98 00 2.5 567,497,427
073 98 00 2.5 348,260,160
073 98 00 2.5 52,0,109
073 98 01 2.5 401,730,919
075 98 08 2.6 956,948,935
075 98 04 2.6 933,940,970
075 98 04 2.6 997,981,908
075 98 05 2.6 801,686,587
075 98 00 2.6 506,448,397
075 98 01 2.6 338,247,128
075 98 00 2.6 20,27,234
075 98 03 2.6 556,825,918
075 98 07 2.5 905,876,866
075 98 07 2.5 872,886,909
075 98 08 2.5 906,851,744
075 98 01 2.5 616,503,413
075 98 01 2.5 343,270,196
075 98 00 2.5 106,1,0
075 98 01 2.5 0,0,0
075 98 02 2.5 323,661,802
075 98 08 2.9 794,1005,956
075 98 04 2.9 948,980,1047
075 98 02 2.9 1083,1061,979
075 98 05 2.9 875,772,692
075 98 00 2.9 626,588,514
075 98 00 2.9 412,285,179
075 98 00 2.9 130,252,561
075 98 06 2.8 924,1133,1165
075 98 07 2.8 993,958,946
075 98 02 2.8 953,978,994
075 98 06 2.8 965,882,772
075 98 00 2.8 670,586,518
075 98 00 2.8 457,393,318
075 98 00 2.8 223,114,0
075 98 00 2.8 0,112,475
075 98 06 2.8 875,1107,1166
075 98 06 2.8 1170,1191,1214
075 98 06 3.4 1215,1262,1250
075 98 05 3.4 1217,1134,1035
075 98 02 3.4 957,931,923
075 98 00 3.4 869,803,746
075 98 00 3.4 722,683,611
075 98 01 3.4 510,447,566
075 98 02 3.4 870,1210,1419
075 98 04 3.4 1515,1626,1747
075 98 07 3.4 1816,1838,1850
075 98 05 3.9 1878,1392,1289
075 98 07 3.9 1188,1169,1196
075 98 05 3.9 1176,1100,1010
075 98 00 3.9 952,868,746
075 98 00 3.9 595,419,273
075 98 00 3.9 292,538,910
078 98 06 2.8 1183,1267,997
078 98 04 2.8 984,987,990
078 98 05 2.8 986,993,979
078 98 04 2.8 921,825,706
078 98 00 2.8 605,526,465
078 98 01 2.8 392,307,212
078 98 00 2.8 114,9,0
078 98 01 2.8 0,0,0
078 98 00 2.8 0,337,747
078 98 04 2.8 970,1038,1059
078 98 03 2.8 1099,1171,1262
078 98 03 2.8 1393,1502,1566
078 98 04 2.8 1576,1600,1643
078 98 05 5.6 1671,1675,2037
078 98 05 5.6 2053,2046,1979
078 98 06 5.6 1861,1736,1613
078 98 00 5.6 1492,1503,1709
078 98 03 2.2 2021,2223,2213
078 98 08 2.2 600,459,375
078 98 00 2.2 345,356,383
078 98 01 2.2 387,422,384
078 98 01 2.2 340,219,121
078 98 00 2.2 3,0,0
078 98 00 2.2 0,0,0
078 98 00 2.2 0,0,0
078 98 00 2.2 0,164,436
078 98 05 2.2 517,520,540
078 98 06 2.2 577,615,639
079 98 08 3.9 668,661,1317
079 98 07 3.9 1217,1115,1038
079 98 00 3.9 993,955,907
079 98 00 3.9 842,762,667
079 98 00 3.9 544,415,371
079 98 00 3.9 546,923,1320
079 98 07 3.9 1556,1631,1668
079 98 07 3.9 1713,1756,1779
079 98 04 4.1 1797,1812,1435
079 98 05 4.1 1383,1298,1206
079 98 03 4.1 1134,1080,1033
079 98 00 4.1 973,909,831
079 98 00 4.1 740,632,514
079 98 00 4.1 423,506,813
079 98 05 4.1 1233,1532,1644
079 98 06 4.1 1669,1700,1734
079 98 07 4.1 1749,1752,1758
079 98 06 3.8 1319,1263,1166
079 98 05 3.8 1055,946,844
079 98 00 3.8 750,657,557
079 98 00 3.8 447,336,248
079 98 00 3.8 179,123,39
079 98 00 3.8 0,30,219
079 98 01 3.8 420,530,597
079 98 07 3.8 756,969,1161
079 98 07 3.8 1262,1343,1417
078 98 07 4.2 1448,1440,1347
078 98 06 4.2 1241,1113,963
078 98 00 4.2 817,704,641
078 98 00 4.2 608,564,492
078 98 00 4.2 424,506,812
078 98 06 4.2 1244,1584,1743
078 98 04 4.2 1815,1910,2027
078 98 04 4.2 2126,2190,2224
078 98 07 5.2 2217,1725,1625
078 98 06 5.2 1517,1426,1347
078 98 01 5.2 1290,1232,1161
078 98 00 5.2 1084,1029,990
078 98 00 5.2 927,844,856
078 98 00 5.2 1089,1488,1876
078 98 05 5.2 2100,2220,2332
078 98 06 5.2 2447,2552,2660
078 98 07 5.2 2817,3010,3193
078 98 04 7.9 3352,3466,3480
078 98 08 7.9 2553,2428,2313
078 98 06 7.9 2219,2085,1939
078 98 00 7.9 1798,1658,1519
078 98 00 7.9 1376,1309,1430
078 98 01 7.9 1731,2056,2230
078 98 08 7.9 2275,2285,2304
082 98 05 3.1 2308,978,954
082 98 05 3.1 929,876,790
082 98 01 3.1 666,557,462
082 98 01 3.1 391,316,230
082 98 00 3.1 137,32,0
082 98 01 3.1 0,0,0
082 98 00 3.1 0,0,0
082 98 01 3.1 1,192,222
082 98 05 3.1 179,160,182
082 98 04 3.1 201,200,187
082 98 03 3.1 153,83,3
082 98 00 3.1 0,0,0
082 98 00 3.1 0,0,0
082 98 00 3.1 0,0,0
082 98 00 3.1 0,0,0
082 98 00 3.1 0,0,0
082 98 01 3.1 0,0,0
082 98 06 2.9 958,931,921
082 98 04 2.9 915,910,899
082 98 03 2.9 861,775,654
082 98 00 2.9 530,418,337
082 98 00 2.9 262,189,102
082 98 00 2.9 7,0,0
082 98 01 2.9 0,0,0
082 98 00 2.9 0,0,264
082 98 04 3.1 481,518,1021
082 98 05 3.1 987,982,1001
082 98 08 3.1 1031,1050,1017
082 98 06 3.1 935,814,700

0!1!1!-1
1!1!1!1!1!1!1!2!1!2!1!2!1!2!1!2!2!2!1!