100001!20190823_181052!0!0
2.4!2.24!1.55!1.65!1.54!1.33!
99!30!59!82!557
211.2 1.56 57 4

030 70 02 0.5 100,92,87
030 70 02 0.5 82,70,63
030 70 02 0.5 51,40,31
030 70 01 0.5 24,20,9
030 70 01 0.5 0,0,0
030 70 01 0.5 0,0,0
030 70 02 0.5 0,19,49
030 70 03 0.5 78,98,113
030 70 03 0.4 115,142,134
030 70 03 0.4 124,117,110
030 70 02 0.4 105,97,90
030 70 02 0.4 83,76,64
030 70 02 0.4 55,45,37
030 70 01 0.4 29,24,19
030 70 01 0.4 11,3,0
030 70 01 0.4 0,0,0
030 70 01 0.4 0,0,11
030 70 02 0.4 42,72,90
030 70 03 0.4 102,113,115
030 70 03 0.4 135,128,121
030 70 02 0.4 117,107,103
030 70 02 0.4 95,90,84
030 70 02 0.4 72,59,49
030 70 01 0.4 41,40,32
030 70 01 0.4 29,19,15
030 70 01 0.4 7,1,0
030 70 01 0.4 0,0,0
030 70 02 0.4 13,46,77
030 70 03 0.4 106,119,130
030 70 03 0.5 128,148,143
030 70 03 0.5 143,137,132
030 70 02 0.5 123,117,106
030 70 02 0.5 95,87,79
030 70 02 0.5 74,69,64
030 70 02 0.5 59,49,44
030 70 01 0.5 35,29,19
030 70 01 0.5 16,20,37
030 70 02 0.5 62,98,132
030 70 03 0.5 161,175,183
030 70 08 1.0 303,302,294
030 70 06 1.0 292,279,267
030 70 03 1.0 251,236,217
030 70 00 1.0 200,185,167
030 70 00 1.0 148,127,111
030 70 00 1.0 92,76,59
030 70 00 1.0 45,30,15
030 70 00 1.0 1,0,20
030 70 02 1.0 78,150,220
030 70 08 1.0 269,307,329
030 70 08 1.1 343,346,348
030 70 08 1.1 343,343,340
030 70 07 1.1 335,326,313
030 70 03 1.1 305,291,278
030 70 01 1.1 265,248,235
030 70 00 1.1 221,209,191
030 70 00 1.1 177,162,153
030 70 00 1.1 135,124,113
030 70 00 1.1 99,97,126
030 70 03 1.1 192,267,333
030 70 08 1.1 377,414,435
030 70 08 1.2 450,450,349
030 70 06 1.2 341,335,331
030 70 04 1.2 326,319,307
030 70 03 1.2 296,287,274
030 70 02 1.2 260,241,232
030 70 01 1.2 220,210,193
030 70 00 1.2 180,168,156
030 70 00 1.2 143,130,117
030 70 00 1.2 106,110,144
030 70 03 1.2 207,279,338
030 70 07 1.2 381,408,424
030 70 07 1.1 430,323,319
030 70 06 1.1 316,312,307
030 70 04 1.1 298,291,280
030 70 02 1.1 271,258,245
030 70 01 1.1 231,218,205
030 70 00 1.1 192,177,164
030 70 00 1.1 147,134,124
030 70 00 1.1 109,94,81
030 70 00 1.1 79,110,168
030 70 04 1.1 240,306,357
030 70 08 1.1 397,417,427
055 99 07 1.1 427,340,329
055 99 05 1.1 320,318,310
055 99 03 1.1 301,293,281
055 99 02 1.1 268,250,235
055 99 00 1.1 221,206,192
055 99 00 1.1 177,164,152
055 99 00 1.1 137,120,108
055 99 00 1.1 95,82,70
055 99 00 1.1 83,127,198
055 99 06 1.1 274,335,379
055 99 08 1.1 409,427,432
055 99 07 1.2 357,351,347
055 99 05 1.2 344,334,322
055 99 03 1.2 311,302,289
055 99 02 1.2 275,260,248
055 99 01 1.2 233,221,206
055 99 00 1.2 193,176,163
055 99 00 1.2 150,135,121
055 99 00 1.2 107,94,90
055 99 00 1.2 115,175,247
055 99 06 1.2 319,369,404
055 99 08 1.2 423,435,440
055 99 07 1.2 344,338,332
055 99 04 1.2 324,314,300
055 99 03 1.2 291,285,275
055 99 02 1.2 261,245,232
055 99 00 1.2 218,199,185
055 99 00 1.2 171,161,145
055 99 00 1.2 127,112,101
055 99 00 1.2 99,116,161
055 99 04 1.2 228,292,343
055 99 07 1.2 377,401,409
055 99 07 1.0 411,306,300
055 99 07 1.0 292,285,281
055 99 04 1.0 271,263,248
055 99 02 1.0 236,223,211
055 99 00 1.0 199,185,170
055 99 00 1.0 154,140,130
055 99 00 1.0 118,107,93
055 99 00 1.0 83,93,134
055 99 04 1.0 201,269,325
055 99 08 1.0 363,390,399
055 99 08 1.1 402,310,306
055 99 07 1.1 299,295,286
055 99 05 1.1 276,263,247
055 99 02 1.1 238,224,215
055 99 00 1.1 197,182,165
055 99 00 1.1 152,133,119
055 99 00 1.1 106,93,76
055 99 00 1.1 59,56,85
055 99 03 1.1 148,230,298
055 99 08 1.1 351,386,413
055 99 08 1.2 425,426,363
055 99 06 1.2 352,343,333
055 99 04 1.2 324,316,306
055 99 02 1.2 289,270,251
055 99 01 1.2 239,224,212
055 99 00 1.2 199,185,171
055 99 00 1.2 152,139,124
055 99 00 1.2 115,99,87
055 99 00 1.2 95,139,212
055 99 05 1.2 283,343,384
055 99 08 1.1 410,424,425
055 99 07 1.1 335,328,322
055 99 04 1.1 313,303,292
055 99 03 1.1 282,268,251
055 99 02 1.1 235,219,202
055 99 00 1.1 181,161,148
055 99 00 1.1 136,121,103
055 99 00 1.1 86,71,58
055 99 00 1.1 42,46,83
055 99 03 1.1 153,226,287
055 99 07 1.1 324,346,353
055 99 07 1.0 353,311,300
055 99 07 1.0 294,282,276
055 99 04 1.0 264,254,242
055 99 01 1.0 229,212,195
055 99 00 1.0 181,165,147
055 99 00 1.0 131,113,95
055 99 00 1.0 78,65,50
055 99 00 1.0 38,32,63
055 99 02 1.0 122,200,263
055 99 08 1.0 305,333,345
056 99 08 1.1 348,312,302
056 99 07 1.1 291,279,271
056 99 04 1.1 261,252,237
056 99 01 1.1 224,207,191
056 99 00 1.1 176,159,138
056 99 00 1.1 116,96,79
056 99 00 1.1 66,50,37
056 99 00 1.1 21,9,22
056 99 01 1.1 69,145,219
056 99 08 1.1 275,310,327
056 99 08 1.1 338,343,332
056 99 08 1.1 324,312,299
056 99 05 1.1 287,277,267
056 99 02 1.1 252,233,215
056 99 00 1.1 196,180,162
056 99 00 1.1 150,133,112
056 99 00 1.1 88,68,52
056 99 00 1.1 36,23,17
056 99 00 1.1 41,96,169
056 99 07 1.1 235,281,314
056 99 08 1.1 331,337,312
056 99 08 1.1 303,294,286
056 99 05 1.1 276,264,254
056 99 02 1.1 237,226,210
056 99 00 1.1 198,181,163
056 99 00 1.1 145,126,111
056 99 00 1.1 90,74,57
056 99 00 1.1 45,29,11
056 99 00 1.1 13,49,117
056 99 06 1.1 186,239,273
056 99 08 1.1 292,302,308
056 99 08 1.0 292,281,270
056 99 06 1.0 261,254,241
056 99 03 1.0 234,222,213
056 99 01 1.0 196,179,158
056 99 00 1.0 141,126,111
056 99 00 1.0 91,70,55
056 99 00 1.0 41,27,17
056 99 00 1.0 33,79,146
056 99 07 1.0 207,253,286
056 99 08 1.0 306,312,293
056 99 08 1.0 277,269,254
056 99 05 1.0 252,244,236
056 99 02 1.0 221,203,187
056 99 00 1.0 169,153,137
056 99 00 1.0 121,105,84
056 99 00 1.0 61,41,29
056 99 00 1.0 19,2,0
056 99 00 1.0 6,64,143
056 99 07 1.0 218,269,306
056 99 08 1.2 324,333,340
056 99 08 1.2 334,324,310
056 99 06 1.2 300,291,283
056 99 03 1.2 269,254,240
056 99 00 1.2 226,210,195
056 99 00 1.2 178,163,143
056 99 00 1.2 125,105,89
056 99 00 1.2 71,53,40
056 99 00 1.2 47,94,166
056 99 07 1.2 244,302,339
056 99 08 1.2 362,372,375
057 99 08 1.1 329,318,305
057 99 06 1.1 295,284,273
057 99 02 1.1 261,248,233
057 99 00 1.1 219,205,186
057 99 00 1.1 168,150,132
057 99 00 1.1 113,98,87
057 99 00 1.1 77,63,42
057 99 00 1.1 43,77,149
057 99 06 1.1 216,266,295
057 99 08 1.0 319,325,281
057 99 07 1.0 268,260,253
057 99 05 1.0 246,237,226
057 99 02 1.0 211,197,181
057 99 00 1.0 163,149,133
057 99 00 1.0 118,101,81
057 99 00 1.0 64,47,38
057 99 00 1.0 21,3,0
057 99 00 1.0 0,18,84
057 99 06 1.0 161,222,265
057 99 08 1.1 293,305,310
057 99 08 1.1 328,315,303
057 99 06 1.1 293,285,275
057 99 03 1.1 261,244,227
057 99 00 1.1 209,195,181
057 99 00 1.1 167,151,130
057 99 00 1.1 113,97,82
057 99 00 1.1 63,42,23
057 99 00 1.1 4,4,33
057 99 02 1.1 96,172,238
057 99 08 1.1 282,307,324
057 99 08 1.1 337,333,320
057 99 07 1.1 308,297,288
057 99 04 1.1 276,266,249
057 99 01 1.1 232,217,203
057 99 00 1.1 186,170,152
057 99 00 1.1 134,111,97
057 99 00 1.1 82,69,47
057 99 00 1.1 26,10,0
057 99 00 1.1 12,54,127
057 99 07 1.1 193,244,276
057 99 08 1.1 302,313,312
057 99 08 1.1 301,287,277
057 99 05 1.1 266,257,248
057 99 02 1.1 235,219,200
057 99 00 1.1 188,170,150
057 99 00 1.1 132,114,100
057 99 00 1.1 83,69,49
057 99 00 1.1 32,18,4
057 99 00 1.1 0,0,21
057 99 03 1.1 84,155,209
057 99 08 1.1 242,259,263
057 99 08 0.9 263,272,263
057 99 06 0.9 253,247,242
057 99 03 0.9 234,222,204
057 99 00 0.9 187,171,159
057 99 00 0.9 146,131,115
057 99 00 0.9 96,78,66
057 99 00 0.9 47,31,13
057 99 00 0.9 0,0,20
057 99 02 0.9 78,150,204
057 99 08 0.9 245,265,280
057 99 08 1.0 285,289,281
057 99 07 1.0 272,267,259
057 99 04 1.0 245,233,217
057 99 01 1.0 202,184,171
057 99 00 1.0 153,137,119
057 99 00 1.0 104,91,75
057 99 00 1.0 55,38,21
057 99 00 1.0 11,5,21
057 99 01 1.0 67,137,206
057 99 08 1.0 257,292,314
057 99 08 1.1 323,313,301
057 99 08 1.1 294,288,279
057 99 05 1.1 268,256,243
057 99 02 1.1 224,211,197
057 99 00 1.1 186,170,154
057 99 00 1.1 141,128,111
057 99 00 1.1 93,77,62
057 99 00 1.1 42,24,18
057 99 00 1.1 44,102,176
057 99 07 1.1 239,283,315
057 99 08 1.1 332,335,311
057 99 08 1.1 299,291,281
057 99 05 1.1 274,266,252
057 99 02 1.1 237,221,211
057 99 00 1.1 196,181,162
057 99 00 1.1 147,132,119
057 99 00 1.1 105,92,76
057 99 00 1.1 64,47,31
057 99 00 1.1 32,66,133
057 99 06 1.1 203,260,294
057 99 08 1.0 316,328,332
057 99 08 1.0 294,281,275
057 99 06 1.0 271,266,256
057 99 03 1.0 244,231,215
057 99 01 1.0 199,185,172
057 99 00 1.0 157,140,124
057 99 00 1.0 108,96,79
057 99 00 1.0 67,51,44
057 99 00 1.0 62,110,177
057 99 07 1.0 239,283,314
057 99 08 1.0 327,332,282
057 99 08 1.0 272,261,250
057 99 04 1.0 241,234,224
057 99 02 1.0 209,192,175
057 99 00 1.0 161,146,134
057 99 00 1.0 120,105,86
057 99 00 1.0 68,54,39
057 99 00 1.0 27,9,9
057 99 00 1.0 35,96,166
057 99 08 1.0 230,272,305
057 99 08 1.1 323,329,318
057 99 08 1.1 306,295,283
057 99 05 1.1 276,265,258
057 99 02 1.1 239,226,206
057 99 00 1.1 194,176,159
057 99 00 1.1 145,133,120
057 99 00 1.1 101,84,68
057 99 00 1.1 52,35,38
057 99 00 1.1 71,140,210
057 99 08 1.1 271,305,329
058 99 08 1.1 340,345,308
058 99 08 1.1 298,292,286
058 99 05 1.1 278,266,256
058 99 03 1.1 249,237,223
058 99 00 1.1 205,187,165
058 99 00 1.1 147,130,115
058 99 00 1.1 97,82,68
058 99 00 1.1 56,37,35
058 99 00 1.1 65,128,197
058 99 08 1.1 243,273,290
058 99 08 0.9 298,262,252
058 99 07 0.9 240,232,226
058 99 04 0.9 217,208,192
058 99 01 0.9 175,154,140
058 99 00 0.9 127,112,95
058 99 00 0.9 81,66,48
058 99 00 0.9 29,17,2
058 99 00 0.9 0,0,13
058 99 02 0.9 68,135,188
058 99 08 0.9 227,248,259
058 99 08 0.9 257,266,256
058 99 06 0.9 240,233,220
058 99 03 0.9 210,194,182
058 99 00 0.9 165,146,126
058 99 00 0.9 111,96,78
058 99 00 0.9 58,39,30
058 99 00 0.9 13,2,0
058 99 00 0.9 0,0,20
058 99 03 0.9 88,155,208
058 99 08 0.9 238,260,270
058 99 08 1.0 272,295,281
058 99 06 1.0 270,259,248
058 99 03 1.0 235,219,206
058 99 01 1.0 193,180,164
058 99 00 1.0 146,127,110
058 99 00 1.0 90,74,59
058 99 00 1.0 45,25,10
058 99 00 1.0 2,22,70
058 99 05 1.0 140,204,247
058 99 08 1.0 275,292,299
058 99 08 1.0 291,273,260
058 99 05 1.0 249,241,229
058 99 02 1.0 214,202,189
058 99 00 1.0 175,157,140
058 99 00 1.0 126,113,99
058 99 00 1.0 81,66,46
058 99 00 1.0 33,16,8
058 99 00 1.0 5,38,95
058 99 06 1.0 164,212,241
058 99 08 0.9 256,259,252
058 99 05 0.9 238,228,218
058 99 03 0.9 210,198,186
058 99 02 0.9 173,160,146
058 99 00 0.9 134,116,97
058 99 00 0.9 77,65,52
058 99 00 0.9 41,25,5
058 99 00 0.9 0,0,0
058 99 01 0.9 42,105,166
058 99 06 0.9 211,241,259
058 99 07 1.0 263,279,266
058 99 07 1.0 253,239,230
058 99 03 1.0 218,207,195
058 99 01 1.0 176,162,143
058 99 00 1.0 130,111,94
058 99 00 1.0 77,61,40
058 99 00 1.0 25,10,0
058 99 00 1.0 0,0,41
058 99 04 1.0 110,174,224
058 99 08 1.0 255,274,280
058 99 08 1.0 292,285,273
058 99 06 1.0 264,249,236
058 99 02 1.0 221,206,190
058 99 00 1.0 173,156,137
058 99 00 1.0 121,104,90
058 99 00 1.0 75,57,40
058 99 00 1.0 19,4,0
058 99 00 1.0 0,0,43
058 99 04 1.0 105,171,212
058 99 08 0.9 242,255,258
058 99 08 0.9 267,256,247
058 99 05 0.9 236,225,211
058 99 02 0.9 195,183,169
058 99 00 0.9 154,137,121
058 99 00 0.9 106,90,74
058 99 00 0.9 55,40,25
058 99 00 0.9 11,0,0
058 99 00 0.9 0,0,30
058 99 04 0.9 100,154,192
059 99 08 0.9 216,228,265
059 99 07 0.9 251,235,232
059 99 05 0.9 224,217,203
059 99 02 0.9 192,179,164
059 99 00 0.9 147,129,112
059 99 00 0.9 97,86,70
059 99 00 0.9 56,36,20
059 99 00 0.9 0,0,0
059 99 00 0.9 0,47,116
059 99 07 0.9 173,213,238
059 99 08 0.9 252,252,272
059 99 07 0.9 258,245,233
059 99 04 0.9 224,214,200
059 99 01 0.9 185,166,151
059 99 00 0.9 133,117,101
059 99 00 0.9 83,68,51
059 99 00 0.9 33,16,0
059 99 00 0.9 0,0,0
059 99 00 0.9 13,80,148
059 99 08 0.9 200,231,256
059 99 08 1.0 264,271,284
059 99 07 1.0 277,261,255
059 99 04 1.0 244,230,217
059 99 01 1.0 200,184,164
059 99 00 1.0 147,131,119
059 99 00 1.0 102,81,62
059 99 00 1.0 41,27,10
059 99 00 1.0 0,0,0
059 99 00 1.0 21,87,160
059 99 08 1.0 209,244,263
059 99 08 1.0 277,275,286
059 99 07 1.0 271,262,251
059 99 04 1.0 244,229,216
059 99 01 1.0 200,186,171
059 99 00 1.0 156,140,123
059 99 00 1.0 104,89,73
059 99 00 1.0 60,43,29
059 99 00 1.0 13,3,13
059 99 01 1.0 58,122,188
059 99 08 1.0 228,252,263
059 99 08 0.9 262,254,243
059 99 06 0.9 235,226,214
059 99 03 0.9 207,192,178
059 99 01 0.9 163,150,139
059 99 00 0.9 125,107,89
059 99 00 0.9 72,60,46
059 99 00 0.9 35,18,3
059 99 00 0.9 0,0,34
059 99 04 0.9 100,169,217
059 99 08 0.9 246,262,270
059 99 08 0.9 277,269,254
059 99 06 0.9 246,238,230
059 99 03 0.9 214,197,180
059 99 00 0.9 165,150,135
059 99 00 0.9 125,107,91
059 99 00 0.9 72,53,40
059 99 00 0.9 24,7,0
059 99 00 0.9 0,0,41
059 99 04 0.9 109,180,227
059 99 08 0.9 260,277,287
059 99 08 1.0 285,293,278
059 99 06 1.0 264,256,248
059 99 03 1.0 241,226,210
059 99 00 1.0 190,176,159
059 99 00 1.0 140,122,107
059 99 00 1.0 94,77,60
059 99 00 1.0 45,30,14
059 99 00 1.0 0,0,0
059 99 00 1.0 25,90,160
059 99 08 1.0 215,249,271
059 99 08 1.0 281,282,287
059 99 07 1.0 274,260,251
059 99 04 1.0 239,226,210
059 99 01 1.0 196,180,167
059 99 00 1.0 152,136,117
059 99 00 1.0 100,86,73
059 99 00 1.0 57,39,23
059 99 00 1.0 7,0,0
059 99 00 1.0 0,0,46
059 99 05 1.0 115,171,210
059 99 08 0.9 235,244,245
059 99 08 0.9 266,255,245
059 99 05 0.9 235,227,216
059 99 02 0.9 202,187,168
059 99 00 0.9 151,135,122
059 99 00 0.9 105,91,77
059 99 00 0.9 61,44,29
059 99 00 0.9 15,0,0
059 99 00 0.9 0,0,28
059 99 03 0.9 90,151,195
059 99 08 0.9 227,242,246
059 99 08 0.9 260,254,245
059 99 05 0.9 238,226,217
059 99 03 0.9 202,187,171
059 99 00 0.9 157,141,123
059 99 00 0.9 107,90,77
059 99 00 0.9 58,43,28
059 99 00 0.9 16,4,0
059 99 00 0.9 0,0,0
059 99 00 0.9 0,57,128
059 99 08 0.9 185,224,246
059 99 08 1.0 261,264,298
059 99 08 1.0 288,276,268
059 99 04 1.0 255,241,222
059 99 01 1.0 204,190,178
059 99 00 1.0 165,152,135
059 99 00 1.0 119,101,89
059 99 00 1.0 72,58,40
059 99 00 1.0 29,12,1
059 99 00 1.0 0,0,36
059 99 03 1.0 96,158,209
059 99 08 1.0 244,266,274
059 99 08 0.9 283,276,269
059 99 06 0.9 261,247,234
059 99 03 0.9 215,204,189
059 99 00 0.9 178,160,146
059 99 00 0.9 131,119,105
059 99 00 0.9 89,73,57
059 99 00 0.9 41,26,10
059 99 00 0.9 0,0,0
059 99 00 0.9 0,44,106
059 99 07 0.9 161,197,224
059 99 08 0.9 235,235,247
059 99 07 0.9 238,228,224
059 99 04 0.9 217,209,199
059 99 02 0.9 186,172,158
059 99 00 0.9 142,128,112
059 99 00 0.9 96,82,68
059 99 00 0.9 54,38,22
059 99 00 0.9 12,0,0
059 99 00 0.9 0,0,44
059 99 04 0.9 105,162,203
059 99 08 0.9 235,253,258
059 99 08 0.9 275,264,255
059 99 06 0.9 247,240,230
059 99 03 0.9 219,206,191
059 99 01 0.9 176,163,148
059 99 00 0.9 135,122,106
059 99 00 0.9 92,75,62
059 99 00 0.9 47,35,20
059 99 00 0.9 5,0,5
059 99 01 0.9 43,106,169
059 99 08 0.9 219,254,275
059 99 08 1.0 283,286,281
059 99 08 1.0 277,270,263
059 99 05 1.0 248,236,223
059 99 02 1.0 212,201,188
059 99 00 1.0 170,152,136
059 99 00 1.0 124,113,100
059 99 00 1.0 86,69,53
059 99 00 1.0 36,21,7
059 99 00 1.0 12,49,112
059 99 06 1.0 179,225,261
059 99 08 1.0 282,299,299
059 99 08 1.0 286,271,261
059 99 05 1.0 253,246,234
059 99 02 1.0 224,211,196
059 99 00 1.0 179,165,152
059 99 00 1.0 137,122,109
059 99 00 1.0 100,88,74
059 99 00 1.0 62,47,32
059 99 00 1.0 18,31,72
059 99 04 1.0 136,197,237
059 99 08 1.0 261,272,280
059 99 08 0.9 258,254,244
059 99 06 0.9 238,229,219
059 99 03 0.9 207,195,184
059 99 00 0.9 171,158,143
059 99 00 0.9 132,115,99
059 99 00 0.9 83,71,62
059 99 00 0.9 53,39,25
059 99 00 0.9 15,30,78
059 99 05 0.9 143,207,251
059 99 08 0.9 282,300,311
059 99 08 1.0 311,289,274
059 99 06 1.0 264,250,240
059 99 03 1.0 231,222,210
059 99 00 1.0 193,175,159
059 99 00 1.0 144,126,111
059 99 00 1.0 101,90,78
059 99 00 1.0 61,47,33
059 99 00 1.0 18,17,48
059 99 03 1.0 111,182,242
059 99 08 1.0 284,313,327
059 99 08 1.1 329,306,296
059 99 07 1.1 289,284,274
059 99 04 1.1 261,241,226
059 99 00 1.1 209,197,183
059 99 00 1.1 168,156,140
059 99 00 1.1 126,107,92
059 99 00 1.1 76,62,48
059 99 00 1.1 34,22,16
059 99 00 1.1 34,82,145
059 99 07 1.1 207,253,287
059 99 08 1.0 301,308,288
059 99 08 1.0 282,269,257
059 99 05 1.0 246,235,222
059 99 01 1.0 208,193,179
059 99 00 1.0 162,145,130
059 99 00 1.0 117,103,85
059 99 00 1.0 72,56,47
059 99 00 1.0 30,20,3
059 99 00 1.0 0,0,35
059 99 04 1.0 99,163,208

