177628!20191004_124024!1!0
2.48!2.51!2.39!2.34!2.24!2.28!
99!57!65!0!601
429.6 2.33 42 47

065 99 06 1.2 311,301,292
065 99 04 1.2 293,284,275
065 99 02 1.2 256,241,222
065 99 01 1.2 206,185,168
065 99 00 1.2 147,130,115
065 99 00 1.2 99,80,61
065 99 00 1.2 46,33,31
065 99 00 1.2 57,124,206
065 99 06 1.2 275,316,339
064 99 08 1.2 349,354,318
064 99 06 1.2 306,291,280
064 99 04 1.2 270,253,236
064 99 02 1.2 221,207,190
064 99 00 1.2 169,150,134
064 99 00 1.2 116,99,79
064 99 00 1.2 63,45,27
064 99 00 1.2 11,15,55
064 99 01 1.2 124,198,248
064 99 06 1.0 275,292,294
064 99 07 1.0 279,261,247
064 99 05 1.0 237,229,222
064 99 03 1.0 209,192,168
064 99 00 1.0 149,131,117
064 99 00 1.0 103,82,62
064 99 00 1.0 40,22,3
064 99 00 1.0 0,0,8
064 99 00 1.0 63,134,189
064 99 08 1.0 227,245,254
064 99 08 1.0 265,253,239
064 99 06 1.0 230,222,211
064 99 03 1.0 203,187,173
064 99 00 1.0 152,135,115
064 99 00 1.0 100,88,72
064 99 00 1.0 55,36,20
064 99 00 1.0 2,1,34
064 99 01 1.0 109,191,262
064 99 08 1.0 300,327,343
064 99 08 1.3 349,347,332
064 99 08 1.3 320,312,304
064 99 05 1.3 294,278,261
064 99 01 1.3 242,226,211
064 99 00 1.3 191,171,150
064 99 00 1.3 132,109,89
064 99 00 1.3 73,59,67
064 99 00 1.3 114,197,279
064 99 08 1.3 342,385,419
064 99 08 1.4 439,444,377
064 99 07 1.4 360,345,333
064 99 04 1.4 323,309,291
064 99 02 1.4 271,249,229
064 99 00 1.4 212,200,185
064 99 00 1.4 170,146,123
064 99 00 1.4 100,83,65
064 99 00 1.4 47,48,89
064 99 01 1.4 166,249,316
064 99 07 1.4 359,389,405
064 99 08 1.3 405,350,335
064 99 05 1.3 318,302,284
064 99 03 1.3 270,252,237
064 99 01 1.3 221,203,183
064 99 00 1.3 156,138,120
064 99 00 1.3 104,80,55
064 99 00 1.3 32,14,0
064 99 00 1.3 0,0,24
064 99 01 1.3 94,174,234
064 99 07 1.3 272,291,303
064 99 07 1.2 305,317,300
064 99 04 1.2 281,268,252
064 99 02 1.2 241,219,199
064 99 01 1.2 175,157,139
064 99 00 1.2 119,101,77
064 99 00 1.2 54,29,10
064 99 00 1.2 0,0,0
064 99 00 1.2 0,0,0
064 99 01 1.2 59,128,173
064 99 06 1.0 201,213,216
064 99 07 1.0 277,265,247
064 99 05 1.0 234,219,207
064 99 01 1.0 190,178,159
064 99 00 1.0 142,122,107
064 99 00 1.0 89,69,47
064 99 00 1.0 28,12,0
064 99 00 1.0 0,0,0
064 99 00 1.0 0,36,116
064 99 07 1.0 174,210,226
064 99 08 1.0 237,290,284
064 99 07 1.0 269,255,242
064 99 04 1.0 231,215,194
064 99 00 1.0 173,155,139
064 99 00 1.0 121,105,86
064 99 00 1.0 67,46,28
064 99 00 1.0 10,0,0
064 99 00 1.0 0,0,0
064 99 00 1.0 6,80,153
064 99 07 1.0 206,238,258
064 99 08 1.1 266,312,302
064 99 07 1.1 284,270,259
064 99 04 1.1 250,234,220
064 99 01 1.1 198,182,164
064 99 00 1.1 145,129,107
064 99 00 1.1 87,63,44
064 99 00 1.1 28,9,0
064 99 00 1.1 0,0,0
064 99 00 1.1 0,71,147
064 99 07 1.1 206,244,266
063 99 08 1.1 275,275,306
063 99 08 1.1 290,274,266
063 99 04 1.1 255,240,221
063 99 01 1.1 202,181,159
063 99 00 1.1 136,116,100
063 99 00 1.1 84,66,45
063 99 00 1.1 24,3,0
063 99 00 1.1 0,0,0
063 99 00 1.1 0,0,56
063 99 05 1.1 127,174,199
063 99 08 1.1 211,215,293
063 99 07 1.1 279,262,249
063 99 04 1.1 242,230,218
063 99 01 1.1 200,185,169
063 99 00 1.1 150,130,109
063 99 00 1.1 94,76,59
063 99 00 1.1 37,16,0
063 99 00 1.1 0,0,0
063 99 00 1.1 0,0,42
063 99 04 1.1 119,181,213
063 99 08 1.1 232,240,237
063 99 08 1.1 293,281,268
063 99 05 1.1 260,248,235
063 99 02 1.1 221,204,186
063 99 00 1.1 165,148,128
063 99 00 1.1 113,92,72
063 99 00 1.1 48,28,11
063 99 00 1.1 0,0,0
063 99 00 1.1 0,0,0
063 99 01 1.1 63,147,214
063 99 08 1.1 257,284,293
061 99 08 1.3 294,340,333
061 99 08 1.3 322,312,298
061 99 04 1.3 286,271,253
061 99 01 1.3 234,215,197
061 99 00 1.3 181,166,150
061 99 00 1.3 128,104,85
061 99 00 1.3 65,50,33
061 99 00 1.3 17,0,0
061 99 00 1.3 17,82,167
061 99 07 1.3 240,288,321
061 99 08 1.3 339,349,348
061 99 06 1.3 337,322,315
061 99 04 1.3 304,295,284
061 99 02 1.3 269,253,232
061 99 01 1.3 212,193,175
061 99 00 1.3 159,140,120
061 99 00 1.3 97,78,57
061 99 00 1.3 41,27,15
061 99 00 1.3 0,0,38
061 99 01 1.3 112,193,256
061 99 07 1.3 294,311,318
061 99 07 1.1 317,316,307
061 99 05 1.1 299,288,280
061 99 03 1.1 271,257,244
061 99 02 1.1 229,214,194
061 99 00 1.1 176,157,135
061 99 00 1.1 114,97,79
061 99 00 1.1 61,39,25
061 99 00 1.1 10,0,0
061 99 00 1.1 28,103,189
061 99 06 1.1 257,300,327
060 99 08 1.3 345,351,354
060 99 06 1.3 338,324,315
060 99 04 1.3 309,300,289
060 99 03 1.3 277,256,239
060 99 01 1.3 219,208,191
060 99 00 1.3 175,153,130
060 99 00 1.3 113,96,82
060 99 00 1.3 63,47,29
060 99 00 1.3 23,46,111
060 99 03 1.3 201,283,339
060 99 08 1.3 373,400,414
060 99 08 1.4 420,386,378
060 99 06 1.4 367,361,351
060 99 04 1.4 343,331,320
060 99 02 1.4 306,289,270
060 99 01 1.4 252,237,220
060 99 00 1.4 201,182,168
060 99 00 1.4 150,134,114
060 99 00 1.4 96,78,88
060 99 00 1.4 134,213,296
060 99 06 1.4 360,406,430
060 99 08 1.3 448,450,365
060 99 06 1.3 351,343,338
060 99 04 1.3 329,315,299
060 99 02 1.3 282,266,246
060 99 01 1.3 228,206,188
060 99 00 1.3 170,149,129
060 99 00 1.3 109,93,73
060 99 00 1.3 55,37,18
060 99 00 1.3 16,51,122
060 99 03 1.3 203,266,306
060 99 07 1.2 329,341,341
060 99 06 1.2 316,301,287
060 99 04 1.2 281,273,264
060 99 02 1.2 250,236,222
060 99 01 1.2 207,192,171
060 99 00 1.2 153,135,123
060 99 00 1.2 103,85,67
060 99 00 1.2 51,34,15
060 99 00 1.2 1,13,63
060 99 02 1.2 140,222,284
060 99 08 1.2 331,361,379
060 99 08 1.4 384,382,378
060 99 06 1.4 371,364,354
060 99 04 1.4 340,325,313
060 99 02 1.4 300,285,267
060 99 01 1.4 252,236,221
060 99 00 1.4 202,187,172
060 99 00 1.4 154,139,122
060 99 00 1.4 108,91,91
060 99 00 1.4 123,192,274
060 99 06 1.4 346,399,432
060 99 08 1.3 450,452,361
060 99 06 1.3 348,338,327
060 99 04 1.3 317,307,295
060 99 03 1.3 281,261,246
060 99 01 1.3 229,215,195
060 99 00 1.3 176,165,150
060 99 00 1.3 134,111,89
060 99 00 1.3 67,48,31
060 99 00 1.3 17,20,58
060 99 01 1.3 129,208,270
060 99 07 1.3 313,341,361
060 99 08 1.3 364,342,331
060 99 05 1.3 320,311,297
060 99 03 1.3 284,270,254
060 99 02 1.3 238,218,199
060 99 00 1.3 180,161,140
060 99 00 1.3 120,98,79
060 99 00 1.3 60,44,27
060 99 00 1.3 7,0,0
060 99 00 1.3 0,0,58
060 99 03 1.3 135,192,228
060 99 07 1.1 249,262,262
060 99 07 1.1 297,282,269
060 99 05 1.1 259,250,241
060 99 03 1.1 226,212,197
060 99 00 1.1 181,163,143
060 99 00 1.1 122,105,87
060 99 00 1.1 70,46,27
060 99 00 1.1 9,0,0
060 99 00 1.1 0,0,0
060 99 00 1.1 7,87,160
060 99 08 1.1 212,244,264
060 99 08 1.2 276,274,327
060 99 08 1.2 312,301,293
060 99 05 1.2 284,273,258
060 99 02 1.2 242,224,208
060 99 00 1.2 191,172,152
060 99 00 1.2 134,116,98
060 99 00 1.2 80,60,43
060 99 00 1.2 20,1,0
060 99 00 1.2 0,0,31
060 99 02 1.2 110,189,247
060 99 08 1.2 285,309,320
058 99 08 1.2 321,342,330
058 99 07 1.2 315,309,300
058 99 04 1.2 293,276,255
058 99 01 1.2 237,223,209
058 99 00 1.2 194,173,154
058 99 00 1.2 133,113,93
058 99 00 1.2 71,49,33
058 99 00 1.2 15,0,0
058 99 00 1.2 0,30,106
058 99 05 1.2 186,244,282
058 99 08 1.2 306,320,319
058 99 08 1.2 327,316,307
058 99 06 1.2 300,288,272
058 99 03 1.2 259,245,231
058 99 00 1.2 209,192,178
058 99 00 1.2 164,146,126
058 99 00 1.2 107,84,65
058 99 00 1.2 48,36,16
058 99 00 1.2 0,0,22
058 99 00 1.2 82,154,213
058 99 08 1.2 253,276,290
058 99 08 1.0 288,286,275
058 99 07 1.0 262,249,236
058 99 03 1.0 222,206,192
058 99 00 1.0 177,163,147
058 99 00 1.0 134,119,105
058 99 00 1.0 89,77,65
058 99 00 1.0 56,40,26
058 99 00 1.0 13,5,0
058 99 00 1.0 8,60,147
058 99 07 1.0 229,292,330
058 99 08 1.0 360,374,381
057 99 07 1.4 377,366,354
057 99 05 1.4 349,343,335
057 99 03 1.4 322,309,295
057 99 02 1.4 280,263,247
057 99 01 1.4 231,219,206
057 99 00 1.4 190,169,149
057 99 00 1.4 130,112,92
057 99 00 1.4 76,69,96
057 99 01 1.4 161,243,313
057 99 07 1.4 362,393,415
057 99 08 1.3 423,424,345
057 99 06 1.3 334,323,313
057 99 04 1.3 299,283,267
057 99 02 1.3 253,235,217
057 99 00 1.3 197,179,162
057 99 00 1.3 142,122,105
057 99 00 1.3 87,70,48
057 99 00 1.3 28,6,0
057 99 00 1.3 0,1,68
057 99 02 1.3 147,209,247
057 99 07 1.1 274,287,286
057 99 08 1.1 298,283,270
057 99 05 1.1 263,257,245
057 99 03 1.1 231,211,196
057 99 00 1.1 176,159,138
057 99 00 1.1 116,94,76
057 99 00 1.1 55,36,14
057 99 00 1.1 0,0,0
057 99 00 1.1 0,0,0
057 99 01 1.1 59,140,202
057 99 08 1.1 245,273,291
057 99 08 1.3 295,346,332
057 99 08 1.3 324,314,307
057 99 05 1.3 294,281,268
057 99 01 1.3 250,233,211
057 99 00 1.3 192,174,154
057 99 00 1.3 135,113,94
057 99 00 1.3 76,60,44
057 99 00 1.3 24,9,9
057 99 00 1.3 45,121,205
057 99 07 1.3 274,317,344
057 99 08 1.3 366,372,364
057 99 07 1.3 351,342,335
057 99 04 1.3 327,312,293
057 99 02 1.3 276,262,246
057 99 01 1.3 227,207,189
057 99 00 1.3 169,151,129
057 99 00 1.3 104,81,57
057 99 00 1.3 38,15,0
057 99 00 1.3 0,32,99
057 99 03 1.3 184,249,291
057 99 07 1.3 314,330,335
057 99 07 1.2 333,317,303
057 99 04 1.2 288,279,268
057 99 02 1.2 256,236,218
057 99 01 1.2 201,185,164
057 99 00 1.2 141,123,100
057 99 00 1.2 83,58,42
057 99 00 1.2 24,8,0
057 99 00 1.2 0,17,86
057 99 03 1.2 160,216,247
057 99 07 1.0 267,278,279
057 99 07 1.0 283,271,258
057 99 05 1.0 248,238,226
057 99 02 1.0 211,196,182
057 99 00 1.0 166,143,121
057 99 00 1.0 102,87,72
057 99 00 1.0 54,40,23
057 99 00 1.0 7,0,0
057 99 00 1.0 2,66,152
057 99 07 1.0 229,284,322
057 99 08 1.3 346,355,372
057 99 07 1.3 365,356,352
057 99 05 1.3 342,333,323
057 99 03 1.3 307,287,270
057 99 01 1.3 255,241,222
057 99 00 1.3 204,190,172
057 99 00 1.3 152,132,117
057 99 00 1.3 100,82,75
057 99 00 1.3 107,174,261
057 99 06 1.3 335,387,419
057 99 08 1.4 444,454,458
057 99 07 1.4 371,358,350
057 99 05 1.4 341,332,315
057 99 03 1.4 302,286,270
057 99 01 1.4 250,234,216
057 99 00 1.4 199,181,163
057 99 00 1.4 146,128,108
057 99 00 1.4 88,67,54
057 99 00 1.4 65,116,197
057 99 04 1.4 273,331,370
057 99 08 1.3 398,414,414
057 99 07 1.3 349,332,324
057 99 04 1.3 318,305,284
057 99 02 1.3 266,250,230
057 99 01 1.3 210,186,169
057 99 00 1.3 150,135,116
057 99 00 1.3 97,70,45
057 99 00 1.3 18,0,0
057 99 00 1.3 0,0,35
057 99 01 1.3 109,175,218
057 99 06 1.3 243,259,265
057 99 07 1.1 297,282,263
057 99 05 1.1 251,241,233
057 99 03 1.1 216,197,178
057 99 00 1.1 164,147,126
057 99 00 1.1 104,85,67
057 99 00 1.1 42,20,0
057 99 00 1.1 0,0,0
057 99 00 1.1 0,0,7
057 99 02 1.1 87,153,201
057 99 08 1.1 226,242,246
057 99 08 1.1 308,294,275
057 99 06 1.1 260,247,236
057 99 02 1.1 224,210,199
057 99 00 1.1 186,170,155
057 99 00 1.1 136,118,101
057 99 00 1.1 88,72,53
057 99 00 1.1 36,20,4
057 99 00 1.1 0,0,17
057 99 01 1.1 87,169,235
057 99 08 1.1 276,305,326
057 99 08 1.2 333,345,329
057 99 08 1.2 314,306,295
057 99 05 1.2 283,266,252
057 99 01 1.2 238,221,201
057 99 00 1.2 182,161,139
057 99 00 1.2 115,92,72
057 99 00 1.2 52,38,19
057 99 00 1.2 3,0,0
057 99 00 1.2 12,83,158
057 99 07 1.2 217,252,274
057 99 08 1.1 289,290,302
057 99 07 1.1 284,270,260
057 99 04 1.1 246,231,213
057 99 01 1.1 194,173,152
057 99 00 1.1 131,109,90
057 99 00 1.1 73,57,36
057 99 00 1.1 12,0,0
057 99 00 1.1 0,0,0
057 99 00 1.1 0,31,99
057 99 07 1.1 151,182,200
057 99 08 1.0 204,268,249
057 99 06 1.0 225,208,196
057 99 02 1.0 185,165,147
057 99 00 1.0 126,105,81
057 99 00 1.0 57,34,10
057 99 00 1.0 0,0,0
057 99 00 1.0 0,0,0
057 99 00 1.0 0,0,0
057 99 01 1.0 0,26,53
058 99 07 0.8 62,209,196
058 99 03 0.8 176,155,142
058 99 01 0.8 130,119,101
058 99 00 0.8 83,70,52
058 99 00 0.8 35,13,0
058 99 00 0.8 0,0,0
058 99 00 0.8 0,0,0
058 99 00 0.8 0,0,0
058 99 01 0.8 0,56,95
058 99 05 0.9 113,119,120
058 99 05 0.9 241,227,207
058 99 02 0.9 194,182,176
058 99 02 0.9 162,149,128
058 99 01 0.9 110,90,74
058 99 01 0.9 60,43,27
058 99 01 0.9 7,0,0
058 99 00 0.9 0,0,0
058 99 00 0.9 0,0,30
058 99 03 0.9 113,175,216
058 99 05 0.9 247,266,275
058 99 05 1.3 349,334,314
058 99 04 1.3 304,290,279
058 99 03 1.3 265,249,232
058 99 01 1.3 211,192,168
058 99 00 1.3 147,125,103
058 99 00 1.3 81,60,40
058 99 00 1.3 18,0,0
058 99 00 1.3 0,0,10
058 99 01 1.3 84,169,236
058 99 07 1.3 284,315,340
058 99 08 1.4 351,353,377
058 99 06 1.4 363,352,342
058 99 04 1.4 331,317,303
058 99 02 1.4 287,272,253
058 99 01 1.4 239,220,207
058 99 00 1.4 188,176,157
058 99 00 1.4 137,117,100
058 99 00 1.4 84,67,49
058 99 00 1.4 50,88,160
058 99 04 1.4 239,296,339
058 99 08 1.2 364,380,332
058 99 06 1.2 320,301,284
058 99 03 1.2 263,248,232
058 99 02 1.2 217,199,178
058 99 00 1.2 158,136,113
058 99 00 1.2 91,71,53
058 99 00 1.2 34,14,0
058 99 00 1.2 0,0,0
058 99 00 1.2 0,0,0
058 99 00 1.2 0,0,50
058 99 04 1.2 104,144,167
058 99 06 1.0 182,182,287
058 99 07 1.0 265,247,229
058 99 03 1.0 212,194,176
058 99 00 1.0 160,139,120
058 99 00 1.0 96,79,58
058 99 00 1.0 43,24,4
058 99 00 1.0 0,0,0
058 99 00 1.0 0,0,0
058 99 00 1.0 0,0,0
058 99 00 1.0 0,30,79
058 99 08 0.9 105,114,119
058 99 08 0.9 255,246,230
058 99 04 0.9 215,197,186
058 99 01 0.9 173,158,141
058 99 00 0.9 124,108,89
058 99 00 0.9 74,58,38
058 99 00 0.9 13,0,0
058 99 00 0.9 0,0,0
058 99 00 0.9 0,0,0
058 99 00 0.9 0,46,107
058 99 08 0.9 147,171,183
059 99 08 1.0 184,276,264
059 99 06 1.0 250,235,225
059 99 03 1.0 211,198,179
059 99 00 1.0 163,144,128
059 99 00 1.0 107,88,68
059 99 00 1.0 50,35,20
059 99 00 1.0 5,0,0
059 99 00 1.0 0,0,0
059 99 00 1.0 0,50,125
059 99 07 1.0 182,221,239
059 99 08 1.1 250,249,309
059 99 08 1.1 296,284,273
059 99 05 1.1 264,252,239
059 99 01 1.1 221,205,185
059 99 00 1.1 168,151,136
059 99 00 1.1 121,106,90
059 99 00 1.1 76,62,48
059 99 00 1.1 32,17,16
059 99 00 1.1 50,116,194
059 99 07 1.1 256,300,325
059 99 08 1.1 341,342,323
059 99 08 1.1 309,298,289
059 99 06 1.1 278,265,253
059 99 03 1.1 241,227,206
059 99 00 1.1 184,167,151
059 99 00 1.1 139,115,100
059 99 00 1.1 81,68,51
059 99 00 1.1 32,13,11
059 99 00 1.1 45,114,188
059 99 07 1.1 244,278,299
060 99 08 1.0 309,308,283
060 99 07 1.0 267,250,242
060 99 04 1.0 234,226,214
060 99 01 1.0 203,184,167
060 99 00 1.0 146,131,112
060 99 00 1.0 94,80,64
060 99 00 1.0 50,32,20
060 99 00 1.0 11,24,67
060 99 02 1.0 134,204,252
060 99 08 1.0 285,296,303
060 99 08 1.0 285,275,261
060 99 06 1.0 252,241,232
060 99 03 1.0 217,205,187
060 99 00 1.0 168,149,129
060 99 00 1.0 114,100,85
060 99 00 1.0 70,54,41
060 99 00 1.0 20,3,0
060 99 00 1.0 32,96,173
060 99 07 1.0 237,278,304
060 99 08 1.1 321,326,321
060 99 08 1.1 306,289,278
060 99 05 1.1 267,258,240
060 99 01 1.1 222,203,191
060 99 00 1.1 175,156,135
060 99 00 1.1 118,99,85
060 99 00 1.1 70,54,36
060 99 00 1.1 19,20,50
060 99 01 1.1 112,188,250
060 99 08 1.1 293,317,329
060 99 08 1.1 329,299,284
060 99 07 1.1 269,256,245
060 99 03 1.1 232,217,202
060 99 00 1.1 183,165,145
060 99 00 1.1 124,102,84
060 99 00 1.1 67,50,31
060 99 00 1.1 13,0,0
060 99 00 1.1 0,0,60
060 99 03 1.1 133,188,225
060 99 08 1.0 246,256,254
060 99 08 1.0 267,247,229
060 99 04 1.0 213,203,189
060 99 01 1.0 176,156,138
060 99 00 1.0 114,93,73
060 99 00 1.0 61,50,36
060 99 00 1.0 16,0,0
060 99 00 1.0 0,0,0
060 99 00 1.0 28,96,151
060 99 08 1.0 187,205,211
060 99 08 0.9 257,241,224
060 99 05 0.9 206,196,182
060 99 02 0.9 165,149,133
060 99 00 0.9 116,93,76
060 99 00 0.9 60,43,22
060 99 00 0.9 3,0,0

