176927!20190918_010402!0!0
2.91!2.87!2.83!2.92!2.57!2.87!
87!30!48!2070!111
276.0 2.81 236 214

042 93 00 15.7 1139,1721,3008
042 93 04 15.7 4525,5568,5998
042 93 03 15.7 6118,4955,4747
042 93 07 15.7 4425,4135,4010
042 93 07 15.7 4030,4065,4017
042 93 06 15.7 3866,3640,3361
042 93 00 15.7 3061,2770,2512
042 93 00 15.7 2291,2088,1872
042 93 00 15.7 1632,1371,1108
042 93 00 15.7 862,636,432
042 93 00 15.7 226,11,0
042 93 00 15.7 0,0,0
042 93 00 15.7 0,0,0
042 93 00 15.7 0,0,0
042 93 00 15.7 0,0,0
042 93 00 15.7 0,0,0
042 93 00 15.7 0,0,0
042 93 01 15.7 0,0,0
042 93 00 15.7 0,0,0
042 93 03 15.7 0,823,3170
039 93 04 25.1 4133,4359,9193
039 93 05 25.1 8972,8673,8439
039 93 04 25.1 8400,8508,8612
039 93 06 25.1 8604,8476,8270
039 93 01 25.1 8009,7729,7453
039 93 01 25.1 7205,6983,6790
039 93 00 25.1 6635,6513,6424
039 93 00 25.1 6324,6198,6025
039 93 00 25.1 5868,6116,7104
039 93 03 25.1 8551,9828,10490
039 93 07 15.9 10735,10780,4797
039 93 05 15.9 4523,4200,3990
039 93 06 15.9 3956,4006,4014
039 93 05 15.9 3927,3754,3518
039 93 02 15.9 3236,2943,2673
039 93 00 15.9 2456,2260,2069
039 93 00 15.9 1852,1623,1386
039 93 00 15.9 1158,945,750
039 93 00 15.9 565,368,154
039 93 00 15.9 0,0,0
039 93 00 15.9 0,0,0
039 93 00 15.9 0,0,0
039 93 00 15.9 0,0,0
039 93 00 15.9 0,0,0
039 93 00 15.9 0,0,0
039 93 00 15.9 0,0,0
039 93 00 15.9 0,0,0
039 93 00 15.9 0,0,0
039 93 06 15.9 2274,3444,3756
039 93 04 24.2 3736,8452,8158
039 93 06 24.2 7903,7824,7901
039 93 05 24.2 8008,8020,7918
039 93 04 24.2 7727,7483,7217
039 93 04 24.2 6951,6695,6468
039 93 00 24.2 6269,6107,5973
039 93 00 24.2 5863,5767,5648
039 93 00 24.2 5494,5293,5179
039 93 00 24.2 5624,6770,8211
039 93 06 24.2 9263,9709,9806
041 93 08 15.1 4556,4337,4023
041 93 07 15.1 3747,3632,3657
041 93 06 15.1 3696,3665,3538
041 93 06 15.1 3336,3070,2778
041 93 00 15.1 2483,2234,2025
041 93 00 15.1 1851,1663,1455
041 93 00 15.1 1220,975,733
041 93 00 15.1 506,297,95
041 93 00 15.1 0,0,0
041 93 00 15.1 0,0,0
041 93 00 15.1 0,0,0
041 93 00 15.1 0,0,0
041 93 00 15.1 0,0,0
041 93 00 15.1 0,0,0
041 93 00 15.1 0,0,0
041 93 00 15.1 0,0,0
041 93 00 15.1 0,0,0
041 93 04 15.1 0,244,2364
041 93 06 24.1 3219,3393,8579
041 93 08 24.1 8352,8066,7865
041 93 05 24.1 7844,7951,8036
041 93 06 24.1 8012,7867,7647
041 93 05 24.1 7385,7115,6854
041 93 01 24.1 6622,6413,6236
041 93 00 24.1 6075,5939,5816
041 93 00 24.1 5695,5554,5373
041 93 00 24.1 5176,5201,5917
041 93 02 24.1 7246,8646,9498
041 93 04 15.4 9809,9867,4648
041 93 06 15.4 4414,4095,3847
041 93 04 15.4 3767,3805,3831
041 93 05 15.4 3767,3609,3386
041 93 02 15.4 3122,2843,2577
041 93 01 15.4 2346,2150,1967
041 93 00 15.4 1766,1541,1305
041 93 00 15.4 1072,851,644
041 93 00 15.4 449,251,38
041 93 00 15.4 0,0,0
041 93 00 15.4 0,0,0
041 93 00 15.4 0,0,0
041 93 00 15.4 0,0,0
041 93 00 15.4 0,0,0
041 93 00 15.4 0,0,0
041 93 00 15.4 0,0,0
041 93 01 15.4 0,0,0
041 93 00 15.4 0,0,0
041 93 04 15.4 471,2500,3264
041 93 07 23.5 3378,8335,8079
041 93 06 23.5 7788,7605,7616
041 93 07 23.5 7734,7815,7774
041 93 08 23.5 7624,7396,7126
041 93 08 23.5 6846,6577,6332
041 93 00 23.5 6116,5928,5767
041 93 00 23.5 5624,5504,5384
041 93 01 23.5 5251,5079,4875
041 93 00 23.5 4767,5253,6471
041 93 02 23.5 7976,9056,9489
041 93 07 15.5 9586,4758,4548
041 93 05 15.5 4233,3947,3825
041 93 05 15.5 3844,3890,3862
041 93 06 15.5 3740,3540,3284
041 93 00 15.5 2995,2710,2459
041 93 00 15.5 2254,2066,1869
041 93 00 15.5 1648,1414,1179
041 93 00 15.5 955,741,538
041 93 00 15.5 331,124,0
041 93 00 15.5 0,0,0
041 93 00 15.5 0,0,0
041 93 00 15.5 0,0,0
041 93 00 15.5 0,0,0
041 93 00 15.5 0,0,0
041 93 00 15.5 0,0,0
041 93 01 15.5 0,0,0
041 93 00 15.5 0,0,0
041 93 00 15.5 0,0,0
041 93 07 15.5 1759,3427,3973
041 93 08 24.8 3985,8688,8386
041 93 03 24.8 8113,7978,8002
041 93 05 24.8 8103,8126,8025
041 93 03 24.8 7810,7508,7149
041 93 04 24.8 6754,6389,6074
041 93 00 24.8 5836,5642,5507
041 93 00 24.8 5596,6125,6945
041 93 03 24.8 7631,7801,7456
041 93 05 24.8 6796,6063,5467
041 93 01 24.8 5128,5045,5119
041 93 00 24.8 5225,5226,5078
041 93 00 24.8 4801,4455,4095
041 93 00 24.8 3749,3430,3133
041 93 00 24.8 2846,2566,2290
041 93 01 24.8 2026,1756,1494
041 93 00 24.8 1232,992,768
041 93 00 24.8 557,355,155
041 93 01 24.8 0,0,654
041 93 02 24.8 2673,5256,7229
039 93 04 23.2 8063,8289,8345
039 93 05 23.2 8085,7740,7487
039 93 03 23.2 7424,7491,7549
039 93 04 23.2 7501,7337,7081
039 93 04 23.2 6771,6438,6120
039 93 01 23.2 5839,5608,5470
039 93 01 23.2 5608,6116,6802
039 93 04 23.2 7286,7313,6919
039 93 03 23.2 6264,5580,5038
039 93 00 23.2 4739,4630,4609
039 93 00 23.2 4564,4430,4214
039 93 00 23.2 3938,3633,3319
039 93 00 23.2 3011,2721,2442
039 93 00 23.2 2177,1920,1682
039 93 02 23.2 1453,1232,1018
039 93 00 23.2 810,607,419
039 93 00 23.2 237,64,0
039 93 01 23.2 0,164,1869
039 93 04 23.2 4334,6580,7632
039 93 05 22.4 7912,8077,7804
039 93 04 22.4 7451,7195,7148
039 93 05 22.4 7245,7332,7306
039 93 04 22.4 7162,6923,6623
039 93 03 22.4 6294,5971,5673
039 93 01 22.4 5433,5401,5756
039 93 02 22.4 6417,7019,7196
039 93 05 22.4 6884,6270,5596
039 93 00 22.4 5054,4738,4632
039 93 00 22.4 4641,4633,4519
039 93 00 22.4 4301,4032,3736
039 93 01 22.4 3439,3147,2871
039 93 01 22.4 2604,2352,2109
039 93 00 22.4 1878,1648,1427
039 93 00 22.4 1218,1016,820
039 93 00 22.4 626,438,261
039 93 01 22.4 81,0,0
039 93 00 22.4 1247,3586,6205
039 93 04 22.4 7812,8408,8530
039 93 04 23.6 8530,8254,7948
039 93 04 23.6 7779,7803,7910
039 93 03 23.6 7954,7874,7689
039 93 06 23.6 7435,7149,6854
039 93 02 23.6 6568,6297,6058
039 93 00 23.6 5867,5694,5494
039 93 00 23.6 5231,4934,4626
039 93 00 23.6 4334,4057,3797
039 93 01 23.6 3557,3317,3075
039 93 00 23.6 2826,2582,2344
039 93 00 23.6 2107,1878,1658
039 93 00 23.6 1447,1238,1039
039 93 00 23.6 847,658,479
039 93 01 23.6 302,131,0
039 93 00 23.6 0,0,0
039 93 00 23.6 0,0,0
039 93 00 23.6 0,2083,4799
039 93 05 23.6 6969,7891,8111
037 93 04 23.8 8787,8508,8203
037 93 04 23.8 8043,8065,8172
037 93 05 23.8 8218,8151,7976
037 93 05 23.8 7734,7449,7153
037 93 03 23.8 6848,6560,6329
037 93 01 23.8 6230,6265,6326
037 93 00 23.8 6243,5959,5545
037 93 00 23.8 5131,4771,4469
037 93 00 23.8 4209,3961,3714
037 93 00 23.8 3460,3209,2961
037 93 00 23.8 2720,2486,2266
037 93 00 23.8 2052,1842,1639
037 93 00 23.8 1437,1249,1062
037 93 00 23.8 892,729,579
037 93 00 23.8 435,288,154
037 93 00 23.8 19,0,0
037 93 00 23.8 886,2964,5491
037 93 04 23.8 7298,8020,8124
037 93 04 22.0 8051,7775,7585
037 93 06 22.0 7591,7731,7845
037 93 06 22.0 7835,7685,7452
037 93 05 22.0 7169,6859,6532
037 93 03 22.0 6211,5939,5840
037 93 00 22.0 6015,6410,6768
037 93 07 22.0 6842,6580,6124
037 93 00 22.0 5644,5254,4973
037 93 00 22.0 4775,4609,4437
037 93 00 22.0 4234,4003,3749
037 93 00 22.0 3490,3229,2970
037 93 00 22.0 2717,2478,2258
037 93 00 22.0 2044,1835,1634
037 93 00 22.0 1446,1258,1074
037 93 01 22.0 900,731,577
037 93 00 22.0 438,447,1403
037 93 03 22.0 3478,6030,7894
037 93 06 23.2 8739,8993,8930
037 93 07 23.2 8322,8125,8061
037 93 05 23.2 8105,8138,8073
037 93 08 23.2 7883,7602,7273
037 93 05 23.2 6933,6610,6307
037 93 00 23.2 6025,5782,5576
037 93 00 23.2 5390,5187,4959
037 93 00 23.2 4701,4421,4136
037 93 00 23.2 3864,3608,3361
037 93 00 23.2 3113,2870,2627
037 93 00 23.2 2395,2171,1959
037 93 00 23.2 1751,1557,1370
037 93 00 23.2 1192,1016,843
037 93 00 23.2 672,508,360
037 93 00 23.2 216,82,0
037 93 01 23.2 0,0,0
037 93 00 23.2 0,1216,3153
037 93 08 23.2 5182,6524,7228
036 93 06 20.9 7479,7476,7698
036 93 07 20.9 7595,7577,7625
036 93 07 20.9 7658,7622,7506
036 93 06 20.9 7328,7114,6883
036 93 08 20.9 6660,6456,6281
036 93 00 20.9 6138,6015,5871
036 93 00 20.9 5671,5420,5143
036 93 01 20.9 4875,4628,4405
036 93 00 20.9 4200,4003,3800
036 93 00 20.9 3590,3376,3158
036 93 00 20.9 2938,2722,2519
036 93 00 20.9 2327,2139,1954
036 93 00 20.9 1771,1596,1427
036 93 00 20.9 1262,1100,941
036 93 00 20.9 794,649,526
036 93 01 20.9 522,1233,2884
036 93 05 20.9 5021,6747,7653
036 93 05 20.5 8014,8073,7494
036 93 06 20.5 7375,7339,7397
036 93 06 20.5 7475,7494,7423
036 93 06 20.5 7279,7091,6882
036 93 05 20.5 6671,6475,6328
036 93 01 20.5 6306,6490,6849
036 93 08 20.5 7222,7405,7300
036 93 05 20.5 6944,6471,6051
036 93 00 20.5 5810,5751,5787
036 93 00 20.5 5801,5737,5595
036 93 00 20.5 5397,5176,4939
036 93 00 20.5 4700,4455,4219
036 93 00 20.5 3996,3787,3589
036 93 00 20.5 3392,3202,3015
036 93 00 20.5 2839,2664,2486
036 93 00 20.5 2307,2213,2684
036 93 03 20.5 4004,5792,7290
036 93 06 20.5 8080,8398,8477
036 93 06 18.0 6182,6028,5925
036 93 06 18.0 5933,5998,6022
036 93 06 18.0 5963,5832,5653
036 93 06 18.0 5451,5242,5037
036 93 01 18.0 4848,4698,4619
036 93 00 18.0 4633,4693,4686
036 93 00 18.0 4513,4183,3783
036 93 00 18.0 3420,3153,2982
036 93 00 18.0 2861,2744,2601
036 93 00 18.0 2428,2219,1995
036 93 00 18.0 1770,1543,1321
036 93 00 18.0 1100,893,689
036 93 00 18.0 492,294,100
036 93 00 18.0 0,0,0
036 93 00 18.0 0,0,0
036 93 00 18.0 0,0,1457
036 93 06 18.0 3485,5011,5784
034 93 06 20.0 6101,6169,7074
034 93 06 20.0 6891,6726,6681
034 93 05 20.0 6746,6830,6856
034 93 04 20.0 6799,6682,6513
034 93 04 20.0 6329,6149,6004
034 93 02 20.0 5871,5713,5480
034 93 00 20.0 5163,4814,4487
034 93 00 20.0 4210,3956,3673
034 93 00 20.0 3371,3079,2823
034 93 00 20.0 2578,2330,2079
034 93 00 20.0 1834,1590,1341
034 93 01 20.0 1096,872,664
034 93 00 20.0 461,256,41
034 93 00 20.0 0,0,0
034 93 00 20.0 0,0,0
034 93 01 20.0 0,0,0
034 93 02 20.0 1503,4035,5779
034 94 05 20.2 6147,7089,6311
034 94 05 20.2 5381,4475,3911
034 94 01 20.2 3830,4079,4271
034 94 06 20.2 4230,3998,3670
034 94 00 20.2 3304,2848,2125
034 94 00 20.2 1076,0,0
034 94 00 20.2 0,0,0
034 94 00 20.2 0,0,0
030 70 06 10.8 3415,3491,3542
030 70 04 10.8 3515,3423,3277
030 70 05 10.8 3088,2871,2651
030 70 00 10.8 2448,2278,2140
030 70 00 10.8 2024,1904,1749
030 70 00 10.8 1570,1364,1160
030 70 01 10.8 954,761,576
030 70 00 10.8 393,214,32
030 70 00 10.8 0,0,0
030 70 01 10.8 0,0,0
030 70 02 10.8 0,0,0
030 70 02 10.8 0,0,0
030 70 00 10.8 0,0,0
030 70 00 10.8 0,0,0
030 70 03 10.8 0,1344,2507
030 70 04 10.8 2998,3183,3204
030 70 06 14.8 5760,5650,5617
030 70 05 14.8 5683,5777,5817
030 70 04 14.8 5776,5667,5512
030 70 05 14.8 5318,5100,4893
030 70 01 14.8 4707,4558,4421
030 70 00 14.8 4287,4135,3953
030 70 00 14.8 3761,3566,3378
030 70 00 14.8 3198,3029,2872
030 70 01 14.8 2713,2550,2386
030 70 00 14.8 2225,2063,1904
030 70 00 14.8 1749,1594,1440
030 70 00 14.8 1289,1145,1005
030 70 00 14.8 860,719,577
030 70 00 14.8 437,300,166
030 70 01 14.8 38,0,505
030 70 01 14.8 1879,3615,4962
030 70 04 14.8 5557,5762,5776
030 70 03 14.6 5704,5591,5574
030 70 04 14.6 5671,5805,5882
030 70 04 14.6 5871,5793,5673
030 70 04 14.6 5522,5355,5185
030 70 04 14.6 5033,4944,4944
030 70 01 14.6 5018,5059,4974
030 70 01 14.6 4745,4450,4168
030 70 01 14.6 3947,3786,3674
030 70 00 14.6 3571,3457,3315
030 70 00 14.6 3163,3000,2829
030 70 00 14.6 2655,2482,2319
030 70 01 14.6 2159,2003,1842
030 70 00 14.6 1692,1541,1395
030 70 00 14.6 1246,1106,964
030 70 00 14.6 825,709,898
030 70 01 14.6 1910,3463,5003
030 70 05 14.6 5879,6285,6452
030 70 04 14.8 6446,5638,5522
030 70 04 14.8 5507,5583,5673
030 70 04 14.8 5710,5678,5584
030 70 04 14.8 5447,5282,5099
030 70 04 14.8 4927,4776,4664
030 70 00 14.8 4554,4438,4290
030 70 00 14.8 4117,3928,3747
030 70 00 14.8 3587,3443,3307
030 70 00 14.8 3165,3018,2864
030 70 00 14.8 2701,2535,2360
030 70 01 14.8 2195,2032,1872
030 70 00 14.8 1716,1563,1417
030 70 00 14.8 1270,1131,985
030 70 00 14.8 848,704,571
030 70 00 14.8 436,307,228
030 70 01 14.8 637,1838,3438
030 70 03 14.8 4771,5423,5681
035 94 03 14.2 5721,5405,5274
035 94 08 14.2 5219,5271,5385
035 94 07 14.2 5464,5472,5410
035 94 06 14.2 5301,5163,5009
035 94 07 14.2 4845,4691,4555
035 94 00 14.2 4452,4350,4235
035 94 00 14.2 4086,3910,3721
035 94 00 14.2 3535,3371,3223
035 94 00 14.2 3092,2961,2820
035 94 00 14.2 2674,2513,2351
035 94 00 14.2 2182,2020,1856
035 94 00 14.2 1699,1541,1388
035 94 00 14.2 1235,1084,942
035 94 00 14.2 803,661,519
035 94 00 14.2 385,254,129
035 94 01 14.2 109,762,2134
035 94 04 14.2 3784,4972,5553
035 94 05 14.9 5806,5859,5703
035 94 08 14.9 5619,5647,5841
035 94 05 14.9 6149,6461,6718
035 94 08 14.9 6915,7013,6978
035 94 06 14.9 6839,6690,6617
035 94 07 14.9 6612,6638,6643
035 94 05 14.9 6601,6530,6439
035 94 06 14.9 6340,6227,6099
035 94 00 14.9 5974,5858,5759
035 94 00 14.9 5637,5498,5376
035 94 00 14.9 5302,5238,5150
035 94 00 14.9 5013,4879,4767
035 94 00 14.9 4673,4577,4449
035 94 00 14.9 4310,4241,4375
035 94 00 14.9 4730,5214,5678
035 94 07 14.9 6040,6354,6680
035 94 05 8.1 6948,7045,2604
035 94 06 8.1 2026,1233,410
035 94 00 8.1 0,0,0
035 94 00 8.1 0,0,0
035 94 00 8.1 0,0,0
035 94 01 8.1 0,0,0
035 94 01 8.1 0,0,0
035 94 01 8.1 0,0,0
035 94 01 8.1 0,0,0
035 94 01 8.1 0,0,0
035 94 00 8.1 0,0,0
035 94 01 8.1 0,0,0
035 94 00 8.1 0,0,0
035 94 01 8.1 0,0,0
035 94 02 8.1 0,0,0
035 94 01 8.1 0,0,0
035 94 00 8.1 0,0,0
035 94 03 8.1 0,0,0
035 94 05 8.1 0,0,0
034 94 06 8.0 3024,2930,2884
034 94 06 8.0 2907,2958,2980
034 94 06 8.0 2958,2901,2813
034 94 06 8.0 2710,2595,2491
034 94 00 8.0 2399,2354,2372
034 94 00 8.0 2450,2508,2472
034 94 01 8.0 2325,2116,1927
034 94 00 8.0 1801,1738,1707
034 94 00 8.0 1673,1618,1542
034 94 00 8.0 1445,1347,1242
034 94 00 8.0 1137,1030,932
034 94 00 8.0 839,750,663
034 94 00 8.0 583,505,430
034 94 00 8.0 361,296,231
034 94 00 8.0 160,120,321
034 94 02 8.0 875,1692,2447
034 94 03 8.0 2958,3221,3318
034 94 05 8.3 3163,3050,2947
034 94 06 8.3 2917,2954,3000
034 94 08 8.3 3010,2971,2890
034 94 06 8.3 2783,2671,2547
034 94 02 8.3 2433,2326,2245
034 94 01 8.3 2188,2136,2063
034 94 00 8.3 1953,1828,1708
034 94 01 8.3 1604,1524,1459
034 94 01 8.3 1396,1324,1235
034 94 00 8.3 1143,1043,953
034 94 00 8.3 864,780,702
034 94 00 8.3 626,542,449
034 94 00 8.3 350,255,154
034 94 00 8.3 63,0,0
034 94 00 8.3 0,0,214
034 94 01 8.3 918,1809,2537
034 94 05 8.3 2985,3203,3268
034 94 06 8.9 3371,3248,3141
034 94 07 8.9 3112,3142,3180
034 94 07 8.9 3172,3116,3016
034 94 07 8.9 2900,2779,2665
034 94 01 8.9 2564,2493,2479
034 94 00 8.9 2542,2649,2718
034 94 04 8.9 2668,2500,2274
034 94 00 8.9 2072,1947,1886
034 94 01 8.9 1867,1835,1787
034 94 00 8.9 1713,1624,1525
034 94 01 8.9 1417,1315,1215
034 94 00 8.9 1117,1024,939
034 94 00 8.9 865,800,739
034 94 00 8.9 681,617,549
034 94 00 8.9 617,1018,1751
034 94 08 8.9 2563,3161,3477
034 94 06 8.0 3597,3577,2923
034 94 05 8.0 2785,2702,2705
034 94 05 8.0 2748,2783,2776
034 94 05 8.0 2717,2617,2503
034 94 04 8.0 2406,2338,2289
034 94 01 8.0 2245,2217,2264
034 94 01 8.0 2432,2715,2983
034 94 04 8.0 3119,3057,2876
034 94 05 8.0 2684,2548,2436
034 94 00 8.0 2294,2099,1837
034 94 01 8.0 1531,1201,862
034 94 00 8.0 484,0,0
034 94 00 8.0 0,0,0
034 94 00 8.0 0,0,0
034 94 00 8.0 0,0,0
034 94 00 8.0 0,0,0
034 94 00 8.0 0,0,0
034 94 00 8.0 0,0,0
034 94 01 8.0 0,0,0
034 94 00 8.0 0,0,0
034 94 03 8.0 36596,33773,27068
034 94 04 8.0 33293,32171,34179
034 94 05 8.0 24065,23020,23937
034 94 04 8.0 25777,27648,28902
034 94 03 8.0 29438,29667,29832
034 94 04 8.0 29934,29984,30056
034 94 04 8.0 30177,30285,30299
034 94 03 8.0 30278,30220,30184
034 94 04 8.0 30070,29915,29728
034 94 05 8.0 29627,29558,29516
034 94 04 8.0 29430,29360,29303
034 94 05 8.0 29253,29161,29054
034 94 03 8.0 29033,29338,29924
034 94 04 8.0 30551,30966,31100
037 94 04 89.4 31072,61236,63955
037 94 02 89.4 1191,1164,1167
037 94 00 89.4 1175,1172,1153
037 94 00 89.4 1110,1057,1011
037 94 01 89.4 977,926,840
037 94 00 89.4 756,681,649
037 94 00 89.4 665,754,872
037 94 00 89.4 955,973,919
037 94 00 89.4 822,702,612
037 94 00 89.4 566,561,574
037 94 00 89.4 572,550,516
037 94 00 89.4 465,419,365
037 94 01 89.4 322,273,219
037 94 00 89.4 171,119,84
037 94 00 89.4 51,27,0
037 94 01 89.4 0,0,132
037 94 01 89.4 388,663,864
037 94 05 89.4 979,1046,1075
037 94 05 89.4 1057,1016,979
037 94 05 89.4 974,976,982
037 94 05 89.4 982,976,957
037 94 03 89.4 919,873,833
037 94 01 89.4 801,777,761
037 94 01 89.4 748,735,751
037 94 02 89.4 825,951,1056
037 94 06 89.4 1097,1059,964
037 94 02 89.4 857,772,740
037 94 00 89.4 737,735,716
037 94 00 89.4 676,633,580
037 94 00 89.4 529,484,435
037 94 00 89.4 379,311,260
037 94 01 89.4 236,217,206
037 94 00 89.4 189,165,116
037 94 01 89.4 51,51,195
037 94 02 89.4 456,728,902
037 94 03 1.6 977,986,5009
037 94 07 1.6 10328,15653,16972
037 94 08 1.6 16966,16966,16966
037 94 06 1.6 16954,16936,16912
037 94 05 1.6 16880,16842,16806
037 94 06 1.6 16782,16774,16784
037 94 08 1.6 16822,16892,16986
037 94 07 0.7 17065,17100,307
037 94 06 0.7 254,185,141
037 94 07 0.7 117,135,155
037 94 03 0.7 183,191,191
037 94 06 0.7 173,157,135
037 94 07 0.7 119,95,81
037 94 06 0.7 65,53,39
037 94 03 0.7 29,21,0
037 94 02 0.7 0,0,0
037 94 01 0.7 0,21,149
037 94 05 0.7 334,504,609
039 94 08 1.4 647,641,653
039 94 05 1.4 605,553,525
039 94 06 1.4 513,509,493
039 94 03 1.4 475,443,401
039 94 00 1.4 346,299,267
039 94 00 1.4 241,219,221
039 94 00 1.4 251,311,360
039 94 03 1.4 366,316,222
039 94 00 1.4 107,8,0
039 94 01 1.4 0,0,0
039 94 00 1.4 0,0,0
039 94 00 1.4 0,0,0
039 94 00 1.4 0,0,0
039 94 01 1.4 0,0,0
039 94 00 1.4 0,0,0
039 94 00 1.4 0,0,0
039 94 00 1.4 0,0,0
039 94 04 1.4 0,0,30
039 94 03 1.2 586,554,499
039 94 05 1.2 425,362,340
039 94 01 1.2 364,386,376
039 94 02 1.2 344,313,285
039 94 00 1.2 222,128,26
039 94 00 1.2 0,0,0
039 94 00 1.2 0,0,0
039 94 00 1.2 0,0,0
039 94 00 1.2 0,0,0
030 70 05 7.6 2256,2212,2211
030 70 04 7.6 2243,2263,2260
030 70 07 7.6 2212,2143,2052
030 70 05 7.6 1967,1881,1804
030 70 00 7.6 1731,1674,1628
030 70 00 7.6 1596,1559,1514
030 70 00 7.6 1455,1427,1540
030 70 03 7.6 1855,2277,2631
030 70 06 4.8 2813,2865,1412
030 70 05 4.8 1327,1214,1110
030 70 07 4.8 1050,1010,979
030 70 03 4.8 927,868,790
030 70 00 4.8 707,620,530
030 70 00 4.8 448,367,304
030 70 00 4.8 245,190,124
030 70 00 4.8 41,0,0
030 70 00 4.8 0,0,0
030 70 00 4.8 0,0,0
030 70 00 4.8 0,0,0
030 70 00 4.8 0,0,0
030 70 00 4.8 0,0,0
030 70 00 4.8 0,0,0
030 70 00 4.8 0,0,0
030 70 00 4.8 0,0,0
030 70 00 4.8 0,0,0
030 70 02 4.8 0,0,200
030 70 08 4.8 649,863,933
030 70 06 7.7 927,2369,2296
030 70 05 7.7 2260,2271,2302
030 70 03 7.7 2323,2322,2294
030 70 05 7.7 2244,2172,2092
030 70 04 7.7 2010,1939,1886
030 70 00 7.7 1846,1818,1785
030 70 00 7.7 1752,1710,1661
030 70 00 7.7 1639,1761,2083
030 70 05 7.7 2508,2856,3038
030 70 06 4.9 3094,1433,1351
030 70 05 4.9 1243,1158,1126
030 70 08 4.9 1133,1139,1123
030 70 06 4.9 1079,1022,948
030 70 00 4.9 866,783,700
030 70 00 4.9 621,546,481
030 70 00 4.9 416,348,268
030 70 00 4.9 178,86,0
030 70 00 4.9 0,0,0
030 70 00 4.9 0,0,0
030 70 00 4.9 0,0,0
030 70 00 4.9 0,0,0
030 70 00 4.9 0,0,0
030 70 00 4.9 0,0,0
030 70 00 4.9 0,0,0
030 70 00 4.9 0,0,0
030 70 00 4.9 0,0,0
030 70 04 4.9 0,387,775
043 93 07 7.5 929,954,2315
043 93 05 7.5 2231,2153,2123
043 93 05 7.5 2149,2187,2202
043 93 06 7.5 2184,2140,2077
043 93 06 7.5 2000,1918,1845
043 93 00 7.5 1782,1726,1677
043 93 00 7.5 1638,1609,1578
043 93 00 7.5 1534,1487,1464
043 93 00 7.5 1598,1939,2395
043 93 08 7.5 2764,2950,3004
043 93 06 5.2 1519,1444,1338
043 93 06 5.2 1244,1185,1164
043 93 08 5.2 1153,1122,1061
043 93 02 5.2 975,883,783
043 93 00 5.2 678,571,466
043 93 00 5.2 357,238,109
043 93 00 5.2 0,0,0
043 93 00 5.2 0,0,0
043 93 00 5.2 0,0,0
043 93 01 5.2 0,0,0
043 93 00 5.2 0,0,0
043 93 00 5.2 0,0,0
043 93 00 5.2 0,0,0
043 93 00 5.2 0,0,0
043 93 00 5.2 0,0,0
043 93 00 5.2 0,0,0
043 93 00 5.2 0,0,0
043 93 03 5.2 0,0,0
043 93 08 8.4 0,0,0
043 93 07 8.4 2745,2715,2739
043 93 05 8.4 2802,2865,2897
043 93 07 8.4 2893,2863,2810
043 93 06 8.4 2745,2669,2593
043 93 05 8.4 2521,2457,2402
043 93 00 8.4 2355,2320,2284
043 93 00 8.4 2239,2177,2154
043 93 00 8.4 2307,2692,3183
043 93 05 8.4 3568,3762,3812
043 93 05 5.3 1631,1536,1423
043 93 06 5.3 1334,1298,1296
043 93 08 5.3 1295,1264,1203
043 93 03 5.3 1112,1005,884
043 93 00 5.3 758,625,494
043 93 00 5.3 364,224,55
043 93 00 5.3 0,0,0
043 93 00 5.3 0,0,0
043 93 01 5.3 0,0,0
043 93 00 5.3 0,0,0
043 93 00 5.3 0,0,0
043 93 00 5.3 0,0,0
043 93 00 5.3 0,0,0
043 93 00 5.3 0,0,0
043 93 00 5.3 0,0,0
043 93 00 5.3 0,0,0
043 93 01 5.3 0,0,0
043 93 06 5.3 0,0,0
043 93 05 9.5 0,0,3261
043 93 04 9.5 3249,3274,3320
043 93 05 9.5 3358,3380,3376
043 93 05 9.5 3346,3296,3244
043 93 03 9.5 3187,3135,3083
043 93 04 9.5 3043,3009,2987
043 93 02 9.5 2967,2948,2914
043 93 01 9.5 2885,2906,3080
043 93 04 9.5 3399,3754,4003
043 93 03 4.0 4120,4148,1232
043 93 05 4.0 1150,1061,1008
043 93 05 4.0 1001,1015,1019
043 93 05 4.0 1002,965,914
043 93 02 4.0 853,793,723
043 93 00 4.0 666,615,581
043 93 00 4.0 542,491,432
043 93 01 4.0 372,315,264
043 93 01 4.0 213,174,133
043 93 01 4.0 92,40,0
043 93 01 4.0 0,0,0
043 93 00 4.0 0,0,0
043 93 00 4.0 0,0,0
043 93 00 4.0 0,0,0
043 93 00 4.0 0,0,0
043 93 00 4.0 0,0,0
043 93 01 4.0 0,0,0
043 93 03 4.0 5,527,859
040 93 04 5.8 993,1021,1846
040 93 06 5.8 1785,1723,1706
040 93 07 5.8 1728,1762,1773
040 93 06 5.8 1757,1717,1659
040 93 06 5.8 1597,1538,1487
040 93 01 5.8 1444,1404,1370
040 93 00 5.8 1342,1314,1282
040 93 00 5.8 1245,1209,1223
040 93 01 5.8 1379,1693,2057
040 93 06 5.8 2311,2415,2423
040 93 06 3.9 1180,1100,1015
040 93 04 3.9 956,947,960
040 93 05 3.9 964,944,905
040 93 03 3.9 847,787,716
040 93 00 3.9 652,593,545
040 93 00 3.9 509,475,430
040 93 00 3.9 377,315,260
040 93 01 3.9 203,151,102
040 93 01 3.9 56,5,0
040 93 00 3.9 0,0,0
040 93 00 3.9 0,0,0
040 93 00 3.9 0,0,0
040 93 00 3.9 0,0,0
040 93 00 3.9 0,0,0
040 93 00 3.9 0,0,0
040 93 00 3.9 0,0,0
040 93 01 3.9 0,0,276
040 93 04 3.9 657,831,891
040 93 05 6.3 870,1970,1893
040 93 05 6.3 1859,1874,1896
040 93 07 6.3 1898,1869,1808
040 93 06 6.3 1724,1625,1522
040 93 00 6.3 1414,1297,1180
040 93 00 6.3 1068,975,890
040 93 00 6.3 807,717,604
040 93 00 6.3 505,519,770
040 93 03 6.3 1198,1607,1831
043 93 08 4.4 1885,1371,1303
043 93 06 4.4 1207,1108,1043
043 93 05 4.4 1022,1011,981
043 93 01 4.4 915,817,690
043 93 00 4.4 541,390,250
043 93 00 4.4 128,18,0
043 93 00 4.4 0,0,0
043 93 00 4.4 0,0,0
043 93 00 4.4 0,0,0
043 93 00 4.4 0,0,0
043 93 00 4.4 0,0,0
043 93 00 4.4 0,0,0
043 93 00 4.4 0,0,0
043 93 00 4.4 0,0,0
043 93 00 4.4 0,0,0
043 93 00 4.4 0,0,0
043 93 00 4.4 0,0,0
043 93 00 4.4 0,0,0
043 93 02 4.4 0,0,0
043 93 05 4.4 0,0,0
043 93 06 4.4 0,0,0
043 93 06 4.4 0,0,0
043 93 07 4.4 0,0,0
043 93 05 4.4 0,0,0
043 93 07 4.4 0,0,0
043 93 07 4.4 0,0,0
043 93 06 4.4 0,0,0
043 93 08 4.4 0,0,0
043 93 07 4.4 0,0,0
043 93 06 4.4 0,0,0
043 93 05 4.4 0,0,0
043 93 05 4.4 0,0,0
043 93 00 4.4 0,0,0
043 93 00 4.4 0,0,0
043 93 00 4.4 0,0,0
043 93 01 4.4 0,0,0
043 93 01 4.4 0,0,0
043 93 00 4.4 0,0,0
043 93 00 4.4 0,0,0
043 93 00 4.4 0,0,0
043 93 00 4.4 0,0,0
043 93 00 4.4 0,0,0
043 93 00 4.4 0,0,0
043 93 01 4.4 0,0,0
043 93 06 4.4 0,0,0
043 93 05 13.3 0,0,0
043 93 06 13.3 5140,5085,5035
043 93 07 13.3 5024,5041,5061
043 93 05 13.3 5061,5039,4997
043 93 06 13.3 4944,4881,4826
043 93 01 13.3 4776,4732,4692
043 93 00 13.3 4664,4648,4625
043 93 00 13.3 4593,4547,4500
043 93 00 13.3 4498,4626,4906
043 93 07 13.3 5240,5484,5593
043 93 06 3.3 5605,1085,1014
043 93 06 3.3 937,875,859
043 93 07 3.3 864,870,859
043 93 04 3.3 825,774,714
043 93 00 3.3 650,594,549
043 93 00 3.3 512,477,432
043 93 00 3.3 386,334,285
043 93 01 3.3 235,188,143
043 93 01 3.3 103,60,13
043 93 00 3.3 0,0,0
043 93 00 3.3 0,0,0
043 93 00 3.3 0,0,0
043 93 00 3.3 0,0,0
043 93 00 3.3 0,0,0
043 93 00 3.3 0,0,0
043 93 00 3.3 0,0,0
043 93 00 3.3 0,0,0
043 93 06 3.3 180,582,768
043 93 07 4.9 814,1723,1664
043 93 04 4.9 1583,1534,1523
043 93 04 4.9 1541,1551,1542
043 93 05 4.9 1511,1455,1388
043 93 02 4.9 1321,1263,1217
043 93 00 4.9 1174,1137,1102
043 93 00 4.9 1078,1057,1028
043 93 00 4.9 986,939,948
043 93 02 4.9 1109,1417,1750
043 93 04 3.2 1958,2029,2021
043 93 06 3.2 1040,952,857
043 93 06 3.2 793,775,781
043 93 04 3.2 775,748,694
043 93 00 3.2 630,562,491
043 93 00 3.2 427,374,331
043 93 01 3.2 283,230,170
043 93 00 3.2 107,36,0
043 93 00 3.2 0,0,0
043 93 00 3.2 0,0,0
043 93 00 3.2 0,0,0
043 93 00 3.2 0,0,0
043 93 00 3.2 0,0,0
043 93 00 3.2 0,0,0
043 93 02 3.2 0,0,0
043 93 00 3.2 0,0,0
043 93 01 3.2 0,0,0
043 93 00 3.2 0,0,0
043 93 05 3.2 0,0,0
043 93 05 4.3 0,1500,1393
043 93 07 4.3 1283,1186,1111
043 93 04 4.3 1079,1040,980
043 93 00 4.3 861,720,567
043 93 00 4.3 355,62,0
043 93 00 4.3 0,0,0
043 93 00 4.3 0,0,0
043 93 00 4.3 0,0,0
043 93 00 4.3 0,0,0
043 93 00 4.3 0,0,0
043 93 07 4.3 0,0,0
043 93 08 4.3 0,0,0
044 93 07 4.5 0,1749,1721
044 93 07 4.5 1677,1626,1579
044 93 02 4.5 1539,1502,1451
044 93 00 4.5 1387,1323,1258
044 93 00 4.5 1209,1161,1128
044 93 01 4.5 1093,1055,1017
044 93 02 4.5 973,921,869
044 93 00 4.5 821,787,752
044 93 01 4.5 717,681,637
044 93 00 4.5 593,556,523
044 93 01 4.5 496,458,420
044 93 01 4.5 384,355,333
044 93 01 4.5 314,295,306
044 93 02 4.5 476,858,1349
044 93 06 4.5 1730,1927,1990
044 93 06 4.4 1993,1663,1609
044 93 05 4.4 1573,1576,1595
044 93 06 4.4 1616,1609,1579
044 93 06 4.4 1518,1460,1397
044 93 02 4.4 1355,1304,1270
044 93 00 4.4 1235,1216,1203
044 93 00 4.4 1184,1161,1131
044 93 00 4.4 1142,1274,1533
044 93 05 4.4 1832,2036,2123
044 93 04 2.7 2135,973,908
044 93 04 2.7 822,768,748
044 93 04 2.7 753,744,720
044 93 02 2.7 677,623,558
044 93 00 2.7 497,443,408
044 93 00 2.7 371,331,284
044 93 00 2.7 241,197,145
044 93 02 2.7 100,65,29
044 93 02 2.7 0,0,0
044 93 01 2.7 0,0,0
044 93 01 2.7 0,0,0
044 93 01 2.7 0,0,0
044 93 01 2.7 0,0,0
044 93 01 2.7 0,0,0
044 93 01 2.7 0,0,0
044 93 02 2.7 0,0,0
044 93 01 2.7 0,0,139
044 93 05 2.7 512,698,761
042 93 06 4.3 752,1593,1532
042 93 07 4.3 1493,1487,1505
042 93 05 4.3 1524,1515,1482
042 93 07 4.3 1428,1376,1324
042 93 02 4.3 1277,1232,1192
042 93 00 4.3 1163,1145,1134
042 93 00 4.3 1114,1085,1045
042 93 00 4.3 1030,1124,1356
042 93 05 4.3 1657,1881,1977
042 93 06 2.6 1989,936,864
042 93 07 2.6 778,701,682
042 93 05 2.6 681,685,668
042 93 02 2.6 631,571,503
042 93 00 2.6 434,380,341
042 93 00 2.6 313,279,238
042 93 00 2.6 190,141,89
042 93 01 2.6 44,0,0
042 93 01 2.6 0,0,0
042 93 00 2.6 0,0,0
042 93 00 2.6 0,0,0
042 93 00 2.6 0,0,0
042 93 00 2.6 0,0,0
042 93 00 2.6 0,0,0
042 93 00 2.6 0,0,0
042 93 00 2.6 0,0,0
042 93 00 2.6 0,0,0
042 93 03 2.6 0,0,0
042 93 07 2.3 0,764,566
042 93 01 2.3 283,0,0
042 93 00 2.3 0,0,0
042 93 00 2.3 0,0,0
042 93 00 2.3 0,0,0
042 93 00 2.3 0,0,0
042 93 00 2.3 0,0,0
042 93 00 2.3 0,0,0
042 93 00 2.3 0,0,0
042 93 05 2.3 0,0,0
042 93 08 2.3 0,0,0
043 93 07 4.3 1920,1888,1868
043 93 04 4.3 1863,1865,1854
043 93 03 4.3 1836,1806,1784
043 93 01 4.3 1766,1754,1748
043 93 00 4.3 1743,1738,1711
043 93 00 4.3 1687,1664,1693
043 93 04 4.3 1860,2204,2623
043 93 08 4.3 2961,3150,3239
043 93 06 3.7 3261,1583,1544
043 93 06 3.7 1510,1497,1511
043 93 07 3.7 1539,1554,1551
043 93 05 3.7 1522,1475,1423
043 93 04 3.7 1374,1332,1292
043 93 00 3.7 1268,1255,1243
043 93 00 3.7 1209,1163,1117
043 93 00 3.7 1064,1021,975
043 93 00 3.7 948,923,906
043 93 00 3.7 880,844,801
043 93 00 3.7 766,729,697
043 93 00 3.7 669,648,627
043 93 00 3.7 603,569,539
043 93 00 3.7 503,477,440
043 93 00 3.7 410,384,364
043 93 00 3.7 339,314,353
043 93 03 3.7 560,924,1301
043 92 05 3.1 1540,1623,1625
043 92 06 3.1 1268,1201,1142
043 92 05 3.1 1116,1130,1149
043 92 03 3.1 1151,1123,1093
043 92 07 3.1 1055,1025,980
043 92 00 3.1 944,911,886
043 92 00 3.1 860,834,802
043 92 00 3.1 763,721,671
043 92 00 3.1 623,572,539
043 92 00 3.1 506,483,453
043 92 00 3.1 419,376,336
043 92 01 3.1 299,264,229
043 92 02 3.1 198,163,130
043 92 02 3.1 95,63,33
043 92 00 3.1 4,0,0
043 92 00 3.1 0,0,0
043 92 00 3.1 0,104,459
043 92 06 3.1 855,1132,1237
042 92 06 3.2 1254,1320,1258
042 92 07 3.2 1199,1176,1196
042 92 04 3.2 1225,1246,1239
042 92 06 3.2 1213,1168,1122
042 92 04 3.2 1079,1040,999
042 92 00 3.2 964,935,908
042 92 00 3.2 879,841,795
042 92 00 3.2 738,678,624
042 92 02 3.2 591,561,539
042 92 00 3.2 499,464,421
042 92 01 3.2 384,336,285
042 92 00 3.2 218,147,69
042 92 00 3.2 9,0,0
042 92 00 3.2 0,0,0
042 92 00 3.2 0,0,0
042 92 00 3.2 0,0,0
042 92 00 3.2 0,0,0
042 92 05 2.1 0,0,783
042 92 02 2.1 610,427,250
042 92 00 2.1 81,0,0
042 92 00 2.1 0,0,0
042 92 00 2.1 0,0,0
042 92 00 2.1 0,0,0
042 92 00 2.1 0,0,0
042 92 00 2.1 0,0,0
042 92 00 2.1 0,0,0
042 92 00 2.1 0,0,0
042 92 00 2.1 0,0,43764
042 92 05 2.1 42397,41482,40892
042 92 03 2.1 40289,39536,38555
042 92 05 2.1 37690,37150,37317
042 92 06 2.1 38149,39260,40287
042 92 06 2.1 41107,41930,42709
042 92 06 2.1 43411,0,0
042 92 00 2.1 0,0,0
042 92 00 2.1 0,0,0
042 92 00 2.1 0,0,0
042 92 00 99.8 0,0,0
042 92 00 99.8 0,0,0
042 92 00 99.8 0,0,0
042 92 00 99.8 0,0,0
042 92 00 99.8 0,0,0
042 92 00 99.8 0,0,0
042 92 01 99.8 0,0,0
042 92 00 99.8 0,0,0
042 92 00 99.8 0,0,0
042 92 00 99.8 0,0,0
042 92 00 99.8 0,0,0
042 92 01 99.8 0,0,0
042 92 01 99.8 0,0,0
042 92 03 99.8 0,0,0
042 92 08 99.8 0,0,0
042 92 04 99.8 0,0,0
042 92 08 99.8 0,0,0
042 92 04 5.8 5060,10164,15280
042 92 03 5.8 19112,19095,19061
042 92 04 5.8 19024,18992,18959
042 92 05 5.8 18934,18904,18871
042 92 05 5.8 18829,18778,18736
042 92 05 5.8 18715,18695,18664
042 92 05 5.8 18621,18584,18553
042 92 05 5.8 18532,18511,18482
042 92 04 5.8 18452,18428,18415
042 92 05 5.8 18394,18371,18347
042 92 05 5.8 18322,18305,18283
042 92 04 5.8 18270,18258,18249
042 92 03 5.8 18260,18385,18648
042 92 04 5.8 18966,19201,19316
040 92 04 2.4 19363,19367,1101
040 92 07 2.4 1071,1058,1073
040 92 05 2.4 1088,1109,1109
040 92 05 2.4 1100,1071,1043
040 92 06 2.4 1013,977,950
040 92 02 2.4 926,914,897
040 92 01 2.4 882,855,825
040 92 00 2.4 794,768,733
040 92 00 2.4 704,679,664
040 92 00 2.4 647,626,601
040 92 00 2.4 578,553,537
040 92 00 2.4 516,501,481
040 92 00 2.4 474,464,451
040 92 00 2.4 427,421,413
040 92 00 2.4 407,392,382
040 92 00 2.4 399,507,745
040 92 05 2.4 1032,1244,1339
040 92 05 2.1 1356,958,919
040 92 04 2.1 884,886,913
040 92 02 2.1 947,962,959
040 92 06 2.1 944,921,893
040 92 03 2.1 862,827,791
040 92 01 2.1 759,740,729
040 92 01 2.1 718,695,661
040 92 00 2.1 624,582,563
040 92 00 2.1 546,534,498
040 92 00 2.1 460,422,380
040 92 00 2.1 344,304,267
040 92 01 2.1 217,163,113
040 92 01 2.1 51,0,0
040 92 00 2.1 0,0,0
040 92 00 2.1 0,0,0
040 92 01 2.1 0,0,0
040 92 00 2.1 0,0,0
040 92 01 2.1 0,0,0
030 70 04 1.3 314,291,276
030 70 03 1.3 276,277,268
030 70 02 1.3 247,227,212
030 70 02 1.3 192,156,120
030 70 00 1.3 97,82,68
030 70 00 1.3 47,28,4
030 70 00 1.3 0,0,0
030 70 00 1.3 0,0,0
030 70 00 1.3 0,0,0
030 70 00 1.3 0,0,0
030 70 00 1.3 0,0,0
030 70 00 1.3 0,0,0
030 70 00 1.3 0,0,0
030 70 00 1.3 0,0,0
030 70 00 1.3 0,0,0
030 70 02 1.3 0,0,77
030 70 03 1.9 127,142,588
030 70 07 1.9 561,533,521
030 70 06 1.9 524,540,548
030 70 06 1.9 539,520,492
030 70 03 1.9 469,441,418
030 70 01 1.9 399,393,393
030 70 00 1.9 394,393,398
030 70 01 1.9 413,469,590
030 70 06 1.9 778,980,1127
030 70 04 2.7 1205,1213,787
030 70 06 2.7 715,642,593
030 70 08 2.7 569,563,552
030 70 05 2.7 528,499,465
030 70 00 2.7 441,413,397
030 70 00 2.7 392,393,384
030 70 00 2.7 362,337,313
030 70 00 2.7 293,287,280
030 70 00 2.7 268,240,218
030 70 00 2.7 212,200,183
030 70 00 2.7 151,129,105
030 70 00 2.7 85,66,55
030 70 00 2.7 57,55,51
030 70 00 2.7 31,21,21
030 70 00 2.7 42,57,65
030 70 00 2.7 47,31,15
030 70 00 2.7 39,135,299
030 70 05 2.7 467,572,605
030 70 07 1.9 600,560,530
030 70 06 1.9 512,515,532
030 70 08 1.9 538,524,498
030 70 06 1.9 478,463,453
030 70 02 1.9 442,426,401
030 70 00 1.9 368,347,335
030 70 00 1.9 327,312,297
030 70 00 1.9 294,332,425
030 70 06 1.9 548,654,718
045 87 02 1.5 741,739,425
045 87 07 1.5 393,362,344
045 87 04 1.5 342,346,336
045 87 03 1.5 313,282,248
045 87 00 1.5 217,185,167
045 87 00 1.5 147,131,113
045 87 00 1.5 99,80,57
045 87 00 1.5 34,20,0
045 87 00 1.5 0,0,0
045 87 00 1.5 0,0,0
045 87 00 1.5 0,0,0
045 87 00 1.5 0,0,0
045 87 00 1.5 0,0,0
045 87 00 1.5 0,0,0
045 87 00 1.5 0,0,0
045 87 00 1.5 0,0,0
045 87 00 1.5 0,0,0
045 87 05 1.5 0,17,117
045 87 06 2.0 142,614,586
045 87 07 2.0 552,529,528
045 87 06 2.0 542,557,558
045 87 06 2.0 551,528,501
045 87 03 2.0 472,456,441
045 87 01 2.0 424,404,389
045 87 00 2.0 386,373,353
045 87 00 2.0 326,316,325
045 87 01 2.0 385,497,624
045 87 06 2.0 711,747,759
045 87 08 1.5 436,410,367
045 87 05 1.5 326,305,305
045 87 03 1.5 309,304,285
045 87 02 1.5 260,227,200
045 87 00 1.5 181,170,156
045 87 00 1.5 140,122,102
045 87 00 1.5 81,63,41
045 87 00 1.5 18,0,0
045 87 00 1.5 0,0,0
045 87 00 1.5 0,0,0
045 87 00 1.5 0,0,0
045 87 00 1.5 0,0,0
045 87 00 1.5 0,0,0
045 87 00 1.5 0,0,0
045 87 00 1.5 0,0,0
045 87 00 1.5 0,0,0
045 87 00 1.5 0,0,0
045 87 06 1.5 0,2,87
045 87 06 2.0 102,616,588
045 87 07 2.0 556,541,548
045 87 07 2.0 573,578,572
045 87 06 2.0 558,550,542
045 87 03 2.0 527,506,485
045 87 01 2.0 469,454,441
045 87 00 2.0 433,419,400
045 87 00 2.0 384,376,389
045 87 01 2.0 456,578,707
045 87 06 2.0 792,828,842
045 87 06 1.5 461,442,416
045 87 04 1.5 391,377,376
045 87 03 1.5 377,365,348
045 87 02 1.5 324,307,286
045 87 02 1.5 274,266,256
045 87 01 1.5 237,212,192
045 87 01 1.5 175,163,145
045 87 00 1.5 121,95,73
045 87 00 1.5 50,26,0
045 87 00 1.5 0,0,0
045 87 00 1.5 0,0,0
045 87 00 1.5 0,0,0
045 87 00 1.5 0,0,0
045 87 00 1.5 0,0,0
045 87 00 1.5 0,0,0
045 87 00 1.5 0,0,0
045 87 00 1.5 0,0,0
045 87 04 1.5 91,210,252
045 87 04 2.0 244,577,540
045 87 07 2.0 511,504,520
045 87 06 2.0 536,542,534
045 87 05 2.0 520,501,480
045 87 02 2.0 455,428,411
045 87 01 2.0 402,398,393
045 87 01 2.0 387,373,356
045 87 00 2.0 344,344,399
045 87 03 2.0 508,642,741
048 87 03 1.5 788,802,798
048 87 06 1.5 436,412,389
048 87 04 1.5 396,408,416
048 87 04 1.5 402,380,355
048 87 02 1.5 330,307,291
048 87 01 1.5 276,253,232
048 87 01 1.5 213,203,184
048 87 01 1.5 166,148,135
048 87 00 1.5 124,109,87
048 87 00 1.5 68,55,39
048 87 00 1.5 20,0,0
048 87 00 1.5 0,0,0
048 87 00 1.5 0,0,0
048 87 00 1.5 0,0,0
048 87 00 1.5 0,0,0
048 87 00 1.5 0,0,0
048 87 00 1.5 0,0,0
048 87 02 1.5 0,88,236
048 87 04 1.9 313,326,581
048 87 05 1.9 547,515,506
048 87 07 1.9 523,542,549
048 87 06 1.9 543,534,522
048 87 04 1.9 502,479,456
048 87 02 1.9 430,409,394
048 87 00 1.9 401,403,399
048 87 00 1.9 375,355,343
048 87 00 1.9 379,477,608
048 87 05 1.9 717,767,785
048 88 06 1.4 435,420,392
048 88 06 1.4 367,353,350
048 88 04 1.4 352,345,330
048 88 02 1.4 304,284,260
048 88 01 1.4 243,225,216
048 88 00 1.4 200,180,156
048 88 00 1.4 140,124,116
048 88 00 1.4 101,79,59
048 88 00 1.4 45,35,18
048 88 00 1.4 2,0,0
048 88 00 1.4 0,0,0
048 88 00 1.4 0,0,0
048 88 00 1.4 0,0,0
048 88 00 1.4 0,0,0
048 88 00 1.4 0,0,0
048 88 00 1.4 0,0,0
048 88 00 1.4 0,0,0
044 88 05 1.7 34,106,111
044 88 07 1.7 489,438,391
044 88 06 1.7 358,359,372
044 88 05 1.7 381,369,361
044 88 03 1.7 361,360,334
044 88 01 1.7 295,251,228
044 88 00 1.7 218,209,187
044 88 00 1.7 161,138,118
044 88 00 1.7 88,56,47
044 88 00 1.7 56,50,3
044 88 00 1.7 0,0,0
044 88 00 1.7 0,0,0
044 88 00 1.7 0,0,0
044 88 00 1.7 0,0,0
044 88 00 1.7 0,0,0
044 88 00 1.7 0,0,0
044 88 00 1.7 0,0,0
044 88 00 1.7 0,0,0
044 88 00 1.7 0,0,0
044 88 00 1.7 0,0,0
030 70 08 1.6 508,487,484
030 70 05 1.6 489,491,477
030 70 03 1.6 454,417,376
030 70 00 1.6 329,298,276
030 70 00 1.6 268,246,212
030 70 00 1.6 177,145,119
030 70 00 1.6 94,70,51
030 70 00 1.6 27,2,0
030 70 00 1.6 0,0,0
030 70 00 1.6 0,0,0
030 70 00 1.6 0,0,0
030 70 00 1.6 0,0,0
030 70 00 1.6 0,0,0
030 70 00 1.6 0,0,0
030 70 00 1.6 0,0,0
030 70 00 1.6 0,0,0
030 70 05 1.6 0,155,281
030 70 03 2.3 312,876,847
030 70 06 2.3 811,780,769
030 70 08 2.3 780,794,786
030 70 07 2.3 754,713,681
030 70 02 2.3 652,616,577
030 70 00 2.3 558,549,534
030 70 00 2.3 515,528,587
030 70 02 2.3 655,695,679
030 70 04 2.3 632,562,497
030 70 00 2.3 457,456,470
030 70 00 2.3 472,459,443
030 70 00 2.3 420,392,365
030 70 00 2.3 341,319,292
030 70 00 2.3 270,254,241
030 70 00 2.3 213,182,156
030 70 00 2.3 144,138,123
030 70 00 2.3 114,93,76
030 70 00 2.3 63,101,257
030 70 05 2.3 493,722,844
030 70 06 2.1 877,807,778
030 70 06 2.1 743,723,721
030 70 08 2.1 740,751,753
030 70 08 2.1 737,712,683
030 70 05 2.1 656,626,599
030 70 00 2.1 577,570,559
030 70 00 2.1 545,529,508
030 70 00 2.1 481,433,392
030 70 00 2.1 365,351,323
030 70 00 2.1 295,268,259
030 70 00 2.1 240,219,193
030 70 00 2.1 167,138,108
030 70 00 2.1 80,60,40
030 70 00 2.1 17,0,0
030 70 00 2.1 0,0,0
030 70 00 2.1 0,0,0
030 70 00 2.1 0,0,0
030 70 00 2.1 0,105,362
030 70 05 2.1 575,664,680
030 70 04 2.2 817,779,741
030 70 05 2.2 732,741,765
030 70 08 2.2 777,782,773
030 70 08 2.2 751,716,685
030 70 03 2.2 658,638,614
030 70 00 2.2 600,594,591
030 70 00 2.2 575,547,516
030 70 00 2.2 487,463,445
030 70 00 2.2 431,418,397
030 70 00 2.2 373,347,326
030 70 00 2.2 302,280,258
030 70 00 2.2 241,226,205
030 70 00 2.2 183,156,135
030 70 00 2.2 124,119,109
030 70 00 2.2 89,62,39
030 70 00 2.2 21,7,11
030 70 00 2.2 91,298,565
030 70 04 2.2 787,893,919
031 90 03 2.3 912,879,846
031 90 06 2.3 819,825,847
031 90 08 2.3 868,865,844
031 90 07 2.3 820,796,772
031 90 03 2.3 736,706,685
031 90 01 2.3 674,661,643
031 90 00 2.3 624,600,571
031 90 00 2.3 539,515,500
031 90 00 2.3 489,474,451
031 90 00 2.3 432,410,397
031 90 00 2.3 383,367,344
031 90 00 2.3 331,316,304
031 90 00 2.3 291,280,270
031 90 00 2.3 250,234,218
031 90 00 2.3 204,194,178
031 90 00 2.3 164,145,152
031 90 00 2.3 257,471,728
031 90 05 2.3 913,997,1013
031 90 07 2.2 850,807,766
031 90 07 2.2 752,768,791
031 90 08 2.2 794,787,773
031 90 06 2.2 755,729,694
031 90 02 2.2 663,630,612
031 90 00 2.2 600,593,579
031 90 00 2.2 555,526,491
031 90 00 2.2 459,425,396
031 90 00 2.2 372,356,338
031 90 00 2.2 312,282,252
031 90 00 2.2 221,188,156
031 90 00 2.2 125,96,70
031 90 00 2.2 51,32,15
031 90 00 2.2 0,0,0
031 90 00 2.2 0,0,0
031 90 01 2.2 0,0,0
031 90 00 2.2 0,52,295
031 90 07 2.1 425,451,807
031 90 07 2.1 786,775,792
031 90 01 2.1 850,923,971
031 90 05 2.1 995,1009,1000
031 90 03 2.1 979,952,930
031 90 07 2.1 896,864,843
031 90 02 2.1 841,841,838
031 90 02 2.1 824,789,731
031 90 00 2.1 650,582,524
031 90 00 2.1 487,445,421
031 90 00 2.1 425,457,508
031 90 00 2.1 568,649,733
033 90 07 1.0 789,784,301
033 90 03 1.0 153,0,0
033 90 00 1.0 0,0,0
033 90 00 1.0 0,0,0
033 90 00 1.0 0,0,0
033 90 00 1.0 0,0,0
033 90 00 1.0 0,0,0
033 90 00 1.0 0,0,0
033 90 00 1.0 0,0,0
033 90 00 1.0 0,0,0
033 90 00 1.0 0,0,0
033 90 00 1.0 0,0,0
033 90 00 1.0 0,0,0
030 70 07 2.0 696,710,741
030 70 08 2.0 754,744,713
030 70 07 2.0 673,637,607
030 70 01 2.0 583,564,545
030 70 00 2.0 545,530,523
030 70 00 2.0 499,476,439
030 70 00 2.0 399,372,343
030 70 00 2.0 311,267,230
030 70 00 2.0 201,176,145
030 70 00 2.0 106,63,31
030 70 00 2.0 7,0,0
030 70 00 2.0 0,0,0
030 70 00 2.0 0,0,0
030 70 00 2.0 0,0,0
030 70 00 2.0 0,0,0
030 70 02 2.0 217,442,564
030 70 01 2.1 594,830,786
030 70 05 2.1 745,722,732
030 70 08 2.1 753,776,786
030 70 08 2.1 775,748,719
030 70 06 2.1 682,637,591
030 70 00 2.1 568,561,558
030 70 00 2.1 548,529,505
030 70 00 2.1 465,426,396
030 70 00 2.1 376,363,342
030 70 00 2.1 318,290,265
030 70 00 2.1 244,222,198
030 70 00 2.1 175,152,125
030 70 00 2.1 92,58,21
030 70 00 2.1 0,0,0
030 70 00 2.1 0,0,0
030 70 00 2.1 0,0,0
030 70 03 2.1 200,474,693
030 70 06 2.3 802,829,918
030 70 06 2.3 887,852,826
030 70 07 2.3 825,841,855
030 70 08 2.3 858,839,812
030 70 05 2.3 779,757,725
030 70 02 2.3 699,673,664
030 70 00 2.3 649,638,615
030 70 00 2.3 588,556,525
030 70 00 2.3 496,466,432
030 70 00 2.3 405,382,377
030 70 00 2.3 357,337,310
030 70 00 2.3 303,297,279
030 70 00 2.3 268,255,247
030 70 00 2.3 222,206,195
030 70 00 2.3 188,170,146
030 70 00 2.3 126,113,146
030 70 01 2.3 277,513,764
030 70 05 2.3 925,987,996
030 70 07 2.2 866,831,796
030 70 05 2.2 789,812,843
030 70 08 2.2 851,839,813
030 70 06 2.2 789,766,744
030 70 03 2.2 720,704,689
030 70 01 2.2 694,708,731
030 70 03 2.2 741,715,663
030 70 00 2.2 597,556,530
030 70 00 2.2 521,515,504
030 70 00 2.2 487,468,457
030 70 00 2.2 481,565,693
034 90 06 1.1 813,871,864
034 90 08 1.1 348,268,203
034 90 01 1.1 171,189,222
034 90 03 1.1 251,243,213
034 90 02 1.1 179,147,118
034 90 00 1.1 79,53,29
034 90 00 1.1 14,0,0
034 90 00 1.1 0,0,0
034 90 00 1.1 0,0,0
034 90 00 1.1 0,0,0
034 90 00 1.1 0,0,0
034 90 00 1.1 0,0,0
034 90 00 1.1 0,0,182
034 90 05 1.1 424,574,635
034 90 05 2.1 634,822,789
034 90 04 2.1 760,757,775
034 90 08 2.1 794,795,784
034 90 07 2.1 759,724,693
034 90 03 2.1 658,627,604
034 90 00 2.1 590,571,545
034 90 00 2.1 518,496,463
034 90 00 2.1 435,408,385
034 90 00 2.1 360,338,321
034 90 00 2.1 302,281,260
034 90 00 2.1 242,224,210
034 90 00 2.1 191,167,146
034 90 00 2.1 131,118,90
034 90 00 2.1 55,26,0
034 90 00 2.1 0,0,0
034 90 00 2.1 0,0,0
034 90 00 2.1 28,253,525
034 90 06 2.1 720,797,816
034 90 07 2.3 878,849,809
034 90 05 2.3 794,799,816
034 90 08 2.3 819,816,805
034 90 06 2.3 780,749,720
034 90 02 2.3 692,663,636
034 90 00 2.3 629,634,647
034 90 01 2.3 666,671,646
034 90 01 2.3 588,529,491
034 90 00 2.3 476,474,482
034 90 00 2.3 482,476,451
034 90 00 2.3 430,408,393
034 90 00 2.3 372,356,339
034 90 00 2.3 320,302,278
034 90 00 2.3 267,253,250
034 90 00 2.3 235,212,188
034 90 00 2.3 166,158,197
034 90 01 2.3 349,592,821
034 90 05 2.3 963,1009,1029
034 90 08 2.2 855,826,796
034 90 05 2.2 790,809,832
034 90 08 2.2 843,832,802
034 90 06 2.2 769,735,709
034 90 02 2.2 677,657,633
034 90 00 2.2 638,665,718
034 90 03 2.2 756,760,713
034 90 02 2.2 643,570,532
034 90 00 2.2 520,521,524
034 90 00 2.2 521,512,489
034 90 00 2.2 465,446,429
034 90 00 2.2 415,396,381
034 90 00 2.2 362,333,304
034 90 00 2.2 280,272,266
034 90 00 2.2 256,235,209
034 90 00 2.2 180,160,175
034 90 00 2.2 295,516,752
034 90 06 2.0 897,938,930
034 90 08 2.0 737,689,648
034 90 06 2.0 635,663,695
034 90 08 2.0 712,697,667
034 90 07 2.0 631,608,582
034 90 02 2.0 555,527,506
034 90 00 2.0 502,492,492
034 90 00 2.0 478,464,442
034 90 00 2.0 415,399,383
034 90 00 2.0 388,386,399
034 90 00 2.0 399,399,386
034 90 00 2.0 379,369,341
034 90 00 2.0 291,235,213
034 90 00 2.0 213,234,251
034 90 00 2.0 248,221,168
034 90 00 2.0 117,67,34
034 90 00 2.0 18,0,7
034 90 00 2.0 127,364,624
034 90 04 2.2 791,854,857
034 90 06 2.2 834,798,769
034 90 04 2.2 757,763,773
034 90 08 2.2 782,768,739
034 90 07 2.2 700,656,629
034 90 00 2.2 621,655,710
034 90 06 2.2 774,817,814
034 90 08 2.2 785,755,734
034 90 03 2.2 717,704,700
034 90 00 2.2 690,659,611
034 90 00 2.2 545,463,365
034 90 00 2.2 252,143,41
034 90 00 2.2 0,0,0
034 90 00 2.2 0,0,0
034 90 00 2.2 0,0,0
034 90 00 2.2 0,0,0
034 90 00 2.2 0,0,0
034 90 00 2.2 0,0,0
034 90 00 2.2 0,0,0
034 90 08 1.7 641,574,485
034 90 02 1.7 425,414,420
034 90 00 1.7 431,430,428
034 90 01 1.7 402,375,352
034 90 00 1.7 321,254,153
034 90 00 1.7 46,0,0
034 90 00 1.7 0,0,0
034 90 00 1.7 0,0,0
034 90 00 1.7 0,0,0
034 90 00 1.7 0,0,0
034 90 00 1.7 0,0,0
034 90 00 1.7 0,0,0
034 90 00 1.7 0,0,0
034 90 00 1.7 0,0,0
034 90 00 1.7 0,0,0
034 90 00 1.7 0,0,0
034 90 01 1.7 0,0,0
034 90 06 1.7 0,0,0
034 90 05 2.4 0,977,939
034 90 03 2.4 922,926,936
034 90 06 2.4 961,982,995
034 90 05 2.4 983,969,949
034 90 04 2.4 958,995,1054
034 90 05 2.4 1108,1150,1182
034 90 06 2.4 1209,1228,1277
034 90 06 2.4 1333,1385,1397
034 88 05 1.2 442,342,181
034 88 01 1.2 21,0,0
034 88 00 1.2 0,0,0
034 88 01 1.2 0,0,0
034 88 01 1.2 0,0,0
034 88 00 1.2 0,0,0
034 88 00 1.2 0,0,0
034 88 00 1.2 0,0,0
034 88 00 1.2 0,0,0
034 88 04 1.2 0,0,39
036 88 03 2.4 41,1004,964
036 88 04 2.4 946,958,973
036 88 08 2.4 978,968,949
036 88 07 2.4 922,876,828
036 88 02 2.4 785,768,754
036 88 00 2.4 761,765,774
036 88 01 2.4 753,717,665
036 88 00 2.4 619,579,551
036 88 00 2.4 527,512,506
036 88 00 2.4 492,463,418
036 88 00 2.4 385,353,323
036 88 00 2.4 291,258,229
036 88 00 2.4 198,172,146
036 88 00 2.4 124,104,87
036 88 00 2.4 76,54,36
036 88 00 2.4 3,0,33
036 88 01 2.4 201,459,703
036 88 06 2.1 850,892,892
036 88 06 2.1 856,826,814
036 88 07 2.1 826,858,875
036 88 08 2.1 877,865,843
036 88 06 2.1 807,774,750
036 88 02 2.1 733,705,681
036 88 00 2.1 678,681,690
036 88 01 2.1 674,649,589
036 88 00 2.1 523,461,422
036 88 00 2.1 405,393,379
036 88 00 2.1 362,334,303
036 88 00 2.1 269,243,229
036 88 00 2.1 209,185,155
036 88 00 2.1 122,87,59
036 88 00 2.1 40,28,7
036 88 00 2.1 0,0,0
036 88 00 2.1 0,32,230
036 88 04 2.1 506,742,867
036 88 04 2.3 913,922,950
036 88 07 2.3 923,905,909
036 88 04 2.3 923,938,939
036 88 08 2.3 931,912,880
036 88 05 2.3 839,796,758
036 88 01 2.3 734,718,734
036 88 01 2.3 765,796,809
036 88 03 2.3 799,755,680
036 88 00 2.3 613,578,577
036 88 00 2.3 594,599,599
036 88 00 2.3 583,567,543
036 88 00 2.3 510,483,462
036 88 00 2.3 452,442,428
036 88 00 2.3 411,396,393
036 88 00 2.3 393,387,361
036 88 00 2.3 334,318,329
036 88 00 2.3 424,620,872
036 88 07 2.3 1062,1150,1177
036 88 07 2.1 1182,840,808
036 88 05 2.1 781,793,810
036 88 08 2.1 825,818,796
036 88 07 2.1 765,738,715
036 88 03 2.1 689,669,649
036 88 01 2.1 633,626,621
036 88 01 2.1 632,677,801
036 88 06 2.1 955,1077,1123
036 88 04 1.2 476,406,324
036 88 03 1.2 276,274,289
036 88 03 1.2 300,295,281
036 88 02 1.2 252,222,191
036 88 01 1.2 164,127,98
036 88 00 1.2 80,68,51
036 88 00 1.2 23,11,25
036 88 01 1.2 126,294,481
036 88 04 1.6 605,654,656
036 88 03 1.6 624,583,541
036 88 05 1.6 512,511,524
036 88 03 1.6 524,514,497
036 88 03 1.6 481,445,397
036 88 01 1.6 354,326,312
036 88 00 1.6 296,286,276
036 88 00 1.6 277,320,438
036 88 04 1.6 599,730,787
038 88 03 1.3 792,503,463
038 88 07 1.3 406,355,339
038 88 03 1.3 349,355,347
038 88 03 1.3 315,285,249
038 88 00 1.3 219,180,144
038 88 00 1.3 113,91,81
038 88 00 1.3 73,56,22
038 88 00 1.3 0,0,0
038 88 00 1.3 0,0,0
038 88 00 1.3 0,0,0
038 88 00 1.3 0,0,0
038 88 00 1.3 0,0,0
038 88 00 1.3 0,0,0
038 88 00 1.3 0,0,0
038 88 00 1.3 0,0,0
038 88 00 1.3 0,0,0
038 88 00 1.3 0,0,0
038 88 06 1.3 174,307,360
038 88 04 2.1 362,838,788
038 88 06 2.1 754,746,761
038 88 08 2.1 776,768,751
038 88 06 2.1 719,684,641
038 88 02 2.1 598,562,535
038 88 00 2.1 509,487,474
038 88 00 2.1 462,447,430
038 88 00 2.1 425,473,599
038 88 05 2.1 775,921,996
038 88 05 1.4 1013,582,539
038 88 06 1.4 483,422,390
038 88 03 1.4 382,379,367
038 88 02 1.4 338,316,290
038 88 00 1.4 257,204,148
038 88 00 1.4 109,84,64
038 88 00 1.4 33,0,0
038 88 00 1.4 0,0,0
038 88 00 1.4 0,0,0
038 88 00 1.4 0,0,0
038 88 00 1.4 0,0,0
038 88 00 1.4 0,0,0
038 88 00 1.4 0,0,0
038 88 00 1.4 0,0,0
038 88 00 1.4 0,0,0
038 88 00 1.4 0,0,0
038 88 00 1.4 0,0,0
038 88 04 1.4 0,108,222
038 88 04 2.2 245,888,842
038 88 05 2.2 787,757,767
038 88 08 2.2 801,823,829
038 88 08 2.2 818,807,779
038 88 04 2.2 749,710,668
038 88 01 2.2 636,608,605
038 88 00 2.2 601,598,574
038 88 00 2.2 539,502,517
038 88 00 2.2 632,812,978
038 88 06 1.5 1068,1100,1092
038 88 05 1.5 548,485,430
038 88 05 1.5 404,406,417
038 88 03 1.5 416,398,367
038 88 01 1.5 333,289,247
038 88 00 1.5 219,200,185
038 88 00 1.5 167,148,135
038 88 00 1.5 119,95,64
038 88 00 1.5 34,12,0
038 88 00 1.5 0,0,0
038 88 00 1.5 0,0,0
038 88 00 1.5 0,0,0
038 88 00 1.5 0,0,0
038 88 00 1.5 0,0,0
038 88 00 1.5 0,0,0
038 88 00 1.5 0,0,0
038 88 00 1.5 0,0,0
038 88 03 1.5 67,295,419
038 88 03 2.1 435,830,770
038 88 06 2.1 713,680,680
038 88 07 2.1 698,720,732
038 88 07 2.1 727,700,668
038 88 03 2.1 635,608,575
038 88 00 2.1 551,529,517
038 88 00 2.1 510,500,485
038 88 00 2.1 477,521,654
038 88 05 2.1 849,1026,1131
041 88 08 1.7 1161,1161,654
041 88 05 1.7 610,564,532
041 88 06 1.7 532,537,542
041 88 05 1.7 532,529,524
041 88 03 1.7 514,490,468
041 88 02 1.7 448,431,414
041 88 00 1.7 397,378,352
041 88 00 1.7 320,287,256
041 88 00 1.7 233,216,201
041 88 00 1.7 184,164,137
041 88 00 1.7 108,83,61
041 88 00 1.7 39,32,30
041 88 00 1.7 40,35,25
041 88 00 1.7 15,13,3
041 88 00 1.7 0,0,0
041 88 00 1.7 0,0,0
041 88 01 1.7 111,348,593
041 88 06 2.1 749,791,832
041 88 06 2.1 781,727,693
041 88 08 2.1 700,732,763
041 88 08 2.1 773,767,759
041 88 06 2.1 739,720,688
041 88 03 2.1 661,631,612
041 88 00 2.1 594,579,558
041 88 00 2.1 543,538,597
041 88 03 2.1 743,935,1094
041 88 07 1.7 1178,1213,1210
041 88 05 1.7 652,608,565
041 88 07 1.7 540,543,553
041 88 05 1.7 553,532,510
041 88 03 1.7 484,460,429
041 88 00 1.7 399,376,354
041 88 00 1.7 334,303,269
041 88 00 1.7 231,201,172
041 88 00 1.7 147,128,106
041 88 00 1.7 93,71,57
041 88 00 1.7 37,15,0
041 88 00 1.7 0,0,0
041 88 00 1.7 0,0,0
041 88 00 1.7 0,0,0
041 88 00 1.7 0,0,0
041 88 00 1.7 0,0,0
041 88 00 1.7 0,0,52
041 88 06 1.7 305,472,532
041 88 07 2.0 794,753,705
041 88 05 2.0 673,663,680
041 88 08 2.0 705,710,698
041 88 08 2.0 670,642,610
041 88 02 2.0 578,548,518
041 88 00 2.0 504,493,488
041 88 00 2.0 471,456,441
041 88 00 2.0 461,554,724
041 88 07 2.0 897,1016,1058
041 88 08 1.5 1060,588,544
041 88 08 1.5 491,460,450
041 88 04 1.5 452,447,424
041 88 03 1.5 394,365,333
041 88 00 1.5 295,251,227
041 88 00 1.5 214,202,172
041 88 00 1.5 151,127,112
041 88 00 1.5 80,55,32
041 88 00 1.5 12,0,0
041 88 00 1.5 0,0,0
041 88 00 1.5 0,0,0
041 88 00 1.5 0,0,0
041 88 00 1.5 0,0,0
041 88 00 1.5 0,0,0
041 88 00 1.5 0,0,0
041 88 00 1.5 0,0,0
041 88 00 1.5 0,0,98
041 88 06 2.2 308,389,396
041 88 07 2.2 877,862,834
041 88 03 2.2 824,829,857
041 88 08 2.2 866,859,833
041 88 06 2.2 805,773,745
041 88 02 2.2 715,693,675
041 88 01 2.2 667,660,647
041 88 00 2.2 630,613,611
041 88 00 2.2 638,743,912
041 88 06 2.2 1084,1192,1234
044 88 07 1.6 1242,611,566
044 88 06 1.6 504,459,440
044 88 04 1.6 443,440,421
044 88 02 1.6 393,362,334
044 88 00 1.6 299,266,238
044 88 00 1.6 221,202,177
044 88 00 1.6 149,117,96
044 88 00 1.6 74,54,29
044 88 00 1.6 6,0,0
044 88 00 1.6 0,0,0
044 88 00 1.6 0,0,0
044 88 00 1.6 0,0,0
044 88 00 1.6 0,0,0
044 88 00 1.6 0,0,0
044 88 00 1.6 0,0,0
044 88 00 1.6 0,0,0
044 88 00 1.6 0,0,0
044 88 05 1.6 98,314,416
044 88 04 2.3 435,905,867
044 88 05 2.3 823,790,785
044 88 08 2.3 801,821,816
044 88 07 2.3 795,757,722
044 88 03 2.3 691,666,644
044 88 00 2.3 621,605,592
044 88 00 2.3 582,565,542
044 88 00 2.3 513,486,453
044 88 00 2.3 424,398,379
044 88 00 2.3 362,343,320
044 88 00 2.3 295,271,252
044 88 00 2.3 229,207,187
044 88 00 2.3 168,141,121
044 88 00 2.3 100,84,56
044 88 00 2.3 27,2,0
044 88 00 2.3 0,0,0
044 88 00 2.3 0,0,0
044 88 02 2.3 211,504,730
044 88 05 2.3 833,858,948
044 88 07 2.3 918,880,851
044 88 07 2.3 849,864,877
044 88 08 2.3 875,854,824
044 88 05 2.3 789,756,723
044 88 01 2.3 690,660,638
044 88 00 2.3 622,608,588
044 88 00 2.3 563,543,533
044 88 00 2.3 556,654,827
044 88 05 2.3 1017,1135,1168
048 88 06 1.6 1156,591,543
048 88 07 1.6 486,462,464
048 88 05 1.6 479,470,453
048 88 03 1.6 422,390,356
048 88 00 1.6 322,291,273
048 88 00 1.6 259,253,235
048 88 00 1.6 215,190,170
048 88 00 1.6 142,119,94
048 88 00 1.6 79,64,47
048 88 00 1.6 20,0,0
048 88 00 1.6 0,0,0
048 88 00 1.6 0,0,0
048 88 00 1.6 0,0,0
048 88 00 1.6 0,0,0
048 88 00 1.6 0,0,0
048 88 00 1.6 0,0,0
048 88 00 1.6 0,0,0
048 88 06 1.6 237,439,525
048 88 04 2.3 538,902,858
048 88 05 2.3 812,792,799
048 88 08 2.3 820,835,833
048 88 07 2.3 813,785,756
048 88 03 2.3 728,698,671
048 88 01 2.3 650,632,619
048 88 00 2.3 609,599,585
048 88 00 2.3 565,556,572
048 88 01 2.3 674,844,1026
048 88 06 1.5 1139,1175,1170
048 88 05 1.5 590,550,512
048 88 07 1.5 497,512,530
048 88 06 1.5 527,501,466
048 88 03 1.5 433,399,363
048 88 00 1.5 331,318,316
048 88 00 1.5 310,297,274
048 88 00 1.5 253,221,190
048 88 00 1.5 162,137,122
048 88 00 1.5 109,99,78
048 88 00 1.5 56,26,3
048 88 00 1.5 0,0,0
048 88 00 1.5 0,0,0
048 88 00 1.5 0,0,0
048 88 00 1.5 0,0,0
048 88 00 1.5 0,0,0
048 88 00 1.5 0,0,0
048 88 00 1.5 0,77,346
044 90 06 2.3 525,592,593
044 90 07 2.3 892,853,820
044 90 05 2.3 808,820,836
044 90 08 2.3 848,831,808
044 90 06 2.3 772,741,707
044 90 01 2.3 669,636,608
044 90 00 2.3 589,572,557
044 90 00 2.3 544,522,507
044 90 00 2.3 490,501,588
044 90 03 2.3 764,967,1092
044 90 07 1.6 1136,1128,619
044 90 05 1.6 572,526,495
044 90 05 1.6 495,494,489
044 90 04 1.6 469,449,424
044 90 01 1.6 386,350,313
044 90 00 1.6 293,275,255
044 90 00 1.6 232,211,184
044 90 00 1.6 150,110,75
044 90 00 1.6 51,24,0
044 90 00 1.6 0,0,0
044 90 00 1.6 0,0,0
044 90 00 1.6 0,0,0
044 90 00 1.6 0,0,0
044 90 00 1.6 0,0,0
044 90 00 1.6 0,0,0
044 90 00 1.6 0,0,0
044 90 00 1.6 0,0,0
044 90 00 1.6 0,0,2
044 90 07 1.6 247,373,398
044 90 05 2.2 895,850,802
044 90 05 2.2 769,764,772
044 90 08 2.2 776,761,733
044 90 05 2.2 692,650,607
044 90 01 2.2 571,533,498
044 90 00 2.2 468,444,421
044 90 00 2.2 397,381,362
044 90 00 2.2 346,319,304
044 90 00 2.2 344,485,677
044 90 06 2.2 839,910,922
048 90 05 1.5 606,576,531
048 90 07 1.5 487,473,487
048 90 05 1.5 495,486,464
048 90 03 1.5 438,401,363
048 90 00 1.5 326,297,278
048 90 00 1.5 257,229,199
048 90 00 1.5 178,163,134
048 90 00 1.5 105,75,49
048 90 00 1.5 10,0,0
048 90 00 1.5 0,0,0
048 90 00 1.5 0,0,0
048 90 02 1.5 0,0,0
048 90 01 1.5 0,0,0
048 90 00 1.5 0,0,0
048 90 00 1.5 0,0,0
048 90 00 1.5 0,0,0
048 90 00 1.5 0,0,0
048 90 01 1.5 0,0,125
048 90 05 1.5 309,377,388
048 90 05 2.5 979,935,894
048 90 04 2.5 874,884,902
048 90 06 2.5 914,902,879
048 90 04 2.5 851,825,789
048 90 02 2.5 756,727,704
048 90 01 2.5 678,656,640
048 90 01 2.5 623,599,574
048 90 00 2.5 556,541,552
048 90 01 2.5 647,824,1021
048 90 04 1.6 1145,1185,1183
048 90 03 1.6 618,574,522

