176927!20190913_171858!0!0
2.88!3.02!3.24!3.23!3.3!3.37!
94!71!75!601!601
499.8 3.44 31 88

074 94 03 6.7 900,1061,1791
074 94 04 6.7 1583,1324,1094
074 94 02 6.7 962,946,983
074 94 00 6.7 998,948,834
074 94 00 6.7 676,498,320
074 94 00 6.7 156,11,0
074 94 00 6.7 0,0,0
074 94 00 6.7 294,930,1441
074 94 06 6.7 1621,1823,1606
074 94 04 6.7 1338,1101,972
074 94 00 6.7 965,1022,1052
074 94 00 6.7 1009,897,741
074 94 00 6.7 566,385,215
074 94 00 6.7 63,0,0
074 94 00 6.7 0,0,188
074 94 02 6.7 853,1489,1794
074 94 05 7.3 1776,1866,1614
074 94 08 7.3 1368,1210,1166
074 94 00 7.3 1206,1242,1222
074 94 01 7.3 1129,981,810
074 94 00 7.3 636,478,338
074 94 00 7.3 210,91,21
074 94 00 7.3 187,720,1440
074 94 04 7.6 1999,2192,2102
074 94 06 7.6 1918,1688,1483
074 94 06 7.6 1370,1372,1422
074 94 05 7.6 1447,1403,1298
074 94 01 7.6 1149,988,829
074 94 00 7.6 692,569,456
074 94 00 7.6 355,322,556
074 94 03 7.6 1122,1803,2268
075 94 08 7.3 2386,1980,1797
075 94 08 7.3 1583,1400,1318
075 94 07 7.3 1331,1376,1385
075 94 07 7.3 1329,1216,1068
075 94 00 7.3 909,763,635
075 94 00 7.3 528,436,350
075 94 00 7.3 315,495,989
075 94 06 7.3 1624,2101,2260
075 94 05 6.9 1889,1723,1518
075 94 07 6.9 1345,1262,1280
075 94 06 6.9 1325,1341,1285
075 94 04 6.9 1183,1039,886
075 94 00 6.9 740,623,534
075 94 00 6.9 456,376,302
075 94 01 6.9 303,561,1082
075 94 05 6.9 1659,2011,2069
075 94 06 6.4 1664,1463,1242
075 94 08 6.4 1086,1044,1084
075 94 05 6.4 1130,1110,1030
075 94 01 6.4 897,741,582
075 94 00 6.4 446,345,274
075 94 00 6.4 218,168,110
075 94 00 6.4 56,93,390
075 94 02 6.4 925,1460,1744
075 94 06 6.2 1747,1550,1332
075 94 07 6.2 1130,1022,1029
075 94 04 6.2 1093,1130,1104
075 94 04 6.2 1015,891,748
075 94 00 6.2 610,491,392
075 94 00 6.2 311,236,157
075 94 01 6.2 78,76,328
075 94 03 6.2 848,1420,1764
075 94 06 6.4 1821,1647,1450
075 94 04 6.4 1241,1090,1055
075 94 03 6.4 1098,1142,1128
075 94 03 6.4 1045,914,761
075 94 01 6.4 608,479,377
075 94 00 6.4 300,232,163
075 94 01 6.4 88,70,286
075 94 01 6.4 790,1391,1794
075 94 03 6.6 1901,1752,1571
075 94 04 6.6 1361,1199,1146
075 94 05 6.6 1176,1225,1219
075 94 05 6.6 1147,1021,865
075 94 00 6.6 712,570,461
075 94 00 6.6 376,311,246
075 94 00 6.6 173,94,108
075 94 00 6.6 404,963,1542
075 94 05 6.7 1865,1911,1722
075 94 05 6.7 1534,1337,1208
075 94 06 6.7 1192,1246,1285
075 94 08 6.7 1258,1166,1035
075 94 00 6.7 890,742,608
075 94 00 6.7 500,431,383
075 94 00 6.7 324,245,149
075 94 01 6.7 78,157,531
075 94 04 6.7 1097,1588,1794
075 94 05 6.3 1753,1511,1292
075 94 05 6.3 1114,1045,1085
075 94 05 6.3 1151,1171,1118
075 94 03 6.3 1006,862,708
075 94 00 6.3 570,452,364
075 94 00 6.3 302,252,197
075 94 00 6.3 113,27,60
075 94 00 6.3 391,968,1526
074 94 06 6.7 1813,1830,1693
074 94 04 6.7 1508,1322,1207
074 94 08 6.7 1198,1250,1284
074 94 08 6.7 1254,1162,1033
074 94 00 6.7 881,732,604
074 94 00 6.7 510,446,388
074 94 00 6.7 320,243,242
074 94 00 6.7 494,1018,1601
074 94 05 6.7 1971,2056,1752
074 94 06 6.7 1585,1389,1239
074 94 07 6.7 1196,1240,1287
074 94 08 6.7 1277,1200,1081
074 94 00 6.7 936,787,661
074 94 00 6.7 568,508,457
074 94 00 6.7 397,317,229
074 94 00 6.7 221,489,1030
074 94 04 6.7 1619,1970,2041
074 94 06 6.8 1752,1584,1395
074 94 06 6.8 1254,1229,1282
074 94 08 6.8 1329,1311,1223
074 94 04 6.8 1094,945,799
074 94 00 6.8 675,579,513
074 94 00 6.8 458,400,318
074 94 00 6.8 213,111,116
074 94 00 6.8 407,945,1494
074 94 03 6.5 1792,1823,1615
074 94 08 6.5 1422,1228,1116
074 94 05 6.5 1123,1190,1234
074 94 07 6.5 1204,1113,987
074 94 00 6.5 848,718,608
074 94 00 6.5 527,470,426
074 94 00 6.5 376,299,201
074 94 00 6.5 111,170,526
074 94 03 6.5 1097,1618,1862
074 94 06 6.6 1863,1635,1444
074 94 04 6.6 1254,1145,1150
074 94 04 6.6 1207,1231,1180
074 94 03 6.6 1066,923,764
074 94 00 6.6 621,503,427
074 94 00 6.6 370,315,250
074 94 00 6.6 176,155,369
074 94 01 6.6 861,1443,1829
074 94 03 6.7 1932,1716,1557
074 94 04 6.7 1364,1199,1137
074 94 04 6.7 1160,1203,1191
074 94 03 6.7 1108,974,816
074 94 00 6.7 661,525,418
074 94 00 6.7 339,281,218
074 94 00 6.7 137,39,2
074 94 00 6.7 216,732,1348
074 94 03 7.1 1764,1882,1818
074 94 06 7.1 1660,1462,1303
074 94 06 7.1 1239,1263,1304
074 94 06 7.1 1289,1205,1077
074 94 00 7.1 922,769,622
074 94 00 7.1 507,417,355
074 94 02 7.1 296,226,131
074 94 01 7.1 20,0,132
074 94 01 7.1 608,1199,1598
074 94 07 6.5 1706,1666,1487
074 94 05 6.5 1281,1124,1082
074 94 03 6.5 1126,1175,1163
074 94 03 6.5 1081,954,810
074 94 00 6.5 669,548,455
074 94 00 6.5 392,347,301
074 94 00 6.5 233,137,28
074 94 01 6.5 0,137,615
074 94 03 6.5 1217,1638,1753
074 94 04 6.7 1699,1512,1296
074 94 04 6.7 1127,1072,1111
074 94 03 6.7 1160,1150,1064
074 94 01 6.7 934,776,612
074 94 00 6.7 457,335,250
074 94 01 6.7 186,117,31
074 94 01 6.7 0,0,145
074 94 01 6.7 664,1268,1662
074 94 03 6.9 1758,1773,1596
074 94 05 6.9 1391,1230,1180
074 94 04 6.9 1214,1256,1240
074 94 05 6.9 1157,1020,860
074 94 00 6.9 703,567,456
074 94 00 6.9 370,296,218
074 94 01 6.9 130,69,183
074 94 00 6.9 605,1209,1720
074 94 07 7.0 1929,1912,1705
074 94 07 7.0 1520,1335,1237
074 94 06 7.0 1238,1282,1288
074 94 06 7.0 1225,1108,956
074 94 00 7.0 796,652,537
074 94 00 7.0 462,408,357
074 94 00 7.0 288,198,108
074 94 00 7.0 123,418,962
074 94 04 6.6 1513,1819,1858
074 94 05 6.6 1657,1464,1271
074 94 05 6.6 1161,1165,1226
074 94 04 6.6 1258,1225,1123
074 94 02 6.6 988,840,708
074 94 01 6.6 604,530,487
074 94 00 6.6 449,400,327
074 94 00 6.6 241,230,474
074 94 02 6.6 982,1545,1896
073 94 03 6.6 1979,1683,1517
073 94 04 6.6 1329,1202,1182
073 94 05 6.6 1230,1267,1240
073 94 04 6.6 1154,1020,875
073 94 00 6.6 732,617,531
073 94 00 6.6 467,409,339
073 94 00 6.6 259,230,426
073 94 01 4.2 889,433,0
073 94 00 4.2 0,0,0
073 94 00 4.2 0,0,0
073 94 00 4.2 0,0,0
073 94 00 4.2 0,0,0
073 94 00 4.2 0,0,0
073 94 00 4.2 0,0,0
073 94 00 4.2 0,0,0
073 94 00 4.2 0,0,0
073 94 07 6.8 0,0,2464
073 94 05 6.8 2184,1919,1795
073 94 00 6.8 1821,1885,1869
073 94 01 6.8 1747,1548,1316
073 94 00 6.8 1082,878,729
073 94 01 6.8 632,565,486
073 94 00 6.8 363,207,43
073 94 00 6.8 61,501,1296
072 94 02 6.5 2089,2507,2554
072 94 04 6.5 2366,2080,1793
072 94 04 6.5 1642,1657,1742
072 94 05 6.5 1772,1693,1535
072 94 01 6.5 1331,1120,918
072 94 00 6.5 757,646,578
072 94 00 6.5 517,431,312
072 94 00 6.5 161,58,223
072 94 00 6.5 850,1721,2425
072 94 04 6.7 2681,2558,2326
072 94 07 6.7 2026,1759,1638
072 94 06 6.7 1672,1748,1733
072 94 06 6.7 1608,1389,1136
072 94 00 6.7 871,634,442
072 94 00 6.7 295,180,70
072 94 00 6.7 0,0,0
072 94 01 6.7 165,960,1808
072 94 06 6.7 2301,2372,2466
072 94 05 6.7 2179,1866,1632
072 94 04 6.7 1568,1622,1669
072 94 04 6.7 1614,1452,1218
072 94 00 6.7 952,683,448
072 94 00 6.7 268,146,51
072 94 00 6.7 0,0,0
072 94 00 6.7 0,59,919
071 94 05 7.1 1839,2348,2405
071 94 07 7.1 2614,2299,1962
071 94 06 7.1 1712,1626,1665
071 94 02 7.1 1700,1644,1481
071 94 00 7.1 1245,971,688
071 94 00 7.1 431,223,74
071 94 00 7.1 0,0,0
071 94 00 7.1 0,0,0
071 94 00 7.1 125,1032,1871
071 94 06 6.9 2251,2220,2486
071 94 07 6.9 2126,1790,1614
071 94 01 6.9 1620,1704,1742
071 94 04 6.9 1668,1497,1257
071 94 00 6.9 986,710,463
071 94 00 6.9 260,115,0
071 94 00 6.9 0,0,0
071 94 00 6.9 0,0,634
071 94 04 6.9 1608,2252,2384
071 94 07 7.1 2691,2349,1977
071 94 04 7.1 1705,1619,1680
071 94 02 7.1 1752,1749,1628
071 94 00 7.1 1422,1164,902
071 94 00 7.1 662,460,299
071 94 00 7.1 176,54,0
071 94 00 7.1 0,101,867
071 94 06 7.1 1880,2644,2890
071 94 08 7.4 2948,2676,2347
071 94 03 7.4 2060,1930,1959
071 94 04 7.4 2047,2074,1982
071 94 03 7.4 1792,1549,1291
071 94 01 7.4 1050,853,703
071 94 01 7.4 583,465,355
071 94 01 7.4 382,843,1734
071 94 04 7.4 2683,3242,3348
071 94 05 7.4 2867,2598,2297
071 94 03 7.4 2085,2035,2116
071 94 05 7.4 2188,2165,2025
071 94 03 7.4 1820,1583,1351
071 94 00 7.4 1161,1025,931
071 94 00 7.4 847,755,647
071 94 00 7.4 585,823,1504
071 94 03 7.4 2403,3085,3326
071 94 04 6.8 2676,2454,2170
071 94 04 6.8 1924,1817,1835
071 94 05 6.8 1887,1868,1758
071 94 02 6.8 1569,1344,1121
071 94 00 6.8 921,763,647
071 94 00 6.8 577,510,425
071 94 00 6.8 314,224,361
071 94 00 6.8 923,1773,2501
071 94 03 6.5 2815,2776,2331
071 94 08 6.5 2026,1751,1628
071 94 06 6.5 1664,1749,1769
071 94 07 6.5 1679,1518,1305
071 94 00 6.5 1087,884,731
071 94 00 6.5 614,531,452
071 94 00 6.5 356,247,265
071 94 00 6.5 686,1474,2295
071 94 03 6.6 2756,2826,2445
071 94 07 6.6 2169,1874,1686
071 94 07 6.6 1661,1742,1790
071 94 08 6.6 1742,1593,1385
071 94 00 6.6 1160,951,779
071 94 00 6.6 658,563,480
071 94 00 6.6 366,258,308
071 94 00 6.6 777,1585,2389
071 94 05 6.7 2808,2860,2449
071 94 07 6.7 2184,1897,1712
071 94 07 6.7 1690,1761,1797
071 94 08 6.7 1724,1553,1326
071 94 00 6.7 1081,855,664
071 94 00 6.7 522,420,333
071 94 00 6.7 237,114,51
071 94 00 6.7 299,990,1870
072 94 04 6.8 2519,2727,2598
072 94 08 6.8 2358,2059,1805
072 94 07 6.8 1715,1769,1846
072 94 08 6.8 1838,1720,1524
072 94 01 6.8 1293,1063,873
072 94 00 6.8 731,649,595
072 94 00 6.8 534,441,306
072 94 00 6.8 174,205,673
072 94 03 6.8 1492,2298,2706
072 94 05 6.6 2739,2404,2115
072 94 08 6.6 1828,1673,1692
072 94 08 6.6 1786,1831,1762
072 94 06 6.6 1599,1378,1140
072 94 00 6.6 921,740,604
072 94 00 6.6 508,415,305
072 94 00 6.6 164,63,236
072 94 00 6.6 854,1723,2423
072 94 05 6.7 2684,2555,2318
072 94 08 6.7 2004,1726,1598
072 94 06 6.7 1623,1689,1680
072 94 06 6.7 1564,1369,1121
072 94 00 6.7 871,654,490
072 94 00 6.7 370,275,174
072 94 00 6.7 55,0,4
072 94 00 6.7 539,1421,2248
072 94 07 7.0 2640,2654,2552
072 94 04 7.0 2265,1963,1769
072 94 05 7.0 1738,1801,1818
072 94 06 7.0 1738,1561,1325
072 94 00 7.0 1068,824,618
072 94 00 7.0 455,338,235
072 94 00 7.0 124,0,0
072 94 00 7.0 0,637,1596
072 94 07 7.4 2404,2740,2703
072 94 06 7.4 2636,2326,2033
072 94 04 7.4 1864,1859,1924
072 94 07 7.4 1938,1844,1656
072 94 00 7.4 1405,1130,864
072 94 00 7.4 652,493,386
072 94 00 7.4 291,174,14
072 94 00 7.4 0,0,527
072 94 01 7.4 1427,2210,2528
072 94 06 6.8 2463,2355,2008
072 94 08 6.8 1694,1540,1563
072 94 02 6.8 1653,1680,1593
072 94 01 6.8 1410,1179,931
072 94 00 6.8 696,491,340
072 94 00 6.8 248,188,116
072 94 02 6.8 7,0,0
072 94 00 6.8 0,597,1555
072 94 07 7.1 2321,2587,2756
072 94 06 7.1 2484,2154,1868
072 94 08 7.1 1747,1779,1864
072 94 08 7.1 1878,1786,1611
072 94 01 7.1 1385,1142,905
072 94 00 7.1 710,557,454
072 94 00 7.1 356,237,85
072 94 00 7.1 8,311,1100
072 94 03 7.1 2065,2725,2895
072 94 07 7.3 2768,2507,2204
072 94 04 7.3 1953,1856,1900
072 94 08 7.3 1972,1966,1849
072 94 04 7.3 1658,1431,1194
072 94 00 7.3 967,785,654
072 94 01 7.3 560,471,355
072 94 01 7.3 224,230,689
072 94 03 7.3 1576,2497,3008
072 94 07 7.3 3078,2733,2467
072 94 07 7.3 2173,1969,1919
072 94 08 7.3 1985,2037,2000
072 94 05 7.3 1858,1654,1421
072 94 00 7.3 1194,989,833
072 94 00 7.3 722,637,539
072 94 00 7.3 416,273,265
072 94 00 7.3 693,1535,2430
072 94 06 7.1 2937,3015,2618
072 94 07 7.1 2330,2025,1817
072 94 06 7.1 1789,1874,1946
072 94 08 7.1 1910,1778,1586
072 94 01 7.1 1380,1183,1019
072 94 00 7.1 906,844,801
072 94 01 7.1 745,639,506
072 94 00 7.1 377,459,989
072 94 03 7.1 1844,2628,2985
072 94 05 6.8 2971,2400,2104
072 94 07 6.8 1827,1681,1697
072 94 07 6.8 1769,1791,1704
072 94 04 6.8 1531,1304,1071
072 94 00 6.8 855,679,551
072 94 00 6.8 471,404,325
072 94 00 6.8 208,111,269
072 94 00 6.8 898,1791,2537
073 94 04 7.1 2840,2830,2534
073 94 04 7.1 2269,2011,1878
073 94 07 7.1 1894,1967,1976
073 94 08 7.1 1881,1707,1497
073 94 00 7.1 1273,1074,922
073 94 00 7.1 828,765,698
073 94 00 7.1 591,447,344
073 94 00 7.1 559,1229,2117
073 94 06 7.0 2785,3021,2626
073 94 05 7.0 2429,2171,1938
073 94 06 7.0 1841,1872,1930
073 94 08 7.0 1915,1797,1614
073 94 00 7.0 1395,1172,972
073 94 00 7.0 811,693,601
073 94 00 7.0 509,399,262
073 94 00 7.0 149,263,835
073 94 03 7.0 1696,2451,2773
073 94 05 6.9 2750,2401,2118
073 94 05 6.9 1846,1717,1741
073 94 07 6.9 1827,1842,1751
073 94 04 6.9 1570,1336,1079
073 94 00 6.9 832,621,458
073 94 00 6.9 347,261,163
073 94 00 6.9 30,0,0
073 94 00 6.9 0,265,1163
072 94 06 7.2 2019,2439,2456
072 94 05 7.2 2580,2287,1986
072 94 03 7.2 1812,1799,1875
072 94 05 7.2 1904,1817,1639
072 94 01 7.2 1397,1147,905
072 94 00 7.2 708,549,424
072 94 01 7.2 311,180,29
072 94 00 7.2 0,22,630
072 94 02 7.2 1544,2304,2614
072 94 05 7.1 2576,2487,2194
072 94 03 7.1 1913,1750,1744
072 94 03 7.1 1802,1807,1709
072 94 01 7.1 1518,1279,1021
072 94 00 7.1 779,579,427
072 94 00 7.1 310,192,55
072 94 00 7.1 0,0,49
072 94 01 7.1 794,1735,2404
072 94 04 7.2 2603,2707,2461
072 94 04 7.2 2147,1877,1748
072 94 03 7.2 1769,1830,1815
072 94 03 7.2 1690,1479,1230
072 94 00 7.2 973,740,544
072 94 01 7.2 397,272,147
072 94 00 7.2 0,0,0
072 94 00 7.2 0,696,1635
072 94 05 7.0 2309,2501,2649
072 94 04 7.0 2366,2028,1753
072 94 03 7.0 1646,1693,1762
072 94 03 7.0 1747,1618,1410
072 94 00 7.0 1170,916,688
072 94 00 7.0 497,365,273
072 94 01 7.0 197,98,0
072 94 01 7.0 0,0,274
072 94 01 7.0 1141,2033,2500
072 94 05 7.0 2524,2522,2192
072 94 04 7.0 1861,1660,1641
072 94 03 7.0 1728,1780,1732
072 94 03 7.0 1575,1365,1129
072 94 00 7.0 905,704,545
072 94 01 7.0 423,334,234
072 94 02 7.0 126,19,137
072 94 00 7.0 725,1656,2507
072 94 04 7.4 2901,2903,2699
072 94 07 7.4 2420,2147,1972
072 94 07 7.4 1957,2022,2060
072 94 08 7.4 1986,1821,1589
072 94 00 7.4 1338,1098,899
072 94 00 7.4 747,642,553
072 94 02 7.4 455,332,275
072 94 00 7.4 584,1354,2298
072 94 06 7.3 2949,3140,2776
072 94 06 7.3 2547,2263,2025
072 94 06 7.3 1928,1966,2038
072 94 02 7.3 2029,1906,1704
072 94 01 7.3 1473,1246,1039
072 94 00 7.3 875,764,686
072 94 00 7.3 600,482,352
072 94 00 7.3 364,800,1622
072 94 07 7.0 2478,2953,3025
072 94 07 7.0 2556,2295,2013
072 94 08 7.0 1816,1778,1836
072 94 08 7.0 1873,1815,1666
072 94 01 7.0 1450,1207,983
072 94 00 7.0 798,669,570
072 94 00 7.0 495,402,286
072 94 00 7.0 144,148,567
072 94 02 7.0 1365,2183,2621
072 94 07 6.6 2672,2403,2127
072 94 08 6.6 1830,1632,1612
072 94 07 6.6 1689,1741,1688
072 94 05 6.6 1541,1334,1092
072 94 00 6.6 857,652,508
072 94 00 6.6 413,350,279
072 94 00 6.6 177,30,0
072 94 00 6.6 0,266,1054
071 94 02 6.7 1894,2368,2421
071 94 06 6.7 2392,2080,1759
071 94 03 6.7 1563,1536,1612
071 94 07 6.7 1648,1588,1436
071 94 00 6.7 1221,987,748
071 94 00 6.7 546,397,296
071 94 00 6.7 209,104,0
071 94 00 6.7 0,0,315
071 94 03 6.7 1160,2012,2463
071 94 06 6.9 2516,2551,2283
071 94 08 6.9 1996,1801,1755
071 94 06 6.9 1800,1819,1749
071 94 03 6.9 1580,1347,1085
071 94 00 6.9 831,613,445
071 94 00 6.9 325,221,94
071 94 00 6.9 0,0,119
071 94 01 6.9 844,1777,2458
071 94 04 7.2 2682,2745,2506
071 94 08 7.2 2203,1941,1831
071 94 08 7.2 1854,1916,1895
071 94 06 7.2 1770,1560,1314
071 94 00 7.2 1059,825,633
071 94 00 7.2 498,393,293
071 94 00 7.2 162,13,0
071 94 00 7.2 362,1191,2118
071 94 04 7.3 2691,2815,2722
071 94 08 7.3 2454,2146,1919
071 94 08 7.3 1849,1900,1943
071 94 08 7.3 1896,1743,1520
071 94 00 7.3 1266,1022,805
071 94 00 7.3 634,513,426
071 94 00 7.3 344,234,90
071 94 00 7.3 0,0,459
071 94 03 7.3 1316,2163,2592
071 94 06 6.9 2609,2477,2161
071 94 05 6.9 1857,1688,1696
071 94 05 6.9 1784,1824,1758
071 94 04 6.9 1595,1377,1141
071 94 00 6.9 917,733,600
071 94 00 6.9 515,449,369
071 94 00 6.9 249,97,0
071 94 00 6.9 123,767,1704
071 94 07 7.2 2484,2799,2769
071 94 07 7.2 2592,2299,2025
071 94 08 7.2 1891,1908,1984
071 94 02 7.2 1998,1908,1734
071 94 01 7.2 1514,1285,1072
071 94 00 7.2 905,785,692
071 94 00 7.2 593,475,347
071 94 00 7.2 366,802,1629
071 94 07 7.2 2500,3004,3102
071 94 04 7.1 2639,2378,2083
071 94 06 7.1 1871,1816,1869
071 94 08 7.1 1909,1848,1689
071 94 01 7.1 1465,1216,976
071 94 00 7.1 768,612,504
071 94 01 7.1 426,335,211
071 94 01 7.1 60,77,539
071 94 02 7.1 1410,2297,2798
071 94 06 7.3 2893,2736,2485
071 94 07 7.3 2192,1984,1932
071 94 08 7.3 1991,2029,1965
071 94 06 7.3 1799,1570,1318
071 94 00 7.3 1079,869,711
071 94 00 7.3 591,511,424
071 94 01 7.3 305,131,0
071 94 00 7.3 0,319,1134
071 94 04 7.3 2029,2566,2674
071 94 07 7.1 2623,2340,2036
071 94 07 7.1 1834,1806,1883
071 94 07 7.1 1941,1897,1756
071 94 02 7.1 1550,1328,1115
071 94 00 7.1 941,808,717
071 94 00 7.1 653,585,477
071 94 00 7.1 328,168,159
071 94 00 7.1 579,1419,2323
071 94 05 7.3 2861,2979,2729
071 94 03 7.3 2481,2192,1993
071 94 06 7.3 1952,2020,2066
071 94 04 7.3 2017,1872,1659
071 94 00 7.3 1425,1192,1001
071 94 00 7.3 855,755,668
071 94 00 7.3 568,443,317
071 94 00 7.3 363,838,1684
071 94 07 7.3 2527,2987,3063
071 94 03 7.1 2626,2380,2099
071 94 06 7.1 1905,1851,1902
071 94 08 7.1 1931,1870,1708
071 94 01 7.1 1480,1230,993

