177628!20190925_161730!0!0
2.56!2.42!2.47!2.41!2.49!2.48!
98!67!84!0!601
390.0 2.29 69 52

084 98 02 2.8 1018,974,926
084 98 00 2.8 873,827,774
084 98 00 2.8 725,678,639
084 98 00 2.8 594,569,665
084 98 05 2.8 896,1177,1376
084 98 03 2.6 1470,1506,1502
084 98 06 2.6 898,849,813
084 98 08 2.6 794,778,755
084 98 04 2.6 718,679,632
084 98 00 2.6 578,525,471
084 98 00 2.6 428,376,329
084 98 00 2.6 280,239,288
084 98 01 2.6 483,785,1059
084 98 05 2.6 1234,1322,1363
082 98 06 3.1 1359,1093,1060
082 98 04 3.1 1038,1025,1014
082 98 08 3.1 991,959,913
082 98 03 3.1 866,816,767
082 98 00 3.1 716,669,623
082 98 00 3.1 576,527,516
082 98 00 3.1 639,900,1215
082 98 06 3.1 1459,1604,1689
082 98 07 3.4 1723,1203,1161
082 98 07 3.4 1123,1108,1093
082 98 07 3.4 1072,1038,993
082 98 04 3.4 941,883,831
082 98 00 3.4 777,728,677
082 98 00 3.4 631,579,522
082 98 00 3.4 496,593,838
082 98 06 3.4 1151,1401,1552
082 98 06 3.3 1625,1647,1124
082 98 06 3.3 1076,1028,998
082 98 07 3.3 970,936,892
082 98 04 3.3 840,781,721
082 98 00 3.3 659,601,543
082 98 00 3.3 493,444,394
082 98 02 3.3 341,300,369
082 98 01 3.3 577,867,1103
080 98 06 2.8 1232,1277,1282
080 98 06 2.8 942,887,834
080 98 05 2.8 800,777,741
080 98 03 2.8 690,632,568
080 98 00 2.8 508,444,386
080 98 00 2.8 328,274,224
080 98 02 2.8 175,124,101
080 98 01 2.8 209,450,739
080 98 05 2.8 949,1059,1107
080 98 05 2.9 1108,977,918
080 98 05 2.9 862,821,792
080 98 03 2.9 758,711,653
080 98 01 2.9 588,524,461
080 98 00 2.9 397,336,278
080 98 02 2.9 228,170,109
080 98 01 2.9 88,206,460
080 98 04 2.9 759,972,1086
080 98 03 3.0 1131,1131,1013
080 98 05 3.0 953,900,855
080 98 06 3.0 825,784,733
080 98 01 3.0 668,597,524
080 98 00 3.0 454,392,333
080 98 01 3.0 274,213,153
080 98 00 3.0 96,57,135
080 98 00 3.0 343,630,852
079 98 07 2.8 977,1022,1020
079 98 05 2.8 924,866,814
079 98 04 2.8 774,744,706
079 98 02 2.8 662,608,553
079 98 00 2.8 491,428,357
079 98 00 2.8 296,233,181
079 98 01 2.8 126,74,26
079 98 01 2.8 65,244,518
079 98 03 2.8 762,906,969
079 98 06 2.8 980,926,874
079 98 05 2.8 820,779,749
079 98 03 2.8 716,673,618
079 98 01 2.8 558,488,417
079 98 00 2.8 350,284,228
079 98 01 2.8 173,126,72
079 98 01 2.8 17,38,200
079 98 02 2.8 485,775,1002
079 98 04 2.8 1179,1314,1378
079 98 05 3.9 1374,1329,1300
079 98 06 3.9 1282,1261,1227
079 98 06 3.9 1170,1101,1021
079 98 01 3.9 936,763,591
079 98 00 3.9 469,455,392
079 98 00 3.9 264,102,0
079 98 00 3.9 0,38,257
079 98 01 3.9 476,607,669
078 98 08 2.1 680,726,690
078 98 03 2.1 656,631,612
078 98 02 2.1 589,555,509
078 98 00 2.1 450,392,327
078 98 00 2.1 269,204,145
078 98 01 2.1 87,39,0
078 98 01 2.1 0,0,0
078 98 01 2.1 155,452,723
078 98 05 2.1 901,992,1034
078 98 04 3.2 1034,1105,1081
078 98 05 3.2 1070,1062,1041
078 98 07 3.2 1001,957,905
078 98 02 3.2 858,806,755
078 98 00 3.2 702,656,621
078 98 00 3.2 595,569,542
078 98 00 3.2 544,660,887
078 98 06 3.2 1142,1317,1405
078 98 04 2.6 1435,894,853
078 98 06 2.6 807,776,754
078 98 07 2.6 729,691,648
078 98 02 2.6 597,543,482
078 98 00 2.6 425,375,333
078 98 00 2.6 294,255,212
078 98 00 2.6 174,219,392
078 98 02 2.6 663,916,1090
076 98 04 3.1 1183,1224,1038
076 98 07 3.1 993,942,903
076 98 06 3.1 881,849,806
076 98 05 3.1 749,694,644
076 98 00 3.1 594,545,492
076 98 00 3.1 451,408,368
076 98 00 3.1 320,309,424
076 98 03 3.1 668,972,1211
076 98 07 3.1 1358,1430,1443
076 98 07 3.4 1109,1049,991
076 98 07 3.4 946,914,869
076 98 04 3.4 818,763,711
076 98 00 3.4 653,590,529
076 98 00 3.4 478,427,378
076 98 01 3.4 330,282,271
076 98 00 3.4 377,623,924
076 98 06 3.4 1164,1304,1368
076 98 04 3.3 1371,1056,989
076 98 05 3.3 929,889,853
076 98 05 3.3 811,760,703
076 98 00 3.3 643,584,520
076 98 00 3.3 456,394,346
076 98 01 3.3 302,256,205
076 98 00 3.3 151,167,324
076 98 03 3.3 598,882,1067
074 98 04 3.1 1158,1184,1015
074 98 07 3.1 954,883,828
074 98 08 3.1 797,763,719
074 98 01 3.1 656,593,530
074 98 00 3.1 469,404,345
074 98 01 3.1 294,246,192
074 98 00 3.1 134,74,50
074 98 00 3.1 139,363,639
074 98 08 3.1 852,959,990
074 98 05 2.8 918,848,770
074 98 07 2.8 707,660,618
074 98 01 2.8 568,509,446
074 98 00 2.8 383,325,273
074 98 00 2.8 226,180,133
074 98 01 2.8 88,42,0
074 98 00 2.8 0,47,295
074 98 05 2.8 639,947,1136
074 98 08 3.8 1226,1244,1252
074 98 05 3.8 1187,1113,1055
074 98 06 3.8 1012,969,914
074 98 02 3.8 850,780,706
074 98 00 3.8 633,561,492
074 98 00 3.8 421,355,292
074 98 00 3.8 236,171,139
074 98 00 3.8 232,475,788
074 98 05 3.8 1040,1184,1248
073 98 04 3.3 1248,1065,989
073 98 06 3.3 913,848,793
073 98 03 3.3 732,657,582
073 98 00 3.3 506,438,369
073 98 00 3.3 306,247,186
073 98 00 3.3 129,75,21
073 98 00 3.3 0,0,4
073 98 00 3.3 225,544,813
073 98 05 3.3 970,1034,1034
073 98 04 3.3 1065,989,914
073 98 06 3.3 853,807,748
073 98 01 3.3 681,612,543
073 98 00 3.3 476,404,338
073 98 00 3.3 276,222,173
073 98 00 3.3 128,80,32
073 98 00 3.3 0,0,164
073 98 03 3.3 454,756,954
073 98 06 3.3 1051,1075,1069
073 98 06 3.3 1000,930,879
073 98 08 3.3 845,807,764
073 98 02 3.3 709,648,577
073 98 00 3.3 512,453,396
073 98 01 3.3 334,274,217
073 98 00 3.3 169,117,64
073 98 00 3.3 42,139,369
073 98 05 3.3 655,869,975
071 98 04 2.9 995,925,854
071 98 07 2.9 781,719,679
071 98 03 2.9 644,601,545
071 98 00 2.9 483,418,350
071 98 01 2.9 278,211,146
071 98 00 2.9 94,42,0
071 98 00 2.9 0,0,0
071 98 00 2.9 0,253,579
071 98 06 2.9 824,960,1016
071 98 04 3.5 1015,1113,1040
071 98 05 3.5 972,921,884
071 98 04 3.5 841,790,724
071 98 00 3.5 656,580,505
071 98 00 3.5 438,375,316
071 98 00 3.5 257,205,150
071 98 00 3.5 92,60,157
071 98 01 3.5 401,725,995
071 98 06 3.5 1155,1227,1232
071 98 05 3.5 1131,1061,991
071 98 06 3.5 941,905,869
071 98 03 3.5 813,751,680
071 98 00 3.5 615,548,480
071 98 01 3.5 413,351,297
071 98 00 3.5 248,194,140
071 98 00 3.5 95,155,367
071 98 02 3.5 685,980,1158
071 98 06 3.5 1245,1261,1129
071 98 06 3.5 1063,994,952
071 98 07 3.5 921,886,837
071 98 02 3.5 771,705,639
071 98 00 3.5 580,530,479
071 98 00 3.5 418,347,280
071 98 00 3.5 225,173,123
071 98 00 3.5 65,14,0
071 98 00 3.5 0,0,0
071 98 00 3.5 0,0,0
071 98 00 3.5 0,0,0
071 98 00 3.5 0,0,0
071 98 00 3.5 0,0,0
071 98 00 3.5 0,0,289
071 98 07 3.5 594,775,853
071 98 04 4.7 864,1556,1497
071 98 07 4.7 1448,1426,1399
071 98 07 4.7 1360,1304,1240
071 98 03 4.7 1183,1116,1055
071 98 00 4.7 990,932,878
071 98 00 4.7 823,773,724
071 98 01 4.7 679,656,755
071 98 02 4.7 1012,1373,1690
071 98 05 4.7 1896,1999,2029
071 98 07 4.1 1350,1286,1212
071 98 06 4.1 1154,1111,1072
071 98 05 4.1 1019,959,889
071 98 00 4.1 823,750,685
071 98 00 4.1 621,564,504
071 98 01 4.1 447,394,343
071 98 00 4.1 295,332,536
071 98 02 4.1 875,1219,1451
071 98 08 4.0 1574,1618,1308
071 98 06 4.0 1243,1173,1114
071 98 04 4.0 1080,1040,999
071 98 05 4.0 937,873,805
071 98 00 4.0 741,680,618
071 98 01 4.0 559,503,454
071 98 00 4.0 404,355,299
071 98 00 4.0 266,356,610
071 98 06 4.0 968,1280,1480
071 98 02 4.1 1582,1611,1313
071 98 06 4.1 1250,1185,1138
071 98 04 4.1 1106,1069,1021
071 98 05 4.1 964,899,841
071 98 00 4.1 779,724,669
071 98 00 4.1 616,569,525
071 98 01 4.1 485,438,391
071 98 00 4.1 369,477,741
071 98 06 4.1 1088,1372,1537
071 98 08 3.8 1609,1607,1188
071 98 06 3.8 1116,1057,1018
071 98 08 3.8 985,939,880
071 98 02 3.8 806,730,651
071 98 00 3.8 577,509,444
071 98 01 3.8 384,325,271
071 98 00 3.8 214,156,95
071 98 00 3.8 95,247,559
071 98 06 3.8 913,1187,1345
069 98 08 4.2 1421,1431,1304
069 98 07 4.2 1230,1154,1101
069 98 07 4.2 1060,1012,950
069 98 02 4.2 880,809,742
069 98 00 4.2 672,603,535
069 98 01 4.2 471,412,356
069 98 00 4.2 303,245,187
069 98 00 4.2 154,253,518
069 98 05 4.2 878,1190,1385
069 98 08 4.2 1489,1523,1340
069 98 05 4.2 1271,1189,1126
069 98 06 4.2 1073,1020,956
069 98 02 4.2 883,804,728
069 98 00 4.2 653,582,506
069 98 00 4.2 435,367,306
069 98 00 4.2 243,184,120
069 98 00 4.2 61,36,154
069 98 01 4.2 428,779,1060
069 98 07 4.2 1230,1304,1309
069 98 06 4.0 1230,1149,1072
069 98 07 4.0 1010,967,915
069 98 02 4.0 851,776,700
069 98 00 4.0 625,556,487
069 98 00 4.0 416,351,289
069 98 00 4.0 232,174,120
069 98 00 4.0 67,12,0
069 98 00 4.0 105,378,724
069 98 06 4.0 1004,1164,1233
069 98 07 3.9 1237,1197,1121
069 98 06 3.9 1043,994,952
069 98 05 3.9 907,842,772
069 98 00 3.9 695,621,542
069 98 01 3.9 467,390,321
069 98 00 3.9 251,189,127
069 98 00 3.9 69,8,0
069 98 00 3.9 0,118,413
069 98 06 3.9 731,953,1066
069 98 04 3.6 1099,1137,1069
069 98 06 3.6 986,915,869
069 98 04 3.6 825,774,700
069 98 00 3.6 620,532,455
069 98 01 3.6 385,319,250
069 98 00 3.6 186,120,59
069 98 00 3.6 0,0,0
069 98 00 3.6 0,0,145
069 98 02 3.6 488,805,1010
069 98 07 4.0 1111,1138,1267
069 98 04 4.0 1200,1119,1055
069 98 06 4.0 1010,965,914
069 98 02 4.0 845,771,686
069 98 00 4.0 604,530,460
069 98 00 4.0 395,327,261
069 98 00 4.0 196,137,79
069 98 00 4.0 23,43,217
069 98 03 4.0 530,862,1096
067 98 07 3.8 1221,1266,1253
067 98 08 3.8 1185,1111,1050
067 98 07 3.8 1003,966,912
067 98 02 3.8 852,782,709
067 98 00 3.8 634,562,496
067 98 01 3.8 436,382,331
067 98 00 3.8 283,230,176
067 98 00 3.8 123,143,310
067 98 03 3.8 606,911,1119
067 98 05 3.5 1219,1244,1096
067 98 07 3.5 1026,954,900
067 98 06 3.5 869,834,784
067 98 02 3.5 724,651,574
067 98 00 3.5 496,430,364
067 98 01 3.5 300,239,190
067 98 00 3.5 138,82,23
067 98 00 3.5 37,208,509
067 98 04 3.5 828,1045,1159
067 98 06 3.6 1196,1161,1100
067 98 05 3.6 1028,966,920
067 98 06 3.6 880,832,769
067 98 00 3.6 698,624,550
067 98 00 3.6 478,413,354
067 98 00 3.6 298,239,183
067 98 00 3.6 125,73,80
067 98 00 3.6 239,545,896
067 98 05 3.6 1161,1320,1397
067 98 07 4.2 1412,1311,1245
067 98 05 4.2 1175,1124,1077
067 98 06 4.2 1027,964,890
067 98 00 4.2 800,710,622
067 98 01 4.2 542,464,394
067 98 00 4.2 332,275,221
067 98 00 4.2 165,128,210
067 98 01 4.2 458,813,1122
067 98 07 4.2 1316,1412,1442
067 98 05 4.1 1285,1218,1139
067 98 06 4.1 1079,1030,984
067 98 05 4.1 921,850,775
067 98 00 4.1 697,624,547
067 98 00 4.1 476,404,337
067 98 00 4.1 276,218,160
067 98 00 4.1 102,104,265
067 98 03 4.1 566,908,1148
067 98 07 3.9 1286,1334,1325
067 98 06 3.9 1177,1097,1032
067 98 07 3.9 983,947,895
067 98 02 3.9 834,766,696
067 98 00 3.9 626,553,486
067 98 01 3.9 421,365,302
067 98 00 3.9 241,179,118
067 98 00 3.9 88,186,431
067 98 04 3.9 751,1000,1137
067 98 04 3.4 1185,1170,1020
067 98 07 3.4 935,868,819
067 98 04 3.4 781,727,664
067 98 00 3.4 592,517,436
067 98 00 3.4 356,283,213
067 98 00 3.4 147,86,32
067 98 00 3.4 0,0,0
067 98 00 3.4 0,270,626
067 98 07 3.4 917,1095,1181
067 98 07 4.1 1201,1273,1198
067 98 06 4.1 1122,1069,1027
067 98 07 4.1 973,909,839
067 98 00 4.1 767,689,613
067 98 00 4.1 543,477,415
067 98 00 4.1 353,295,229
067 98 00 4.1 166,170,332
067 98 03 4.1 635,972,1213
067 98 07 4.1 1348,1398,1401
067 98 06 3.9 1198,1125,1050
067 98 06 3.9 997,951,894
067 98 02 3.9 829,751,674
067 98 00 3.9 594,523,454
067 98 01 3.9 390,329,272
067 98 00 3.9 214,151,103
067 98 00 3.9 169,396,725
067 98 05 3.9 1014,1185,1265
067 98 05 3.7 1274,1125,1047
067 98 05 3.7 972,921,884
067 98 04 3.7 842,787,717
067 98 00 3.7 643,570,504
067 98 00 3.7 439,382,328
067 98 00 3.7 279,228,164
067 98 00 3.7 125,208,437
067 98 03 3.7 737,966,1084
067 98 04 3.1 1115,960,886
067 98 05 3.1 802,728,680
067 98 02 3.1 640,590,530
067 98 00 3.1 456,387,309
067 98 01 3.1 236,168,113
067 98 01 3.1 56,0,0
067 98 00 3.1 0,0,185
067 98 02 3.1 518,809,989
067 98 04 3.8 1075,1097,1179
067 98 04 3.8 1106,1026,965
067 98 04 3.8 917,868,806
067 98 01 3.8 736,658,580
067 98 00 3.8 507,435,374
067 98 01 3.8 316,265,203
067 98 00 3.8 145,163,344
067 98 03 3.8 649,960,1169
067 98 04 3.8 1285,1331,1179
067 98 05 3.8 1115,1034,970
067 98 05 3.8 917,866,806
067 98 01 3.8 736,665,587
067 98 00 3.8 510,432,359
067 98 01 3.8 295,239,184
067 98 00 3.8 119,53,69
067 98 00 3.8 235,526,821
067 98 04 3.8 1020,1119,1148
067 98 06 3.5 1078,1010,923
067 98 06 3.5 859,813,774
067 98 02 3.5 714,642,563
067 98 00 3.5 485,412,343
067 98 01 3.5 277,217,165
067 98 00 3.5 114,62,0
067 98 00 3.5 0,38,268
067 98 03 3.5 574,830,972
068 98 03 3.4 1028,1021,1006
068 98 05 3.4 929,860,814
068 98 07 3.4 779,735,678
068 98 00 3.4 608,535,460
068 98 00 3.4 389,324,262
068 98 00 3.4 206,147,93
068 98 00 3.4 32,0,0
068 98 00 3.4 136,407,685
068 98 04 3.4 855,931,940
068 98 05 3.1 942,872,796
068 98 06 3.1 739,698,652
068 98 01 3.1 593,524,452
068 98 00 3.1 380,307,238
068 98 00 3.1 171,107,49
068 98 00 3.1 0,0,0
068 98 00 3.1 0,0,70
068 98 04 3.1 384,673,854
068 98 04 3.6 942,970,1125
068 98 07 3.6 1059,983,917
068 98 06 3.6 875,831,774
068 98 01 3.6 703,627,554
068 98 00 3.6 481,411,346
068 98 00 3.6 283,224,166
068 98 00 3.6 104,44,0
068 98 00 3.6 13,193,496
068 98 07 3.6 794,993,1084
068 98 04 3.6 1118,1109,1047
068 98 06 3.6 969,903,858
068 98 04 3.6 813,764,702
068 98 00 3.6 631,558,489
068 98 00 3.6 421,356,290
068 98 00 3.6 229,169,112
068 98 00 3.6 57,0,0
068 98 00 3.6 63,311,627
068 98 07 3.6 876,1008,1059
068 98 05 3.4 1054,1039,969
068 98 07 3.4 903,858,824
068 98 04 3.4 783,728,662
068 98 00 3.4 591,521,454
068 98 00 3.4 391,333,278
068 98 00 3.4 223,171,117
068 98 00 3.4 63,18,83
068 98 00 3.4 290,582,818
068 98 07 3.0 940,986,972
068 98 05 3.0 902,829,767
068 98 04 3.0 732,701,668
068 98 02 3.0 615,550,475
068 98 00 3.0 407,344,289
068 98 01 3.0 232,174,121
068 98 01 3.0 68,19,0
068 98 01 3.0 0,40,295
068 98 03 3.0 628,894,1053
068 98 04 3.7 1120,1140,1166
068 98 04 3.7 1102,1035,984
068 98 05 3.7 947,904,853
068 98 02 3.7 787,719,647
068 98 00 3.7 582,515,455
068 98 01 3.7 399,347,297
068 98 01 3.7 241,184,153
068 98 00 3.7 251,500,832
068 98 04 3.7 1106,1266,1347
068 98 04 3.8 1363,1180,1109
068 98 05 3.8 1035,979,940
068 98 04 3.8 896,838,769
068 98 01 3.8 696,626,556
068 98 00 3.8 492,428,368
068 98 01 3.8 312,257,202
068 98 00 3.8 137,82,109
068 98 01 3.8 297,603,910
068 98 04 3.8 1110,1209,1242
069 98 04 3.7 1142,1081,1006
069 98 05 3.7 953,919,886
069 98 03 3.7 837,776,706
069 98 00 3.7 637,570,504
069 98 00 3.7 440,382,329
069 98 01 3.7 277,224,170
069 98 01 3.7 113,94,213
069 98 02 3.7 468,774,991
069 98 03 3.3 1102,1137,1028
069 98 06 3.3 964,888,828
069 98 06 3.3 792,754,706
069 98 01 3.3 644,576,509
069 98 00 3.3 441,376,309
069 98 01 3.3 249,192,140
069 98 00 3.3 86,24,0
069 98 00 3.3 4,186,482
069 98 05 3.3 769,955,1047
069 98 04 3.5 1073,1080,1017
069 98 06 3.5 943,886,839
069 98 05 3.5 794,735,673
069 98 00 3.5 600,530,457
069 98 00 3.5 387,322,260
069 98 00 3.5 200,142,87
069 98 00 3.5 25,0,39
069 98 00 3.5 260,580,861
069 98 05 3.5 1038,1128,1156
069 98 05 3.7 1151,1086,1016
069 98 07 3.7 953,905,849
069 98 03 3.7 792,722,650
069 98 00 3.7 575,502,430
069 98 01 3.7 361,290,228
069 98 00 3.7 168,114,54
069 98 00 3.7 0,12,180
069 98 03 3.7 475,778,978
069 98 05 3.5 1079,1104,1099
069 98 07 3.5 1036,964,896
069 98 06 3.5 848,802,748
069 98 01 3.5 682,607,531
069 98 00 3.5 462,397,335
069 98 00 3.5 268,204,148
069 98 00 3.5 94,36,0
069 98 00 3.5 0,0,202
069 98 04 3.5 513,781,941
069 98 03 3.5 1013,1026,1070
069 98 05 3.5 1001,929,880
069 98 06 3.5 841,796,740
069 98 01 3.5 673,600,521
069 98 00 3.5 445,376,310
069 98 00 3.5 244,184,127
069 98 00 3.5 63,0,0
069 98 00 3.5 0,131,417
069 98 06 3.5 705,890,982
069 98 05 3.3 1001,1033,961
069 98 06 3.3 879,819,771
069 98 04 3.3 717,650,574
069 98 00 3.3 503,434,368
069 98 00 3.3 303,239,175
069 98 00 3.3 109,43,0
069 98 00 3.3 0,0,0
069 98 00 3.3 0,165,505
069 98 06 3.3 780,937,1008
069 98 06 3.8 1008,1153,1062
069 98 07 3.8 982,925,888
069 98 04 3.8 852,805,742
069 98 00 3.8 670,594,523
069 98 00 3.8 450,378,310
069 98 00 3.8 247,188,128
069 98 00 3.8 68,17,64
069 98 00 3.8 268,599,916
069 98 05 3.8 1115,1207,1231
069 98 06 3.8 1187,1113,1024
069 98 07 3.8 958,911,868
069 98 03 3.8 807,738,662
069 98 00 3.8 586,511,438
069 98 01 3.8 365,295,224
069 98 00 3.8 165,107,44
069 98 00 3.8 0,0,139
069 98 02 3.8 436,747,953
069 98 05 3.4 1045,1073,1079
069 98 06 3.4 1010,930,871

