176927!20191005_132901!1!3
3.11!3.2!3.34!3.2!3.18!3.05!
97!73!75!0!601
496.2 3.16 37 44

073 97 04 6.2 1715,1859,1851
073 97 04 6.2 2312,2156,2002
073 97 05 6.2 1910,1883,1869
073 97 04 6.2 1831,1731,1591
073 97 00 6.2 1414,1220,1020
073 97 00 6.2 818,636,476
073 97 01 6.2 337,198,67
073 97 00 6.2 81,474,1168
073 97 04 6.2 1877,2281,2408
073 97 06 6.0 2337,2208,2034
073 97 05 6.0 1883,1802,1779
073 97 07 6.0 1767,1718,1612
073 97 00 6.0 1462,1285,1101
073 97 00 6.0 912,733,570
073 97 00 6.0 441,332,217
073 97 01 6.0 100,36,253
073 97 01 6.0 814,1520,2039
073 97 06 5.7 2246,2250,2106
073 97 06 5.7 1955,1810,1729
073 97 07 5.7 1701,1697,1666
073 97 04 5.7 1584,1457,1293
073 97 00 5.7 1113,929,742
073 97 00 5.7 567,408,275
073 97 01 5.7 148,39,109
073 97 00 5.7 541,1242,1902
073 97 08 6.0 2265,2377,2315
073 97 04 6.0 2211,2068,1954
073 97 07 6.0 1901,1895,1902
073 97 06 6.0 1863,1773,1629
073 97 01 6.0 1453,1268,1087
073 97 00 6.0 922,765,618
073 97 00 6.0 489,368,360
073 97 00 6.0 679,1326,2051
073 97 06 6.2 2530,2730,2758
073 97 06 6.2 2355,2223,2090
073 97 06 6.2 2004,1994,2003
073 97 05 6.2 1983,1894,1754
073 97 00 6.2 1582,1397,1204
073 97 00 6.2 1013,839,681
073 97 00 6.2 534,386,254
073 97 00 6.2 299,701,1364
073 97 08 6.2 2000,2353,2465
073 97 05 5.7 2192,2076,1922
073 97 05 5.7 1804,1756,1759
073 97 08 5.7 1753,1699,1591
073 97 01 5.7 1444,1262,1071
073 97 00 5.7 885,715,561
073 97 00 5.7 427,312,204
073 97 02 5.7 82,4,191
073 97 03 5.7 722,1426,1974
073 97 07 5.8 2228,2270,2188
073 97 04 5.8 2045,1901,1813
073 97 03 5.8 1796,1811,1794
073 97 05 5.8 1717,1584,1412
073 97 01 5.8 1226,1033,851
073 97 00 5.8 685,539,409
073 97 01 5.8 284,165,169
073 97 00 5.8 508,1164,1873
073 97 03 5.8 2341,2542,2581
073 97 04 6.3 2389,2267,2147
073 97 05 6.3 2090,2089,2097
073 97 05 6.3 2064,1962,1804
073 97 00 6.3 1607,1397,1198
073 97 00 6.3 1012,850,707
073 97 00 6.3 574,445,305
073 97 01 6.3 282,595,1230
073 97 04 6.3 1929,2388,2573
073 97 04 6.1 2594,2249,2110
073 97 05 6.1 1965,1869,1839
073 97 08 6.1 1833,1800,1706
073 97 01 6.1 1557,1369,1156
073 97 00 6.1 946,737,537
073 97 00 6.1 364,217,95
073 97 00 6.1 0,0,0
073 97 01 6.1 361,1053,1691
073 97 06 5.9 2033,2130,2259
073 97 05 5.9 2137,2002,1916
073 97 03 5.9 1898,1915,1909
073 97 04 5.9 1860,1754,1611
073 97 01 5.9 1445,1272,1097
073 97 01 5.9 934,785,654
073 97 00 5.9 529,403,317
073 97 00 5.9 473,982,1691
073 97 04 5.9 2281,2584,2676
073 97 06 6.2 2329,2228,2097
073 97 05 6.2 2000,1967,1969
073 97 05 6.2 1957,1892,1775
073 97 02 6.2 1609,1419,1225
073 97 00 6.2 1034,857,698
073 97 01 6.2 556,423,312
073 97 01 6.2 406,864,1568
073 97 06 6.2 2211,2573,2724
073 97 05 6.4 2747,2378,2264
073 97 06 6.4 2164,2114,2101
073 97 05 6.4 2079,2014,1898
073 97 02 6.4 1745,1567,1371
073 97 00 6.4 1178,990,824
073 97 00 6.4 672,524,369
073 97 00 6.4 224,283,709
073 97 04 6.4 1405,2052,2420
073 97 07 6.2 2550,2542,2236
073 97 06 6.2 2095,1980,1931
073 97 05 6.2 1927,1920,1865
073 97 06 6.2 1759,1604,1419
073 97 00 6.2 1225,1043,873
073 97 00 6.2 719,581,451
073 97 00 6.2 321,183,106
073 97 00 6.2 300,828,1507
073 97 06 5.7 2015,2238,2264
073 97 07 5.7 2073,1927,1790
073 97 06 5.7 1709,1689,1684
073 97 07 5.7 1643,1547,1400
073 97 00 5.7 1225,1026,825
073 97 00 5.7 632,456,286
073 97 00 5.7 126,0,0
073 97 00 5.7 0,341,1043
073 97 05 5.7 1695,2069,2204
073 97 07 6.3 2201,2272,2132
073 97 07 6.3 2011,1961,1954
073 97 04 6.3 1944,1890,1779
073 97 01 6.3 1624,1438,1246
073 97 00 6.3 1047,858,688
073 97 01 6.3 540,398,253
073 97 00 6.3 157,319,844
073 97 04 6.3 1554,2124,2402
073 97 06 6.2 2477,2271,2144
073 97 07 6.2 1995,1892,1851
073 97 04 6.2 1841,1816,1744
073 97 03 6.2 1619,1452,1254
073 97 00 6.2 1055,857,678
073 97 00 6.2 511,356,213
073 97 00 6.2 213,554,1183
073 97 07 6.2 1830,2212,2341
073 97 04 5.8 2318,2028,1869
073 97 04 5.8 1730,1659,1644
073 97 07 5.8 1629,1575,1466
073 97 00 5.8 1317,1134,933
073 97 00 5.8 724,530,351
073 97 00 5.8 179,12,0
073 97 00 5.8 0,127,757
073 97 06 5.8 1446,1879,2016
073 97 06 5.9 2178,2033,1849
073 97 06 5.9 1680,1594,1567
073 97 04 5.9 1552,1495,1384
073 97 00 5.9 1224,1031,827
073 97 00 5.9 624,415,213
073 97 00 5.9 26,0,0
073 97 00 5.9 0,0,215
073 97 04 5.9 906,1479,1733
073 97 06 5.6 1733,1975,1773
073 97 06 5.6 1593,1485,1461
073 97 04 5.6 1472,1464,1398
073 97 00 5.6 1271,1096,891
073 97 00 5.6 671,454,251
073 97 00 5.6 75,0,0
073 97 00 5.6 0,0,142
073 97 04 5.6 861,1531,1877
073 97 06 6.1 1951,2258,2089
073 97 05 6.1 1901,1750,1688
073 97 08 6.1 1675,1666,1603
073 97 01 6.1 1491,1331,1141
073 97 00 6.1 921,690,464
073 97 00 6.1 261,68,0
073 97 00 6.1 0,0,0
073 97 00 6.1 0,0,0
073 97 00 6.1 0,0,0
073 97 00 6.1 0,0,0
073 97 00 6.1 0,0,0
073 97 00 6.1 0,0,0
073 97 00 6.1 0,0,0
073 97 00 6.1 0,0,0
073 97 00 6.1 0,0,0
073 97 06 6.1 0,0,0
073 97 07 10.8 0,4628,4456
073 97 02 10.8 4266,4148,4125
073 97 07 10.8 4167,4200,4186
073 97 08 10.8 4100,3965,3786
073 97 03 10.8 3592,3395,3211
073 97 00 10.8 3040,2886,2749
073 97 00 10.8 2642,2737,3224
073 97 06 10.8 4004,4725,5096
073 97 07 6.2 5158,2422,2243
073 97 07 6.2 2066,1937,1891
073 97 05 6.2 1885,1888,1855
073 97 06 6.2 1773,1651,1492
073 97 00 6.2 1309,1109,915
073 97 00 6.2 744,581,433
073 97 00 6.2 353,620,1300
073 97 06 6.2 2164,2811,3105
073 97 06 7.0 3179,2769,2645
073 97 07 7.0 2509,2429,2410
073 97 06 7.0 2411,2396,2341
073 97 07 7.0 2245,2116,1969
073 97 00 7.0 1815,1673,1546
073 97 00 7.0 1434,1325,1262
073 97 00 7.0 1452,2017,2798
073 97 03 7.0 3477,3869,4042
073 97 06 7.2 4080,2762,2658
073 97 05 7.2 2575,2553,2576
073 97 07 7.2 2597,2577,2503
073 97 06 7.2 2388,2232,2063
073 97 00 7.2 1884,1735,1600
073 97 00 7.2 1471,1329,1243
073 97 01 7.2 1418,1929,2608
073 97 05 7.2 3155,3430,3506
073 97 08 6.0 2210,2091,1957
073 97 07 6.0 1870,1841,1842
073 97 05 6.0 1833,1772,1661
073 97 01 6.0 1511,1353,1191
073 97 00 6.0 1038,899,779
073 97 00 6.0 666,570,593
073 97 00 6.0 922,1525,2169
074 97 06 6.0 2594,2762,2771
074 97 06 6.0 2114,1960,1819
074 97 05 6.0 1741,1723,1712
074 97 07 6.0 1671,1582,1449
074 97 01 6.0 1286,1103,934
074 97 00 6.0 768,620,478
074 97 00 6.0 345,283,516
074 97 02 6.0 1116,1886,2497
074 97 08 7.2 2819,2948,2946
074 97 06 7.2 2569,2422,2301
074 97 07 7.2 2246,2232,2200
074 97 07 7.2 2119,1978,1795
074 97 00 7.2 1587,1383,1185
074 97 00 7.2 996,821,653
074 97 00 7.2 482,397,639
074 97 01 7.2 1246,1990,2530
074 97 07 6.6 2782,2840,2367
074 97 05 6.6 2198,2001,1862
074 97 07 6.6 1803,1774,1716
074 97 02 6.6 1602,1438,1239
074 97 00 6.6 1022,807,602
074 97 00 6.6 415,235,68
074 97 00 6.6 0,0,73
074 97 03 6.6 661,1371,1877
074 97 05 6.1 2069,2059,2097
074 97 05 6.1 1912,1732,1619
074 97 05 6.1 1581,1563,1513
074 97 00 6.1 1403,1243,1046
074 97 00 6.1 827,606,391
074 97 00 6.1 195,22,0
074 97 00 6.1 0,0,129
074 97 03 6.1 816,1495,1870
074 97 04 6.1 1962,2205,2037
074 97 04 6.1 1822,1635,1527
074 97 02 6.1 1495,1483,1434
074 97 00 6.1 1319,1147,933
074 97 00 6.1 703,470,257
074 97 00 6.1 67,0,0
074 97 00 6.1 0,0,462
074 97 02 6.1 1206,1721,1903
074 97 03 6.0 1892,2140,1961
074 97 04 6.0 1765,1611,1532
074 97 02 6.0 1492,1439,1333
074 97 00 6.0 1171,969,738
074 97 01 6.0 500,264,41
074 97 01 6.0 0,0,0
074 97 00 6.0 0,0,0
074 97 02 6.0 646,1249,1488
074 97 04 5.7 1462,1977,1757
074 97 06 5.7 1530,1360,1278
074 97 00 5.7 1252,1222,1148
074 97 00 5.7 1027,871,682
074 97 00 5.7 479,272,90
074 97 00 5.7 0,0,0
074 97 00 5.7 0,0,0
074 97 03 5.7 626,1280,1589
074 97 04 5.5 1598,1978,1775
074 97 06 5.5 1568,1402,1322
074 97 00 5.5 1301,1291,1242
074 97 00 5.5 1136,990,814
074 97 00 5.5 617,408,206
074 97 00 5.5 24,0,0
074 97 00 5.5 0,0,185
074 97 06 5.5 942,1604,1890
074 97 05 5.9 1905,2194,2024
074 97 06 5.9 1834,1678,1595
074 97 06 5.9 1572,1561,1509
074 97 00 5.9 1396,1237,1042
074 97 00 5.9 834,629,440
074 97 00 5.9 269,113,0
074 97 00 5.9 0,0,419
074 97 06 5.9 1160,1793,2038
074 97 07 5.6 2015,2047,1851
074 97 06 5.6 1638,1470,1388
074 97 01 5.6 1377,1368,1316
074 97 00 5.6 1208,1057,881
074 97 00 5.6 697,521,358
074 97 00 5.6 228,126,35
074 97 00 5.6 0,50,507
074 97 06 5.6 1175,1729,1936
074 97 06 5.1 1897,1791,1587
074 97 04 5.1 1399,1285,1263
074 97 02 5.1 1285,1295,1246
074 97 01 5.1 1146,1002,838
074 97 00 5.1 653,474,303
074 97 00 5.1 156,18,0
074 97 01 5.1 0,91,710
074 97 04 5.1 1443,1905,2015
074 97 03 5.5 2112,1957,1772
074 97 04 5.5 1604,1501,1469
074 97 03 5.5 1469,1448,1386
074 97 00 5.5 1265,1104,914
074 97 00 5.5 725,544,385
074 97 01 5.5 240,119,88
074 97 00 5.5 415,1089,1841
074 97 04 5.9 2292,2406,2276
074 97 07 5.9 2143,1968,1799
074 97 07 5.9 1687,1647,1649
074 97 05 5.9 1626,1543,1400
074 97 00 5.9 1218,1023,820
074 97 00 5.9 628,454,312
074 97 01 5.9 190,66,8
074 97 00 5.9 268,900,1645
075 97 06 5.7 2131,2266,2202
075 97 04 5.7 2052,1862,1697
075 97 05 5.7 1622,1625,1655
075 97 04 5.7 1644,1580,1467
075 97 00 5.7 1320,1154,986
075 97 00 5.7 824,679,550
075 97 00 5.7 434,324,296
075 97 00 5.7 594,1234,1960
075 97 03 5.8 2422,2546,2204
075 97 05 5.8 2056,1878,1721
075 97 05 5.8 1632,1614,1612
075 97 04 5.8 1577,1486,1344
075 97 00 5.8 1167,964,758
075 97 00 5.8 562,405,274
075 97 02 5.8 157,55,165
075 97 02 5.8 687,1464,2137
075 97 03 6.2 2443,2494,2363
075 97 04 6.2 2219,2053,1932
075 97 03 6.2 1892,1902,1901
075 97 05 6.2 1850,1733,1577
075 97 00 6.2 1381,1188,1008
075 97 00 6.2 847,708,583
075 97 00 6.2 460,334,300
075 97 00 6.2 625,1279,2000
075 97 04 5.8 2434,2547,2197
075 97 04 5.8 2032,1842,1690
075 97 05 5.8 1629,1642,1666
075 97 04 5.8 1647,1561,1435
075 97 01 5.8 1270,1091,906
075 97 00 5.8 737,588,462
075 97 00 5.8 350,234,137
075 97 00 5.8 281,821,1575
075 97 04 6.0 2186,2444,2467
075 97 05 6.0 2228,2060,1880
075 97 06 6.0 1762,1731,1747
075 97 08 6.0 1739,1674,1549
075 97 00 6.0 1385,1190,989
075 97 00 6.0 792,619,467
075 97 01 6.0 335,206,114
075 97 00 6.0 316,916,1717
075 97 05 6.0 2332,2598,2644
075 97 05 6.6 2460,2312,2133
075 97 04 6.6 2000,1950,1955
075 97 05 6.6 1937,1859,1726
075 97 00 6.6 1553,1362,1163
075 97 00 6.6 965,786,622
075 97 01 6.6 485,352,224
075 97 01 6.6 128,295,854
075 97 03 6.6 1625,2241,2496
075 97 04 6.2 2511,2277,2118
075 97 05 6.2 1948,1841,1815
075 97 08 6.2 1837,1837,1779
075 97 03 6.2 1668,1517,1346
075 97 00 6.2 1157,967,787
075 97 00 6.2 637,509,397
075 97 01 6.2 277,170,283
075 97 02 6.2 796,1561,2220
075 97 04 6.4 2541,2606,2371
075 97 07 6.4 2213,2031,1896
075 97 05 6.4 1840,1837,1818
075 97 06 6.4 1749,1621,1440
075 97 00 6.4 1232,1018,810
075 97 00 6.4 619,449,314
075 97 00 6.4 190,70,19
075 97 00 6.4 303,954,1748
074 97 06 6.6 2296,2519,2538
074 97 05 6.6 2442,2294,2133
074 97 04 6.6 2021,1980,1986
074 97 05 6.6 1974,1912,1785
074 97 01 6.6 1604,1391,1170
074 97 00 6.6 957,759,586
074 97 01 6.6 443,315,179
074 97 00 6.6 39,8,346
074 97 02 6.6 1028,1783,2244
074 97 05 6.3 2386,2353,2230
074 97 07 6.3 2075,1958,1922
074 97 04 6.3 1952,1999,2003
074 97 07 6.3 1949,1832,1670
074 97 00 6.3 1488,1300,1134
074 97 00 6.3 980,854,724
074 97 00 6.3 605,493,591
074 97 02 6.3 1076,1847,2558
074 97 07 6.9 2946,3079,3066
074 97 07 6.9 2483,2353,2256
074 97 03 6.9 2232,2243,2231
074 97 05 6.9 2163,2043,1882
074 97 01 6.9 1688,1484,1288
074 97 00 6.9 1101,922,751
074 97 00 6.9 586,410,258
074 97 00 6.9 344,837,1583
074 97 07 6.9 2235,2557,2633
074 97 07 6.4 2328,2194,2036
074 97 06 6.4 1911,1850,1851
074 97 08 6.4 1867,1873,1835
074 97 06 6.4 1753,1639,1501
074 97 00 6.4 1355,1191,1025
074 97 00 6.4 867,711,551
074 97 00 6.4 386,341,638
074 97 03 6.4 1244,1885,2247
074 97 03 5.3 2305,1864,1654
074 97 04 5.3 1414,1219,1107
074 97 00 5.3 1065,1041,993
074 97 00 5.3 891,735,535
074 97 00 5.3 310,72,0
074 97 00 5.3 0,0,0
074 97 00 5.3 0,0,0
074 97 00 5.3 0,0,0
074 97 06 5.6 636,936,932
074 97 06 5.6 1974,1730,1484
074 97 02 5.6 1303,1218,1201
074 97 00 5.6 1183,1125,1010
074 97 00 5.6 854,655,433
074 97 00 5.6 198,0,0
074 97 01 5.6 0,0,0
074 97 00 5.6 0,0,0
074 97 03 5.6 767,1398,1631
074 97 07 6.3 1589,2250,2024
074 97 05 6.3 1814,1684,1649
074 97 04 6.3 1672,1669,1615
074 97 00 6.3 1500,1336,1138
074 97 00 6.3 917,698,484
074 97 00 6.3 292,122,0
074 97 00 6.3 0,2,636
074 97 05 6.3 1526,2262,2597
074 97 06 7.1 2652,2731,2566
074 97 06 7.1 2374,2220,2142
074 97 07 7.1 2122,2112,2064
074 97 04 7.1 1961,1809,1622
074 97 00 7.1 1412,1194,975
074 97 00 7.1 763,552,357
074 97 00 7.1 257,547,1278
074 97 06 7.1 2198,2877,3186
074 97 06 7.7 3258,2939,2788
074 97 04 7.7 2612,2481,2443
074 97 06 7.7 2470,2495,2464
074 97 06 7.7 2366,2224,2067
074 97 00 7.7 1910,1769,1634
074 97 00 7.7 1503,1366,1227
074 97 00 7.7 1131,1294,1858
074 97 02 7.7 2661,3356,3732
074 97 05 7.2 3857,3843,2602
074 97 07 7.2 2468,2357,2320
074 97 07 7.2 2329,2339,2311
074 97 05 7.2 2225,2094,1915
074 97 00 7.2 1722,1518,1328
074 97 00 7.2 1150,994,895
074 97 00 7.2 1066,1613,2377
074 97 05 7.2 3013,3342,3430
074 97 05 6.8 2472,2330,2173
074 97 04 6.8 2068,2023,2015
074 97 04 6.8 1992,1921,1795
074 97 01 6.8 1627,1437,1226
074 97 01 6.8 1016,826,672
074 97 01 6.8 557,441,317
074 97 01 6.8 267,558,1190
074 97 04 6.8 1917,2395,2571
074 97 06 6.3 2553,2163,1979
074 97 06 6.3 1817,1733,1713
074 97 08 6.3 1718,1679,1579
074 97 00 6.3 1416,1216,995
074 97 00 6.3 762,534,323
074 97 00 6.3 142,0,0
074 97 01 6.3 0,0,14
074 97 02 6.3 666,1303,1635
074 97 07 5.5 1672,1907,1670
074 97 06 5.5 1412,1217,1121
074 97 00 5.5 1107,1106,1053
074 97 00 5.5 940,771,569
074 97 00 5.5 334,93,0
074 97 00 5.5 0,0,0
074 97 00 5.5 0,0,0
074 97 00 5.5 0,53,790
074 97 06 6.0 1254,1362,2164
074 97 08 6.0 1934,1684,1504
074 97 02 6.0 1429,1438,1467
074 97 02 6.0 1466,1407,1277
074 97 00 6.0 1093,870,641
074 97 00 6.0 418,222,47
074 97 00 6.0 0,0,0
074 97 00 6.0 0,512,1351
074 97 05 6.7 1976,2214,2195
074 97 05 6.7 2406,2190,1986
074 97 05 6.7 1852,1816,1828
074 97 08 6.7 1831,1774,1647
074 97 00 6.7 1470,1250,1020
074 97 00 6.7 785,567,370
074 97 00 6.7 199,46,0
074 97 00 6.7 202,884,1785
074 97 06 7.4 2465,2757,2794
074 97 03 7.4 2740,2568,2368
074 97 07 7.4 2221,2156,2156
074 97 06 7.4 2150,2090,1966
074 97 01 7.4 1793,1592,1365
074 97 00 7.4 1131,909,718
074 97 00 7.4 555,407,277
074 97 00 7.4 275,650,1383
074 97 08 7.4 2191,2710,2882
074 97 06 6.9 2598,2439,2242
074 97 05 6.9 2076,1995,1992
074 97 00 6.9 2018,2006,1928
074 97 03 6.9 1798,1628,1443
074 97 01 6.9 1246,1065,891
074 97 00 6.9 742,612,493
074 97 00 6.9 403,566,1132
074 97 06 6.9 1940,2602,2912
074 97 05 6.7 2965,2477,2313
074 97 05 6.7 2131,2011,1972
074 97 03 6.7 1981,1976,1932
074 97 05 6.7 1818,1657,1455
074 97 00 6.7 1248,1044,853
074 97 00 6.7 688,541,404
074 97 00 6.7 285,363,865
074 97 02 6.7 1670,2446,2888
074 97 03 7.4 3047,3037,2652
074 97 07 7.4 2491,2349,2274
074 97 06 7.4 2264,2265,2219
074 97 06 7.4 2111,1948,1754
074 97 00 7.4 1539,1313,1095
074 97 00 7.4 898,733,584
074 97 00 7.4 433,295,340
074 97 00 7.4 792,1550,2293
074 97 07 6.9 2716,2851,2531
074 97 02 6.9 2382,2199,2051
074 97 05 6.9 1989,1981,1985
074 97 06 6.9 1941,1841,1692
074 97 00 6.9 1510,1307,1104
074 97 00 6.9 923,767,642
074 97 00 6.9 530,424,306
074 97 00 6.9 252,500,1111
074 97 03 6.9 1864,2412,2633
074 97 04 6.5 2637,2261,2075
074 97 07 6.5 1903,1811,1794
074 97 08 6.5 1801,1771,1681
074 97 01 6.5 1534,1347,1136
074 97 00 6.5 910,685,475
074 97 00 6.5 288,124,0
074 97 00 6.5 0,0,4
074 97 02 6.5 672,1509,2125
073 97 07 7.2 2400,2452,2637
073 97 07 7.2 2474,2292,2160
073 97 06 7.2 2110,2104,2088
073 97 06 7.2 2015,1879,1687
073 97 00 7.2 1470,1245,1032
073 97 00 7.2 838,667,508
073 97 00 7.2 353,175,0
073 97 00 7.2 0,356,1123
073 97 07 7.2 1938,2428,2600
073 97 06 7.1 2587,2537,2373
073 97 06 7.1 2230,2168,2176
073 97 04 7.1 2203,2189,2110
073 97 04 7.1 1964,1784,1585
073 97 01 7.1 1385,1187,1007
073 97 00 7.1 861,735,621
073 97 00 7.1 487,352,362
073 97 00 7.1 749,1448,2146
073 97 07 6.1 2534,2604,2172
073 97 05 6.1 1958,1723,1549
073 97 03 6.1 1474,1476,1477
073 97 02 6.1 1427,1311,1147
073 97 00 6.1 950,725,490
073 97 01 6.1 269,79,0
073 97 00 6.1 0,0,0
073 97 00 6.1 0,0,754
073 97 04 6.1 1538,2000,2141
073 97 05 7.0 2586,2437,2249
073 97 07 7.0 2090,2012,2013
073 97 08 7.0 2032,2013,1918
073 97 02 7.0 1767,1572,1362
073 97 00 7.0 1135,923,730
073 97 00 7.0 563,417,279
073 97 00 7.0 161,259,788
073 97 03 7.0 1622,2397,2822
073 97 08 7.5 2969,2958,2695
073 97 08 7.5 2540,2400,2334
073 97 08 7.5 2322,2327,2277
073 97 06 7.5 2163,1995,1795
073 97 00 7.5 1581,1356,1139
073 97 00 7.5 931,749,593
073 97 00 7.5 444,293,238
073 97 00 7.5 562,1272,2103
073 97 07 7.2 2668,2895,2912
073 97 06 7.2 2577,2395,2221
073 97 05 7.2 2123,2111,2125
073 97 06 7.2 2107,2023,1874
073 97 01 7.2 1679,1459,1231
073 97 00 7.2 1006,798,623

