177628!20190909_190743!0!0
2.35!2.37!2.38!2.37!2.48!2.49!
99!30!66!36!564
376.2 2.54 82 60

030 70 02 0.9 179,165,151
030 70 00 0.9 134,119,102
030 70 00 0.9 87,63,44
030 70 00 0.9 22,9,0
030 70 00 0.9 0,0,0
030 70 00 0.9 0,0,0
030 70 01 0.9 13,91,152
030 70 08 0.9 195,218,229
030 70 08 1.0 229,297,279
030 70 06 1.0 263,254,244
030 70 03 1.0 231,214,199
030 70 00 1.0 186,164,142
030 70 00 1.0 119,106,89
030 70 00 1.0 74,58,48
030 70 00 1.0 28,8,0
030 70 00 1.0 0,0,57
030 70 04 1.0 136,207,252
030 70 08 1.0 279,285,285
030 70 08 1.0 296,286,273
030 70 05 1.0 259,242,233
030 70 02 1.0 220,209,194
030 70 00 1.0 175,162,139
030 70 00 1.0 122,105,94
030 70 00 1.0 83,66,55
030 70 00 1.0 43,35,30
030 70 00 1.0 55,112,196
030 70 07 1.0 267,315,340
030 70 08 1.0 348,313,303
030 70 08 1.0 290,278,264
030 70 04 1.0 250,243,232
030 70 02 1.0 218,201,182
030 70 00 1.0 168,148,132
030 70 00 1.0 110,93,78
030 70 00 1.0 60,45,28
030 70 00 1.0 16,14,43
030 70 02 1.0 103,178,241
062 99 08 0.9 276,291,289
062 99 08 0.9 269,253,237
062 99 04 0.9 217,206,195
062 99 02 0.9 189,176,162
062 99 00 0.9 147,134,118
062 99 00 0.9 102,84,67
062 99 00 0.9 53,39,24
062 99 00 0.9 5,0,0
062 99 00 0.9 11,72,142
062 99 07 0.9 196,231,242
062 99 08 0.9 261,249,233
062 99 06 0.9 217,202,193
062 99 03 0.9 185,180,168
062 99 01 0.9 153,135,119
062 99 00 0.9 102,85,70
062 99 00 0.9 53,40,23
062 99 00 0.9 8,0,0
062 99 00 0.9 0,3,68
062 99 05 0.9 152,220,258
062 99 08 1.0 276,283,281
062 99 08 1.0 296,281,270
062 99 05 1.0 261,255,242
062 99 03 1.0 233,215,200
062 99 00 1.0 180,162,144
062 99 00 1.0 128,112,98
062 99 00 1.0 87,72,55
062 99 00 1.0 32,27,50
062 99 01 1.0 113,193,259
062 99 08 1.0 302,326,345
062 99 08 1.1 346,311,293
062 99 07 1.1 276,265,252
062 99 03 1.1 244,234,222
062 99 01 1.1 208,189,174
062 99 00 1.1 157,141,123
062 99 00 1.1 104,89,76
062 99 00 1.1 61,45,30
062 99 00 1.1 33,73,140
062 99 06 1.1 224,289,330
062 99 08 1.1 343,345,309
062 99 08 1.1 293,275,261
062 99 04 1.1 251,245,234
062 99 02 1.1 224,207,191
062 99 00 1.1 175,160,144
062 99 00 1.1 127,110,96
062 99 00 1.1 81,65,51
062 99 00 1.1 36,41,74
062 99 03 1.1 144,211,260
062 99 08 0.8 278,284,242
062 99 05 0.8 227,209,194
062 99 03 0.8 186,177,167
062 99 02 0.8 154,141,130
062 99 00 0.8 113,95,70
062 99 00 0.8 52,34,20
062 99 00 0.8 6,0,0
062 99 00 0.8 0,0,0
062 99 00 0.8 0,61,134
062 99 06 0.8 190,222,242
062 99 07 1.0 247,295,283
062 99 07 1.0 268,252,235
062 99 03 1.0 222,212,199
062 99 01 1.0 184,167,148
062 99 00 1.0 132,114,97
062 99 00 1.0 75,49,26
062 99 00 1.0 11,10,0
062 99 00 1.0 0,6,81
062 99 05 1.0 183,304,412
062 99 06 1.0 501,550,561
062 99 04 1.9 567,563,569
062 99 08 1.9 578,587,587
062 99 08 1.9 588,581,576
062 99 08 1.9 567,557,550
062 99 05 1.9 537,532,521
062 99 03 1.9 520,513,511
062 99 02 1.9 502,495,508
062 99 04 1.9 556,637,718
062 99 08 1.9 776,806,819
062 99 08 1.9 828,831,838
062 99 08 1.9 843,857,872
062 99 08 1.3 877,881,376
062 99 05 1.3 366,345,330
062 99 02 1.3 312,294,275
062 99 01 1.3 257,247,237
062 99 00 1.3 227,206,192
062 99 00 1.3 213,278,360
062 99 06 1.3 423,463,475
065 99 07 1.0 479,274,267
065 99 07 1.0 255,249,238
065 99 04 1.0 235,229,222
065 99 02 1.0 209,195,183
065 99 00 1.0 167,153,142
065 99 00 1.0 133,125,113
065 99 00 1.0 100,87,88
065 99 00 1.0 124,193,270
065 99 08 1.0 322,349,361
065 99 08 1.0 363,274,261
065 99 07 1.0 248,236,231
065 99 04 1.0 224,221,208
065 99 02 1.0 197,179,167
065 99 00 1.0 154,140,124
065 99 00 1.0 111,98,89
065 99 00 1.0 79,69,72
065 99 00 1.0 109,180,265
065 99 08 1.0 328,366,384
065 99 08 1.1 394,389,311
065 99 08 1.1 295,285,279
065 99 05 1.1 274,267,254
065 99 03 1.1 239,230,218
065 99 01 1.1 207,194,184
065 99 00 1.1 176,168,157
065 99 00 1.1 149,136,133
065 99 00 1.1 152,211,292
065 99 08 1.1 371,425,456
065 99 08 1.2 473,476,478
065 99 08 1.2 339,332,324
065 99 07 1.2 317,311,300
065 99 04 1.2 286,269,251
065 99 01 1.2 234,214,195
065 99 00 1.2 176,160,145
065 99 00 1.2 130,113,96
065 99 00 1.2 107,154,233
065 99 07 1.2 306,355,381
065 99 08 1.0 394,395,287
065 99 07 1.0 269,250,243
065 99 04 1.0 230,228,215
065 99 02 1.0 206,187,169
065 99 00 1.0 152,136,125
065 99 00 1.0 110,99,86
065 99 00 1.0 73,58,49
065 99 00 1.0 67,119,195
065 99 07 1.0 259,298,313
065 99 08 0.9 318,263,250
065 99 07 0.9 239,228,223
065 99 04 0.9 219,218,212
065 99 03 0.9 206,198,190
065 99 01 0.9 180,174,166
065 99 00 0.9 159,150,139
065 99 00 0.9 126,114,122
065 99 01 0.9 158,229,311
065 99 08 0.9 377,420,439
065 99 08 1.2 451,332,320
065 99 08 1.2 295,274,256
065 99 03 1.2 240,221,198
065 99 00 1.2 176,154,138
065 99 00 1.2 120,105,85
065 99 00 1.2 71,59,46
065 99 00 1.2 28,6,0
065 99 00 1.2 7,58,144
065 99 07 1.2 213,264,285
065 99 08 1.1 296,296,304
065 99 08 1.1 291,278,263
065 99 04 1.1 253,244,233
065 99 02 1.1 221,203,184
065 99 00 1.1 160,141,123
065 99 00 1.1 108,91,75
065 99 00 1.1 61,44,30
065 99 00 1.1 16,26,76
065 99 04 1.1 158,242,296
065 99 08 1.1 320,327,326
065 99 08 1.1 305,290,275
065 99 05 1.1 262,252,240
065 99 03 1.1 229,213,200
065 99 00 1.1 182,165,144
065 99 00 1.1 129,112,99
065 99 00 1.1 82,71,57
065 99 00 1.1 40,22,21
065 99 00 1.1 55,130,213
065 99 08 1.1 275,308,322
065 99 08 1.1 327,301,285
065 99 06 1.1 260,247,236
065 99 03 1.1 234,221,206
065 99 01 1.1 188,172,156
065 99 00 1.1 137,125,110
065 99 00 1.1 103,88,74
065 99 00 1.1 58,42,26
065 99 00 1.1 16,38,101
065 99 05 1.1 181,239,273
066 99 08 1.0 286,298,277
066 99 08 1.0 271,257,245
066 99 05 1.0 231,221,215
066 99 02 1.0 205,188,167
066 99 00 1.0 152,136,120
066 99 00 1.0 107,94,80
066 99 00 1.0 63,45,33
066 99 00 1.0 18,9,31
066 99 01 1.0 94,180,250
066 99 08 1.0 293,311,319
066 99 08 1.1 303,287,267
066 99 06 1.1 248,233,219
066 99 02 1.1 211,200,187
066 99 00 1.1 171,156,137
066 99 00 1.1 119,98,84
066 99 00 1.1 69,56,41
066 99 00 1.1 23,10,0
066 99 00 1.1 0,38,113
066 99 06 1.1 195,249,278
066 99 08 1.0 288,294,292
066 99 07 1.0 275,253,238
066 99 03 1.0 228,216,204
066 99 01 1.0 188,175,160
066 99 00 1.0 144,127,109
066 99 00 1.0 93,76,62
066 99 00 1.0 45,30,17
066 99 00 1.0 2,0,0
066 99 00 1.0 29,100,179
066 99 08 1.0 231,261,268
066 99 08 1.0 269,278,263
066 99 06 1.0 247,231,222
066 99 03 1.0 207,190,174
066 99 00 1.0 156,141,124
066 99 00 1.0 110,91,72
066 99 00 1.0 54,40,20
066 99 00 1.0 2,0,0
066 99 00 1.0 0,0,0
066 99 00 1.0 13,87,153
066 99 08 1.0 190,203,204
066 99 08 0.9 249,235,219
066 99 04 0.9 204,194,182
066 99 02 0.9 175,165,152
066 99 00 0.9 134,119,107
066 99 00 0.9 93,76,60
066 99 00 0.9 45,31,21
066 99 00 0.9 8,0,0
066 99 00 0.9 0,21,82
066 99 06 0.9 133,165,178
066 99 08 0.7 185,200,182
066 99 03 0.7 158,144,133
066 99 02 0.7 125,116,105
066 99 01 0.7 90,74,57
066 99 00 0.7 44,30,14
066 99 00 0.7 0,0,0
066 99 00 0.7 0,0,0
066 99 00 0.7 0,0,50
066 99 05 0.7 121,165,179
066 99 07 0.9 182,251,243
066 99 07 0.9 229,211,199
066 99 03 0.9 190,181,165
066 99 01 0.9 148,132,117
066 99 00 0.9 96,81,60
066 99 00 0.9 49,31,20
066 99 00 0.9 4,0,0
066 99 00 0.9 0,4,66
066 99 06 0.9 150,208,240
066 99 08 1.0 256,263,261
066 99 08 1.0 282,269,255
066 99 05 1.0 245,235,225
066 99 02 1.0 210,195,182
066 99 00 1.0 166,147,128
066 99 00 1.0 113,100,85
066 99 00 1.0 71,54,40
066 99 00 1.0 24,32,72
066 99 03 1.0 148,221,275
066 99 08 1.0 301,317,319
066 99 08 1.0 289,271,253
066 99 05 1.0 238,226,217
066 99 02 1.0 209,200,189
066 99 00 1.0 171,156,137
066 99 00 1.0 124,110,96
066 99 00 1.0 85,71,59
066 99 00 1.0 42,42,78
066 99 03 1.0 150,226,272
066 99 08 0.9 289,296,299
066 99 08 0.9 253,238,223
066 99 05 0.9 213,203,191
066 99 02 0.9 181,168,150
066 99 00 0.9 134,121,106
066 99 00 0.9 90,74,58
066 99 00 0.9 48,28,17
066 99 00 0.9 4,16,58
066 99 04 0.9 131,206,253
066 99 08 1.0 279,290,293
066 99 08 1.0 285,270,253
066 99 05 1.0 236,224,215
066 99 02 1.0 206,194,180
066 99 00 1.0 162,146,131
066 99 00 1.0 118,103,89
066 99 00 1.0 75,59,43
066 99 00 1.0 26,22,40
066 99 01 1.0 96,170,239
066 99 08 1.0 280,299,307
066 99 08 1.0 307,278,256
066 99 05 1.0 234,218,205
066 99 02 1.0 193,177,165
066 99 00 1.0 147,133,116
066 99 00 1.0 101,84,65
066 99 00 1.0 50,35,23
066 99 00 1.0 8,0,0
066 99 00 1.0 36,114,188
066 99 08 1.0 239,262,275
065 99 08 1.0 278,280,262
065 99 06 1.0 243,225,215
065 99 03 1.0 206,196,184
065 99 01 1.0 169,150,136
065 99 00 1.0 121,108,87
065 99 00 1.0 68,52,36
065 99 00 1.0 21,13,23
065 99 00 1.0 71,139,206
065 99 08 1.0 246,266,271
065 99 08 0.9 252,239,223
065 99 05 0.9 207,193,185
065 99 02 0.9 175,166,150
065 99 00 0.9 133,114,97
065 99 00 0.9 83,66,50
065 99 00 0.9 35,23,12
065 99 00 0.9 0,0,0
065 99 00 0.9 34,108,182
065 99 08 0.9 230,252,258
065 99 08 0.9 275,269,255
065 99 06 0.9 239,221,212
065 99 03 0.9 199,188,174
065 99 00 0.9 161,149,132
065 99 00 0.9 116,95,76
065 99 00 0.9 57,43,30
065 99 00 0.9 13,0,0
065 99 00 0.9 2,51,129
065 99 07 0.9 199,240,260
065 99 08 1.0 265,279,268
065 99 07 1.0 252,231,217
065 99 03 1.0 205,195,179
065 99 00 1.0 163,148,131
065 99 00 1.0 117,99,81
065 99 00 1.0 63,45,28
065 99 00 1.0 12,0,0
065 99 00 1.0 0,0,6
065 99 03 1.0 83,163,214
065 99 08 0.9 235,235,269
065 99 08 0.9 256,242,227
065 99 04 0.9 212,203,192
065 99 02 0.9 180,168,154
065 99 00 0.9 140,122,104
065 99 00 0.9 83,69,53
065 99 00 0.9 44,32,20
065 99 00 0.9 1,0,0
065 99 00 0.9 43,118,186
065 99 08 0.8 224,233,236
065 99 06 0.8 242,224,204
065 99 03 0.8 187,176,167
065 99 02 0.8 158,147,130
065 99 01 0.8 114,97,81
065 99 00 0.8 64,46,30
065 99 00 0.8 16,2,0
065 99 00 0.8 0,0,0
065 99 00 0.8 0,6,87
065 99 05 0.8 164,212,236
064 99 07 1.0 245,248,292
064 99 07 1.0 275,258,247
064 99 04 1.0 238,226,214
064 99 01 1.0 201,186,169
064 99 00 1.0 151,134,118
064 99 00 1.0 100,89,73
064 99 00 1.0 61,45,30
064 99 00 1.0 19,19,60
064 99 03 1.0 125,207,262
064 99 08 1.0 297,310,313
064 99 08 1.0 290,272,256
064 99 05 1.0 237,227,216
064 99 02 1.0 210,197,182
064 99 00 1.0 165,149,133
064 99 00 1.0 118,100,84
064 99 00 1.0 68,57,45
064 99 00 1.0 31,16,3
064 99 00 1.0 26,81,165
064 99 07 1.0 232,277,297
064 99 08 1.0 307,304,290
064 99 07 1.0 273,255,243
064 99 04 1.0 232,226,217
064 99 02 1.0 204,187,170
064 99 00 1.0 157,143,131
064 99 00 1.0 117,105,94
064 99 00 1.0 83,69,50
064 99 00 1.0 38,53,105
064 99 05 1.0 182,244,281
064 99 08 0.9 294,296,249
064 99 07 0.9 233,221,208
064 99 04 0.9 199,192,182
064 99 02 0.9 175,159,147
064 99 00 0.9 127,113,98
064 99 00 0.9 86,73,57
064 99 00 0.9 50,37,26
064 99 00 0.9 9,3,28
064 99 02 0.9 92,175,243
064 99 08 0.9 283,302,310
064 99 08 1.1 305,289,271
064 99 06 1.1 258,253,245
064 99 04 1.1 235,221,208
064 99 01 1.1 192,173,154
064 99 00 1.1 139,125,114
064 99 00 1.1 100,88,71
064 99 00 1.1 59,46,38
064 99 00 1.1 49,99,178
064 99 07 1.1 253,300,320
064 99 08 1.0 328,329,285
064 99 07 1.0 273,257,244
064 99 04 1.0 232,222,209
064 99 01 1.0 196,183,170
064 99 00 1.0 153,137,123
064 99 00 1.0 105,88,69
064 99 00 1.0 54,41,27
064 99 00 1.0 15,3,16
064 99 00 1.0 66,142,216
064 99 08 1.0 263,286,295
064 99 08 1.0 293,281,262
064 99 06 1.0 243,229,224
064 99 03 1.0 216,206,191
064 99 00 1.0 174,157,140
064 99 00 1.0 127,109,96
064 99 00 1.0 81,68,53
064 99 00 1.0 38,24,12
064 99 00 1.0 0,4,43
064 99 03 1.0 115,188,236
064 99 08 0.9 254,260,257
064 99 08 0.9 245,226,214
064 99 04 0.9 207,201,187
064 99 01 0.9 175,163,153
064 99 00 0.9 138,121,104
064 99 00 0.9 86,70,51
064 99 00 0.9 36,22,15
064 99 00 0.9 3,0,0
064 99 00 0.9 15,73,146
064 99 07 0.9 197,227,239
064 99 08 0.9 238,248,228
064 99 05 0.9 210,191,185
064 99 02 0.9 174,165,151
064 99 00 0.9 137,119,102
064 99 00 0.9 81,66,48
064 99 00 0.9 32,17,4
064 99 00 0.9 0,0,0
064 99 00 0.9 0,0,0
064 99 01 0.9 32,116,177
064 99 08 0.9 211,224,231
064 99 08 1.0 230,271,252
064 99 05 1.0 234,228,217
064 99 03 1.0 208,191,176
064 99 00 1.0 158,140,125
064 99 00 1.0 109,97,77
064 99 00 1.0 58,40,32
064 99 00 1.0 24,11,0
064 99 00 1.0 0,0,36
064 99 03 1.0 115,188,234
064 99 08 1.0 254,257,257
064 99 08 1.0 270,255,238
064 99 04 1.0 221,208,194
064 99 02 1.0 184,172,157
064 99 00 1.0 139,122,103
064 99 00 1.0 86,70,59
064 99 00 1.0 45,29,12
064 99 00 1.0 0,0,0
064 99 00 1.0 0,0,56
064 99 05 1.0 131,190,216
064 99 08 0.9 229,229,264
064 99 07 0.9 249,233,223
064 99 04 0.9 211,200,188
064 99 01 0.9 181,167,152
064 99 00 0.9 134,118,103
064 99 00 0.9 88,76,64
064 99 00 0.9 51,40,29
064 99 00 0.9 15,0,1
064 99 00 0.9 43,115,184
064 99 08 0.8 222,234,235
064 99 06 0.8 229,213,197
064 99 03 0.8 178,169,163
064 99 02 0.8 155,144,132
064 99 01 0.8 121,106,89
064 99 00 0.8 71,55,39
064 99 00 0.8 29,21,10
064 99 00 0.8 0,0,0
064 99 00 0.8 0,22,101
064 99 05 0.8 176,225,248
064 99 07 1.0 259,257,289
064 99 08 1.0 275,267,252
064 99 04 1.0 245,232,221
064 99 02 1.0 209,194,177
064 99 00 1.0 159,147,135
064 99 00 1.0 124,111,102
064 99 00 1.0 88,76,60
064 99 00 1.0 51,59,104
064 99 04 1.0 181,256,306
064 99 08 1.0 329,344,350
064 99 08 1.0 347,287,269
064 99 06 1.0 252,237,229
064 99 02 1.0 222,212,201
064 99 01 1.0 186,171,154
064 99 00 1.0 137,124,113
064 99 00 1.0 104,98,87
064 99 00 1.0 74,55,50
064 99 00 1.0 71,133,210
064 99 07 1.0 273,312,327
063 99 08 1.0 335,281,273
063 99 07 1.0 256,241,228
063 99 04 1.0 225,216,205
063 99 01 1.0 187,172,158
063 99 00 1.0 141,125,111
063 99 00 1.0 100,89,77
063 99 00 1.0 64,49,38
063 99 00 1.0 29,29,60
063 99 02 1.0 123,197,252
063 99 08 0.9 282,298,297
063 99 08 0.9 256,238,221
063 99 05 0.9 214,204,197
063 99 03 0.9 187,176,160
063 99 00 0.9 142,128,116
063 99 00 0.9 105,88,74
063 99 00 0.9 62,52,43
063 99 00 0.9 27,11,4
063 99 00 0.9 29,86,158
063 99 07 0.9 214,244,257
063 99 08 0.9 257,247,228
063 99 05 0.9 208,194,185
063 99 02 0.9 178,169,154
063 99 00 0.9 140,124,110
063 99 00 0.9 93,78,65
063 99 00 0.9 53,37,21
063 99 00 0.9 8,0,0
063 99 00 0.9 0,0,0
063 99 01 0.9 43,124,185
063 99 08 0.9 223,239,247
063 99 08 1.0 285,272,250
063 99 05 1.0 234,219,209
063 99 02 1.0 195,183,170
063 99 00 1.0 155,138,121
063 99 00 1.0 108,92,77
063 99 00 1.0 57,43,28
063 99 00 1.0 14,0,0
063 99 00 1.0 0,0,9
063 99 02 1.0 78,155,207
063 99 08 1.0 231,238,241
063 99 08 0.9 272,257,238
063 99 04 0.9 222,208,200
063 99 02 0.9 185,171,152
063 99 00 0.9 138,120,102
063 99 00 0.9 83,68,54
063 99 00 0.9 42,26,10
063 99 00 0.9 0,0,0
063 99 00 0.9 0,0,0
063 99 02 0.9 48,125,178
063 99 08 0.9 208,218,268
063 99 08 0.9 255,239,223
063 99 04 0.9 210,202,196
063 99 02 0.9 184,171,153
063 99 00 0.9 136,119,101
063 99 00 0.9 86,70,60
063 99 00 0.9 45,31,19
063 99 00 0.9 5,0,0
063 99 00 0.9 0,0,52
063 99 05 0.9 123,175,201
063 99 08 0.8 205,206,225
063 99 04 0.8 212,189,177
063 99 02 0.8 167,162,150
063 99 02 0.8 137,120,105
063 99 00 0.8 87,74,55
063 99 00 0.8 38,21,8
063 99 00 0.8 0,0,0
063 99 00 0.8 0,0,0
063 99 00 0.8 0,7,90
063 99 06 0.8 161,200,218
063 99 07 1.0 224,223,286
063 99 07 1.0 269,251,235
063 99 03 1.0 225,215,201
063 99 01 1.0 187,173,158
063 99 00 1.0 141,125,111
063 99 00 1.0 96,80,62
063 99 00 1.0 45,29,16
063 99 00 1.0 5,0,1
063 99 00 1.0 43,118,196
063 99 08 1.0 247,272,283

