177628!20191007_084909!1!0
2.44!2.39!2.43!2.44!2.51!2.4!
98!62!66!0!341
427.2 2.44 44 45

066 98 05 2.6 662,604,552
066 98 04 2.6 519,497,478
066 98 02 2.6 448,416,374
066 98 00 2.6 329,284,243
066 98 00 2.6 203,163,123
066 98 00 2.6 84,47,11
066 98 00 2.6 0,0,0
066 98 00 2.6 146,350,501
066 98 05 2.2 558,554,572
066 98 07 2.2 522,460,414
066 98 02 2.2 386,375,357
066 98 00 2.2 335,301,269
066 98 00 2.2 232,195,160
066 98 00 2.2 128,100,70
066 98 00 2.2 42,15,0
066 98 00 2.2 0,0,0
066 98 01 2.2 130,308,422
066 98 04 1.9 450,506,462
066 98 07 1.9 405,357,323
066 98 01 1.9 305,289,273
066 98 00 1.9 252,220,183
066 98 00 1.9 141,99,58
066 98 00 1.9 22,0,0
066 98 00 1.9 0,0,0
066 98 00 1.9 0,0,0
066 98 02 1.9 72,274,407
066 98 07 2.3 449,446,610
066 98 07 2.3 569,518,473
066 98 04 2.3 445,430,417
066 98 02 2.3 397,364,326
066 98 00 2.3 283,245,205
066 98 00 2.3 166,126,90
066 98 00 2.3 61,32,3
066 98 00 2.3 0,0,0
066 98 00 2.3 82,271,451
066 98 05 2.2 537,557,597
066 98 07 2.2 563,512,459
066 98 04 2.2 421,400,386
066 98 01 2.2 365,335,302
066 98 00 2.2 263,221,176
066 98 00 2.2 133,100,67
066 98 00 2.2 37,0,0
066 98 00 2.2 0,0,0
066 98 00 2.2 0,0,129
066 98 06 2.2 319,430,458
065 98 05 2.2 603,560,510
065 98 05 2.2 458,422,398
065 98 02 2.2 381,362,332
065 98 00 2.2 297,256,217
065 98 00 2.2 178,141,105
065 98 00 2.2 73,44,13
065 98 00 2.2 0,0,0
065 98 00 2.2 0,0,0
065 98 01 2.2 97,276,384
065 98 04 1.8 410,499,452
065 98 07 1.8 393,342,309
065 98 01 1.8 296,289,277
065 98 00 1.8 255,221,186
065 98 00 1.8 146,108,73
065 98 00 1.8 40,10,0
065 98 00 1.8 0,0,0
065 98 00 1.8 0,0,0
065 98 01 1.8 54,262,424
065 98 07 2.3 497,508,638
065 98 05 2.3 593,543,498
065 98 04 2.3 477,462,450
065 98 02 2.3 429,404,373
065 98 00 2.3 335,301,263
065 98 00 2.3 230,199,173
065 98 00 2.3 146,119,93
065 98 00 2.3 66,35,30
065 98 00 2.3 121,304,514
065 98 06 2.3 655,713,717
065 98 05 2.4 669,630,582
065 98 06 2.4 539,515,507
065 98 04 2.4 501,487,458
065 98 01 2.4 425,386,349
065 98 00 2.4 314,279,248
065 98 00 2.4 220,195,174
065 98 00 2.4 149,123,94
065 98 00 2.4 95,190,377
065 98 05 2.4 578,707,748
065 98 05 2.3 748,635,597
065 98 07 2.3 547,509,488
065 98 04 2.3 481,474,455
065 98 02 2.3 427,393,362
065 98 00 2.3 326,290,256
065 98 00 2.3 230,208,183
065 98 00 2.3 157,128,97
065 98 00 2.3 68,84,200
065 98 04 2.3 387,560,651
065 98 05 2.1 669,586,550
065 98 07 2.1 503,465,437
065 98 04 2.1 432,425,415
065 98 02 2.1 392,368,336
065 98 00 2.1 304,274,244
065 98 00 2.1 215,189,164
065 98 00 2.1 142,116,89
065 98 00 2.1 63,85,201
065 98 04 2.1 390,566,659
065 98 05 2.2 684,610,577
065 98 08 2.2 534,490,465
065 98 04 2.2 452,455,445
065 98 03 2.2 422,383,348
065 98 00 2.2 314,281,247
065 98 00 2.2 218,191,164
065 98 00 2.2 143,114,91
065 98 00 2.2 58,71,186
065 98 04 2.2 396,614,746
065 98 08 2.7 800,807,739
065 98 03 2.7 707,668,635
065 98 04 2.7 617,611,605
065 98 03 2.7 588,559,524
065 98 02 2.7 489,456,423
065 98 00 2.7 390,358,327
065 98 00 2.7 295,268,241
065 98 00 2.7 210,198,274
065 98 02 2.7 446,654,805
065 98 04 2.4 870,880,662
065 98 04 2.4 623,575,539
065 98 04 2.4 518,509,492
065 98 02 2.4 470,441,407
065 98 01 2.4 371,334,298
065 98 00 2.4 266,232,202
065 98 00 2.4 171,142,110
065 98 00 2.4 76,41,43
065 98 00 2.4 144,327,518
065 98 04 2.2 624,652,604
065 98 04 2.2 570,522,476
065 98 04 2.2 449,438,438
065 98 03 2.2 422,399,362
065 98 00 2.2 329,297,267
065 98 00 2.2 239,214,188
065 98 00 2.2 161,135,109
065 98 00 2.2 80,47,37
065 98 00 2.2 104,258,430
065 98 06 1.9 541,572,527
065 98 03 1.9 487,439,391
065 98 05 1.9 361,346,341
065 98 02 1.9 334,313,286
065 98 00 1.9 250,214,179
065 98 00 1.9 149,118,87
065 98 00 1.9 56,32,5
065 98 00 1.9 0,0,0
065 98 00 1.9 0,132,347
065 98 06 1.9 519,610,634
065 98 07 2.5 699,668,630
065 98 07 2.5 588,561,547
065 98 04 2.5 540,521,496
065 98 02 2.5 464,432,400
065 98 00 2.5 368,339,307
065 98 00 2.5 279,249,222
065 98 00 2.5 191,166,133
065 98 00 2.5 110,151,296
065 98 05 2.5 504,675,761
065 98 06 2.4 784,666,638
065 98 07 2.4 594,550,521
065 98 04 2.4 509,499,480
065 98 02 2.4 451,419,385
065 98 00 2.4 347,311,275
065 98 00 2.4 242,209,181
065 98 00 2.4 149,122,88
065 98 00 2.4 60,24,0
065 98 00 2.4 50,201,411
065 98 06 2.4 568,638,644
065 98 04 2.3 625,585,540
065 98 06 2.3 502,483,476
065 98 03 2.3 463,443,414
065 98 01 2.3 383,343,305
065 98 00 2.3 269,235,205
065 98 00 2.3 178,153,128
065 98 00 2.3 97,68,37
065 98 00 2.3 3,0,68
065 98 02 2.3 231,406,505
065 98 03 1.9 524,516,471
065 98 08 1.9 418,372,344
065 98 02 1.9 331,320,305
065 98 00 1.9 280,246,209
065 98 00 1.9 169,130,94
065 98 00 1.9 62,29,0
065 98 00 1.9 0,0,0
065 98 00 1.9 0,0,0
065 98 00 1.9 0,154,375
065 98 06 1.9 514,563,567
064 98 06 2.6 727,688,650
064 98 07 2.6 614,597,586
064 98 04 2.6 577,554,520
064 98 01 2.6 483,445,407
064 98 00 2.6 369,335,304
064 98 00 2.6 273,235,202
064 98 00 2.6 164,132,97
064 98 00 2.6 69,107,258
064 98 04 2.6 483,679,778
064 98 07 2.6 810,804,713
064 98 04 2.6 673,634,604
064 98 04 2.6 586,577,561
064 98 02 2.6 541,509,474
064 98 01 2.6 432,393,355
064 98 00 2.6 320,288,257
064 98 00 2.6 225,191,154
064 98 00 2.6 118,80,62
064 98 00 2.6 138,321,546
064 98 04 2.6 707,770,784
064 98 03 2.6 704,673,630
064 98 05 2.6 594,576,571
064 98 03 2.6 565,550,527
064 98 02 2.6 495,457,417
064 98 01 2.6 386,354,327
064 98 00 2.6 296,270,244
064 98 00 2.6 219,191,155
064 98 00 2.6 122,142,265
064 98 03 2.6 457,625,710
065 98 03 2.2 724,584,540
065 98 07 2.2 489,450,431
065 98 04 2.2 428,422,406
065 98 02 2.2 380,345,307
065 98 00 2.2 269,234,198
065 98 00 2.2 166,134,105
065 98 00 2.2 75,46,19
065 98 00 2.2 0,0,0
065 98 01 2.2 163,400,608
065 98 07 2.2 722,766,772
065 98 07 2.9 795,763,727
065 98 06 2.9 709,699,691
065 98 08 2.9 674,650,621
065 98 02 2.9 587,552,515
065 98 00 2.9 484,449,417
065 98 00 2.9 382,350,317
065 98 00 2.9 283,249,212
065 98 00 2.9 217,333,547
065 98 07 2.9 774,918,985
065 98 08 2.9 1008,1007,777
065 98 03 2.9 737,698,677
065 98 08 2.9 667,657,636
065 98 05 2.9 606,573,531
065 98 00 2.9 488,443,406
065 98 00 2.9 370,334,300
065 98 00 2.9 264,231,197
065 98 00 2.9 161,121,114
065 98 00 2.9 219,427,663
065 98 06 2.9 814,878,889
064 98 08 2.8 768,733,692
064 98 06 2.8 658,645,643
064 98 08 2.8 636,613,571
064 98 01 2.8 528,482,444
064 98 00 2.8 404,365,329
064 98 00 2.8 294,263,227
064 98 00 2.8 192,155,117
064 98 00 2.8 79,81,183
064 98 03 2.8 383,593,726
064 98 08 2.5 769,768,669
064 98 07 2.5 627,584,563
064 98 05 2.5 556,554,539
064 98 03 2.5 511,474,436
064 98 00 2.5 399,359,320
064 98 00 2.5 283,245,207
064 98 00 2.5 171,140,108
064 98 00 2.5 72,34,43
064 98 00 2.5 165,388,614
064 98 06 2.5 755,810,823
064 98 07 2.9 779,747,706
064 98 06 2.9 682,673,670
064 98 08 2.9 657,629,594
064 98 02 2.9 557,518,476
064 98 00 2.9 431,394,359
064 98 00 2.9 323,285,249
064 98 00 2.9 216,177,152
064 98 00 2.9 199,369,607
064 98 07 2.9 811,918,956
064 98 08 2.9 963,790,753
064 98 04 2.9 716,696,688
064 98 08 2.9 677,660,629
064 98 04 2.9 594,556,518
064 98 00 2.9 478,434,393
064 98 00 2.9 347,306,266
064 98 00 2.9 233,197,155
064 98 00 2.9 147,243,448
064 98 05 2.9 679,839,914
064 98 08 2.9 936,928,750
064 98 05 2.9 710,682,679
064 98 08 2.9 680,669,645
064 98 05 2.9 611,575,534
064 98 00 2.9 501,469,443
064 98 00 2.9 413,389,361
064 98 00 2.9 333,296,255
064 98 00 2.9 267,380,569
064 98 06 2.9 742,833,851
064 98 05 2.2 581,539,489
064 98 07 2.2 450,432,435
064 98 05 2.2 434,415,383
064 98 01 2.2 340,296,252
064 98 00 2.2 214,181,148
064 98 00 2.2 118,87,56
064 98 00 2.2 19,3,78
064 98 02 2.2 254,472,638
064 98 08 2.8 719,749,742
064 98 05 2.8 712,666,627
064 98 07 2.8 601,591,574
064 98 03 2.8 548,512,471
064 98 00 2.8 427,387,343
064 98 00 2.8 304,268,235
064 98 00 2.8 203,168,132
064 98 00 2.8 110,174,341
064 98 05 2.8 563,734,825
064 98 07 2.8 858,859,725
064 98 04 2.8 680,627,590
064 98 03 2.8 568,551,525
064 98 02 2.8 487,446,398
064 98 00 2.8 357,313,277
064 98 00 2.8 239,204,163
064 98 00 2.8 122,83,47
064 98 00 2.8 9,12,123
064 98 02 2.8 322,528,652
064 98 04 2.6 695,698,670
064 98 05 2.6 623,567,526
064 98 03 2.6 500,482,459
064 98 02 2.6 428,389,343
064 98 00 2.6 294,248,206
064 98 00 2.6 167,125,88
064 98 00 2.6 51,15,0
064 98 00 2.6 0,0,0
064 98 00 2.6 0,92,298
064 98 04 2.3 438,486,478
064 98 07 2.3 574,519,462
064 98 03 2.3 413,391,376
064 98 01 2.3 363,339,307
064 98 00 2.3 265,217,172
064 98 00 2.3 133,97,65
064 98 00 2.3 30,0,0
064 98 00 2.3 0,0,0
064 98 00 2.3 0,0,0
064 98 03 2.3 158,307,364
064 98 05 2.1 363,522,471
064 98 07 2.1 408,359,331
064 98 00 2.1 318,305,278
064 98 00 2.1 243,202,156
064 98 00 2.1 110,66,27
064 98 00 2.1 0,0,0
064 98 00 2.1 0,0,0
064 98 00 2.1 0,0,0
064 98 00 2.1 0,50,262
064 99 07 2.5 389,424,419
064 99 06 2.5 670,626,572
064 99 05 2.5 524,493,472
064 99 02 2.5 450,422,380
064 99 00 2.5 342,303,265
064 99 00 2.5 225,182,141
064 99 00 2.5 97,57,21
064 99 00 2.5 0,0,0
064 99 00 2.5 0,0,25
064 99 03 2.5 228,420,522
064 99 05 2.4 546,658,627
064 99 08 2.4 579,523,479
064 99 03 2.4 457,444,423
064 99 01 2.4 390,354,314
064 99 00 2.4 267,218,173
064 99 00 2.4 139,103,67
064 99 00 2.4 27,0,0
064 99 00 2.4 0,0,0
064 99 00 2.4 0,0,148
064 99 04 2.4 344,449,466
064 99 05 2.3 613,568,520
064 99 05 2.3 470,440,427
064 99 02 2.3 419,403,375
064 99 00 2.3 337,300,262
064 99 00 2.3 225,187,149
064 99 00 2.3 116,82,55
064 99 00 2.3 26,0,0
064 99 00 2.3 0,0,0
064 99 01 2.3 147,341,463
064 99 04 2.1 497,580,542
064 99 07 2.1 489,438,404
064 99 03 2.1 388,378,362
064 99 01 2.1 339,307,273
064 99 00 2.1 235,197,155
064 99 00 2.1 121,88,58
064 99 00 2.1 28,0,0
064 99 00 2.1 0,0,0
064 99 00 2.1 0,157,391
064 99 06 2.1 560,636,657
064 99 07 2.8 766,733,691
064 99 06 2.8 655,629,616
064 99 07 2.8 605,588,559
064 99 02 2.8 525,488,450
064 99 00 2.8 412,375,341
064 99 00 2.8 310,283,253
064 99 00 2.8 223,190,159
064 99 00 2.8 137,187,351
064 99 04 2.8 581,774,874
064 99 08 2.8 905,907,745
064 99 04 2.8 710,669,647
064 99 08 2.8 635,628,607
064 99 05 2.8 584,548,519
064 99 00 2.8 478,443,409
064 99 00 2.8 376,348,314
064 99 00 2.8 285,253,223
064 99 00 2.8 190,156,148
064 99 00 2.8 241,435,665
064 99 06 2.8 825,895,911
064 99 08 2.8 757,726,683
064 99 06 2.8 648,638,641
064 99 08 2.8 638,619,595
064 99 03 2.8 562,532,495
064 99 00 2.8 464,432,408
064 99 00 2.8 384,359,329
064 99 00 2.8 300,272,243
064 99 00 2.8 215,230,344
064 99 04 2.8 540,727,836
064 99 08 2.4 863,640,603
064 99 07 2.4 559,519,505
064 99 05 2.4 504,507,492
064 99 03 2.4 465,429,390
064 99 00 2.4 353,318,285
064 99 00 2.4 253,220,188
064 99 00 2.4 158,131,104
064 99 00 2.4 74,42,49
064 99 00 2.4 165,385,627
064 99 06 2.4 791,869,896
064 99 08 3.1 894,828,794
064 99 07 3.1 764,755,749
064 99 07 3.1 740,723,695
064 99 03 3.1 656,618,577
064 99 00 3.1 543,506,473
064 99 00 3.1 439,408,369
064 99 00 3.1 335,300,267
064 99 00 3.1 231,229,338
064 99 03 3.1 556,798,962
064 99 08 3.1 1039,1066,1063
064 99 06 3.1 811,772,740
064 99 08 3.1 724,714,701
064 99 05 3.1 676,647,611
064 99 01 3.1 573,530,487
064 99 00 3.1 448,413,375
064 99 00 3.1 339,302,265
064 99 00 3.1 223,178,137
064 99 00 3.1 100,113,241
064 99 03 3.1 465,689,821
064 99 07 2.9 870,876,763
064 99 04 2.9 723,678,644
064 99 08 2.9 628,620,605
064 99 04 2.9 578,541,500
064 99 00 2.9 458,417,376
064 99 00 2.9 336,300,262
064 99 00 2.9 225,186,151
064 99 00 2.9 112,72,28
064 99 00 2.9 0,17,156
064 99 04 2.9 377,571,669
064 99 08 2.6 688,683,647
064 99 06 2.6 599,557,532
064 99 04 2.6 526,517,499
064 99 02 2.6 464,426,381
064 99 00 2.6 338,296,258
064 99 00 2.6 222,185,144
064 99 00 2.6 100,53,18
064 99 00 2.6 0,0,0
064 99 00 2.6 0,125,366
064 99 04 2.6 559,654,678
064 99 07 2.8 762,729,681
064 99 06 2.8 636,611,599
064 99 06 2.8 587,566,532
064 99 01 2.8 493,447,398
064 99 00 2.8 353,312,275
064 99 00 2.8 236,193,152
064 99 00 2.8 106,68,27
064 99 01 2.8 0,0,22
064 99 01 2.8 214,471,674
064 99 08 2.8 778,815,816
063 99 07 3.1 832,790,748
063 99 08 3.1 724,715,706
063 99 07 3.1 680,648,609
063 99 00 3.1 573,525,483
063 99 00 3.1 439,400,359
063 99 00 3.1 321,284,242
063 99 00 3.1 199,156,118
063 99 00 3.1 87,139,311
063 99 03 3.1 560,773,884
063 99 08 3.1 928,929,822
063 99 05 3.1 781,740,710
063 99 08 3.1 696,685,667
063 99 05 3.1 639,605,567
063 99 00 3.1 523,477,433
063 99 00 3.1 394,359,324
063 99 00 3.1 288,250,215
063 99 00 3.1 176,133,95
063 99 00 3.1 117,264,494
063 99 05 3.1 711,822,858
063 99 07 2.8 754,729,682
063 99 07 2.8 644,618,609
063 99 04 2.8 600,581,555
063 99 02 2.8 521,484,444
063 99 00 2.8 405,367,331
063 99 00 2.8 296,263,233
063 99 00 2.8 198,165,126
063 99 00 2.8 86,63,125
063 99 01 2.8 293,500,646
063 99 05 2.3 698,690,590
063 99 06 2.3 536,484,450
063 99 03 2.3 439,430,416
063 99 02 2.3 388,355,311
063 99 00 2.3 265,220,179
063 99 00 2.3 142,104,70
063 99 00 2.3 29,0,0
063 99 00 2.3 0,0,0
063 99 00 2.3 0,87,334
063 99 05 2.3 538,643,678
063 99 07 3.0 678,801,762
063 99 04 3.0 724,697,686
063 99 08 3.0 672,653,623
063 99 03 3.0 591,551,512
063 99 00 3.0 469,430,393
063 99 00 3.0 359,327,294
063 99 00 3.0 260,223,187
063 99 00 3.0 147,118,162
063 99 01 3.0 324,555,758
063 99 08 3.0 866,906,910
063 99 07 2.9 768,729,683
063 99 08 2.9 655,646,638
063 99 07 2.9 620,593,556
063 99 01 2.9 519,476,440
063 99 00 2.9 400,362,325
063 99 00 2.9 289,252,214
063 99 00 2.9 179,137,103
063 99 00 2.9 61,54,142
063 99 03 2.9 343,572,728
063 99 08 2.8 792,804,740
063 99 06 2.8 699,652,616
063 99 06 2.8 599,595,582
063 99 03 2.8 558,523,486
063 99 00 2.8 446,406,369
063 99 00 2.8 333,298,263
063 99 00 2.8 230,196,162
063 99 00 2.8 126,92,49
063 99 00 2.8 18,52,197
063 99 04 2.8 407,578,658
063 99 05 2.4 670,630,585
063 99 07 2.4 530,490,470
063 99 03 2.4 466,456,434
063 99 01 2.4 397,356,313
063 99 00 2.4 270,226,183
063 99 00 2.4 149,112,76
063 99 00 2.4 35,0,0
063 99 01 2.4 0,0,0
063 99 00 2.4 0,149,403
063 99 07 2.4 584,667,686
063 99 07 3.1 678,796,754
063 99 08 3.1 716,695,684
063 99 05 3.1 674,652,617
063 99 02 3.1 573,527,483
063 99 00 3.1 441,401,365
063 99 00 3.1 326,291,248
063 99 00 3.1 207,165,124
063 99 00 3.1 82,58,139
063 99 01 3.1 342,600,798
062 99 08 3.2 894,929,923
062 99 06 3.2 843,800,762
062 99 07 3.2 736,725,711
062 99 05 3.2 685,651,611
062 99 01 3.2 571,526,482
062 99 00 3.2 437,397,358
062 99 00 3.2 319,278,237
062 99 00 3.2 197,155,115
062 99 01 3.2 77,108,257
062 99 04 3.2 500,728,864
062 99 08 3.1 919,923,825
062 99 06 3.1 778,734,702
062 99 06 3.1 689,682,666
062 99 04 3.1 641,603,565
062 99 00 3.1 519,476,430
062 99 00 3.1 392,353,316
062 99 00 3.1 280,245,207
062 99 00 3.1 170,128,88
062 99 00 3.1 79,176,377
062 99 04 3.1 601,746,799
062 99 06 2.7 793,688,634
062 99 05 2.7 589,557,550
062 99 03 2.7 542,529,502
062 99 02 2.7 466,423,376
062 99 00 2.7 332,284,243
062 99 00 2.7 203,161,118
062 99 00 2.7 73,35,0
062 99 01 2.7 0,0,0
062 99 00 2.7 131,394,628
062 99 05 2.7 758,810,819
062 99 05 3.4 894,854,808
062 99 05 3.4 779,766,756
062 99 04 3.4 738,706,668
062 99 02 3.4 622,575,531
062 99 00 3.4 488,445,402
062 99 00 3.4 359,319,276
062 99 00 3.4 231,185,139
062 99 02 3.4 104,143,318
062 99 03 3.4 580,824,967
062 99 05 3.5 1029,1045,928
062 99 04 3.5 896,857,829
062 99 05 3.5 815,804,783
062 99 03 3.5 750,713,669
062 99 01 3.5 624,574,532
062 99 00 3.5 490,448,405
062 99 00 3.5 361,318,275
062 99 00 3.5 234,187,147
062 99 01 3.5 160,306,551

