177628!20190920_145939!0!0
2.51!2.46!2.46!2.34!2.38!2.35!
97!30!78!27!340
390.0 2.41 89 74

030 70 00 8.7 593,427,271
030 70 00 8.7 124,13,188
030 70 01 8.7 895,1973,3046
030 70 04 11.2 3758,4137,4233
030 70 07 11.2 4115,3915,3694
030 70 06 11.2 3477,3238,2980
030 70 02 11.2 2699,2417,2144
030 70 00 11.2 1886,1655,1438
030 70 00 11.2 1238,1045,861
030 70 00 11.2 689,578,872
030 70 02 11.2 1651,2732,3649
030 70 06 10.4 4211,4447,4427
030 70 06 10.4 3670,3442,3210
030 70 05 10.4 2978,2728,2462
030 70 01 10.4 2177,1893,1618
030 70 00 10.4 1362,1126,909
030 70 00 10.4 707,514,330
030 70 00 10.4 161,61,351
030 70 00 10.4 1101,2098,2923
030 70 06 9.3 3378,3531,3380
030 70 06 9.3 3167,2925,2688
030 70 05 9.3 2452,2201,1941
030 70 00 9.3 1671,1412,1162
030 70 00 9.3 931,713,512
030 70 00 9.3 322,141,0
030 70 00 9.3 0,0,596
030 70 05 9.3 1529,2426,2980
076 97 06 9.1 3222,3209,3194
076 97 06 9.1 2948,2700,2452
076 97 02 9.1 2197,1932,1668
076 97 00 9.1 1415,1176,958
076 97 00 9.1 753,562,374
076 97 00 9.1 197,31,0
076 97 00 9.1 0,421,1378
076 97 05 9.1 2499,3301,3776
076 97 06 11.0 3950,4042,3841
076 97 06 11.0 3610,3380,3142
076 97 03 11.0 2880,2600,2315
076 97 00 11.0 2030,1758,1505
076 97 00 11.0 1276,1060,863
076 97 00 11.0 676,498,335
076 97 00 11.0 374,921,1852
076 97 01 11.0 2880,3580,3972
076 97 06 10.2 4082,3683,3476
076 97 08 10.2 3237,3001,2746
076 97 02 10.2 2478,2196,1916
076 97 00 10.2 1639,1372,1127
076 97 00 10.2 901,699,510
076 97 00 10.2 327,150,0
076 97 00 10.2 0,295,1073
076 97 05 10.2 2053,2794,3218
076 97 07 9.3 3361,3377,3182
076 97 07 9.3 2943,2700,2450
076 97 03 9.3 2198,1935,1675
076 97 00 9.3 1421,1180,957
076 97 00 9.3 748,556,373
076 97 00 9.3 200,34,0
076 97 00 9.3 0,168,863
076 97 06 9.3 1708,2313,2618
076 97 07 7.6 2676,2732,2514
076 97 06 7.6 2282,2053,1830
076 97 00 7.6 1603,1384,1173
076 97 00 7.6 966,772,586
076 97 00 7.6 416,247,90
076 97 00 7.6 0,0,0
076 97 00 7.6 257,1095,2082
076 97 08 7.6 2806,3243,3410
076 97 04 9.7 3600,3429,3222
076 97 04 9.7 3010,2788,2557
076 97 02 9.7 2318,2073,1832
076 97 00 9.7 1593,1371,1156
076 97 00 9.7 959,773,596
076 97 00 9.7 472,695,1389
076 97 06 9.7 2383,3288,3896
076 97 04 10.3 4228,4315,3745
076 97 08 10.3 3569,3380,3192
076 97 04 10.3 2984,2743,2476
076 97 00 10.3 2191,1914,1642
076 97 00 10.3 1384,1146,928
076 97 00 10.3 734,588,781
076 97 03 10.3 1445,2428,3346
076 97 05 10.4 3967,4312,4397
076 97 07 10.4 3699,3488,3268
076 97 07 10.4 3069,2855,2613
076 97 01 10.4 2336,2047,1759
076 97 00 10.4 1477,1207,945
076 97 00 10.4 707,490,361
076 97 00 10.4 637,1367,2369
076 97 07 10.4 3205,3732,3977
076 97 05 10.0 3982,3472,3271
076 97 05 10.0 3074,2887,2687
076 97 03 10.0 2462,2214,1937
076 97 00 10.0 1649,1362,1089
076 97 00 10.0 833,595,402
076 97 00 10.0 480,1051,1980
076 97 07 10.0 2909,3518,3828
078 97 06 9.8 3887,3396,3198
078 97 05 9.8 3007,2838,2669
078 97 04 9.8 2473,2241,1987
078 97 00 9.8 1709,1427,1148
078 97 01 9.8 887,636,414
078 97 00 9.8 408,941,1899
078 97 06 9.8 2975,3743,4204
078 97 06 11.4 4381,4348,3829
078 97 08 11.4 3640,3471,3316
078 97 05 11.4 3156,2967,2750
078 97 00 11.4 2502,2228,1943
078 97 00 11.4 1656,1369,1086
078 97 00 11.4 834,808,1319
078 97 02 11.4 2263,3327,4083
078 97 08 11.3 4520,4685,4641
078 97 08 11.3 3711,3505,3326
078 97 06 11.3 3164,3000,2805
078 97 01 11.3 2583,2334,2069
078 97 00 11.3 1786,1496,1206
078 97 00 11.3 924,651,394
078 97 00 11.3 278,667,1537
078 97 03 11.3 2634,3461,3950
078 97 06 11.2 4143,4117,3667
078 97 08 11.2 3448,3245,3081
078 97 07 11.2 2911,2719,2495
078 97 00 11.2 2247,1983,1698
078 97 00 11.2 1403,1110,825
078 97 00 11.2 555,296,54
078 97 00 11.2 0,0,571
078 97 01 11.2 1584,2592,3234
078 97 06 10.8 3535,3566,3592
078 97 06 10.8 3369,3159,2972
078 97 06 10.8 2802,2618,2413
078 97 00 10.8 2184,1928,1655
078 97 00 10.8 1368,1087,814
078 97 00 10.8 561,314,81
078 97 00 10.8 0,0,0
078 97 00 10.8 460,1388,2234
078 97 05 9.2 2722,2900,3158
078 97 04 9.2 2963,2729,2522
078 97 06 9.2 2334,2145,1927
078 97 00 9.2 1692,1434,1171
078 97 00 9.2 901,647,407
078 97 00 9.2 176,0,0
078 97 00 9.2 0,0,0
078 97 00 9.2 56,1011,2013
077 97 06 10.4 2677,3014,3075
077 97 03 10.4 3567,3361,3151
077 97 05 10.4 2958,2767,2562
077 97 02 10.4 2323,2075,1810
077 97 00 10.4 1553,1289,1036
077 97 00 10.4 799,578,373
077 97 00 10.4 176,0,0
077 97 00 10.4 336,1175,2239
077 97 06 10.4 3046,3534,3724
077 97 04 10.7 3683,3589,3374
077 97 03 10.7 3170,2981,2784
077 97 02 10.7 2563,2313,2050
077 97 00 10.7 1784,1523,1268
077 97 01 10.7 1017,778,556
077 97 00 10.7 357,169,0
077 97 01 10.7 0,461,1345
077 97 03 10.7 2378,3122,3548
077 97 05 10.5 3691,3682,3504
077 97 02 10.5 3297,3107,2921
077 97 05 10.5 2725,2491,2240
077 97 01 10.5 1979,1719,1456
077 97 01 10.5 1191,949,718
077 97 00 10.5 514,312,123
077 97 02 10.5 0,0,378
077 97 02 10.5 1201,2175,2866
077 97 06 9.7 3255,3361,3379
077 97 05 9.7 3200,3012,2831
077 97 04 9.7 2646,2445,2221
077 97 01 9.7 1982,1729,1468
077 97 00 9.7 1214,971,750
077 97 00 9.7 538,346,145
077 97 00 9.7 0,0,112
077 97 01 9.7 758,1634,2345
077 97 05 8.4 2746,2879,2949
077 97 03 8.4 2770,2563,2360
077 97 04 8.4 2158,1938,1706
077 97 01 8.4 1462,1220,987
077 97 01 8.4 764,553,351
077 97 01 8.4 160,0,0
077 97 00 8.4 0,0,0
077 97 02 8.4 491,1520,2452
077 97 04 10.7 3069,3391,3460
077 97 06 10.7 3807,3637,3461
077 97 05 10.7 3293,3102,2889
077 97 03 10.7 2650,2398,2135
077 97 00 10.7 1871,1617,1374
077 97 00 10.7 1151,933,733
077 97 00 10.7 548,390,482
077 97 00 10.7 1059,2010,2989
077 97 07 10.7 3661,4033,4146
076 97 07 10.5 3695,3517,3322
076 97 06 10.5 3140,2946,2734
076 97 03 10.5 2493,2239,1972
076 97 00 10.5 1700,1432,1181
076 97 00 10.5 944,726,518
076 97 00 10.5 327,146,23
076 97 00 10.5 263,938,1891
076 97 04 10.5 2716,3242,3482
076 97 07 9.6 3483,3314,3115
076 97 06 9.6 2912,2705,2491
076 97 02 9.6 2253,2000,1732
076 97 00 9.6 1468,1212,971
076 97 00 9.6 747,533,334
076 97 00 9.6 148,0,0
076 97 00 9.6 0,0,521
076 97 04 9.6 1385,2124,2567
076 97 08 8.4 2741,2707,2857
076 97 03 8.4 2656,2442,2226
076 97 02 8.4 1997,1760,1523
076 97 00 8.4 1287,1063,843
076 97 00 8.4 642,448,266
076 97 01 8.4 95,0,0
076 97 00 8.4 0,0,126
076 97 03 8.4 834,1553,2005
076 97 06 7.0 2195,2180,2404
076 97 07 7.0 2185,1959,1732
076 97 01 7.0 1521,1311,1102
076 97 00 7.0 901,702,524
076 97 00 7.0 350,192,36
076 97 00 7.0 0,0,0
076 97 01 7.0 0,0,263
076 97 05 7.0 1156,1999,2552
076 97 04 9.1 2836,2884,3296
076 97 08 9.1 3108,2897,2678
076 97 05 9.1 2452,2222,1991
076 97 00 9.1 1767,1547,1343
076 97 01 9.1 1146,964,792
076 97 00 9.1 628,473,323
076 97 00 9.1 267,617,1363
076 97 07 9.1 2319,3065,3531
076 97 04 9.4 3733,3734,3349
076 97 06 9.4 3172,2976,2767
076 97 05 9.4 2546,2305,2060
076 97 00 9.4 1808,1576,1349
076 97 00 9.4 1142,941,757
076 97 01 9.4 581,412,260
076 97 00 9.4 166,452,1148
076 97 05 9.4 2100,2891,3393
076 97 06 9.4 3617,3619,3322
076 97 06 9.4 3141,2951,2744
076 97 05 9.4 2521,2282,2030
076 97 01 9.4 1778,1533,1302
076 97 00 9.4 1087,883,696
076 97 00 9.4 515,349,190
076 97 00 9.4 59,186,731
076 97 05 9.4 1569,2369,2877
076 97 04 8.4 3113,3125,2946
076 97 05 8.4 2762,2561,2357
076 97 05 8.4 2139,1914,1686
076 97 00 8.4 1459,1239,1023
076 97 00 8.4 823,632,460
076 97 00 8.4 294,139,0
076 97 00 8.4 0,236,876
076 97 06 8.4 1650,2202,2482
076 97 05 7.1 2532,2502,2303
076 97 05 7.1 2087,1868,1657
076 97 00 7.1 1448,1241,1035
076 97 00 7.1 842,666,489
076 97 00 7.1 323,154,2
076 97 00 7.1 0,0,0
076 97 00 7.1 27,803,1796
076 97 05 7.1 2582,3084,3325
076 97 06 10.0 3351,3598,3439
076 97 06 10.0 3270,3093,2890
076 97 06 10.0 2663,2413,2162
076 97 00 10.0 1916,1681,1468
076 97 00 10.0 1263,1076,892
076 97 01 10.0 726,603,838
076 97 03 10.0 1529,2534,3437
076 97 05 10.6 4050,4385,4479
076 97 06 10.6 3793,3628,3456
076 97 06 10.6 3284,3101,2889
076 97 03 10.6 2648,2391,2121
076 97 00 10.6 1851,1586,1339
076 97 00 10.6 1118,908,711
076 97 00 10.6 525,398,641
076 97 03 10.6 1331,2313,3159
076 97 08 10.0 3707,3979,4018
076 97 04 10.0 3502,3321,3139
076 97 07 10.0 2955,2753,2532
076 97 02 10.0 2281,2010,1735
076 97 00 10.0 1465,1217,973
076 97 00 10.0 757,547,353
076 97 00 10.0 167,5,5
076 97 00 10.0 439,1234,2136
074 97 05 9.0 2778,3128,3229
074 97 07 9.0 3185,3008,2818
074 97 05 9.0 2637,2461,2273
074 97 01 9.0 2078,1899,1766
074 97 00 9.0 1690,1648,1608
074 97 00 9.0 1546,1458,1371
074 97 00 9.0 1322,1519,2152
074 97 06 9.0 3144,4157,4899
074 97 04 12.3 5345,5572,5618
074 97 03 12.3 4237,4148,4087
074 97 05 12.3 4040,3979,3881
074 97 05 12.3 3746,3589,3410
074 97 02 12.3 3208,2991,2773
074 97 00 12.3 2574,2370,2159
074 97 01 12.3 1954,2002,2504
074 97 04 12.3 3358,4214,4808
074 97 03 10.5 5170,5356,5394
074 97 04 10.5 3393,3280,3177
074 97 04 10.5 3102,3021,2917
074 97 04 10.5 2781,2620,2433
074 97 00 10.5 2229,2017,1810
074 97 00 10.5 1610,1420,1219
074 97 00 10.5 1025,1007,1404
074 97 02 10.5 2157,2982,3576
074 97 04 9.9 3939,4118,4153
074 97 05 9.9 3098,2967,2853
074 97 04 9.9 2762,2679,2566
074 97 06 9.9 2434,2272,2091
074 97 00 9.9 1888,1680,1474
074 97 00 9.9 1277,1089,903
074 97 00 9.9 717,643,924
074 97 01 9.9 1573,2371,2987
074 97 08 9.3 3351,3528,3553
074 97 07 9.3 2830,2685,2563
074 97 05 9.3 2478,2406,2319
074 97 06 9.3 2203,2067,1902
074 97 00 9.3 1729,1542,1368
074 97 00 9.3 1198,1045,887
074 97 00 9.3 728,670,942
074 97 02 9.3 1546,2258,2779
074 97 05 8.1 3056,3161,2463
074 97 07 8.1 2337,2186,2078
074 97 05 8.1 2004,1935,1841
074 97 02 8.1 1723,1577,1411
074 97 00 8.1 1226,1042,865
074 97 00 8.1 702,537,365
074 97 00 8.1 239,388,922
074 97 03 8.1 1679,2348,2767
074 97 07 9.3 2996,3072,2783
074 97 05 9.3 2651,2511,2408
074 97 07 9.3 2332,2252,2144
074 97 04 9.3 2012,1856,1681
074 97 00 9.3 1490,1306,1127
074 97 00 9.3 962,792,626
074 97 00 9.3 558,822,1428
074 97 03 9.3 2170,2739,3072
074 97 07 9.0 3231,3253,2617
074 97 06 9.0 2472,2331,2224
074 97 06 9.0 2135,2035,1912
074 97 00 9.0 1763,1596,1410
074 97 00 9.0 1214,1011,819
074 97 00 9.0 634,454,265
074 97 00 9.0 126,274,805
074 97 06 9.0 1562,2206,2584
074 97 03 9.0 2767,2800,2592
074 97 05 9.0 2430,2270,2145
074 97 07 9.0 2055,1951,1827
074 97 00 9.0 1671,1494,1299
074 97 00 9.0 1092,881,676
074 97 00 9.0 476,285,94
074 97 00 9.0 0,0,86
074 97 03 9.0 730,1520,2094
074 97 06 9.0 2396,2508,2665
074 97 07 9.0 2531,2354,2208
074 97 06 9.0 2102,2009,1900
074 97 00 9.0 1766,1605,1429
074 97 00 9.0 1233,1029,822
074 97 00 9.0 628,450,271
074 97 00 9.0 82,0,148
074 97 01 9.0 717,1459,2032
074 98 07 8.2 2324,2415,2402
074 98 05 8.2 2250,2060,1908
074 98 06 8.2 1800,1708,1592
074 98 01 8.2 1444,1272,1077
074 98 00 8.2 861,629,401
074 98 00 8.2 186,0,0
074 98 00 8.2 0,0,0
074 98 02 8.2 576,1439,2062
074 98 07 10.0 2392,2534,2531
074 98 04 10.0 2920,2755,2600
074 98 04 10.0 2490,2388,2270
074 98 02 10.0 2122,1951,1757
074 98 00 10.0 1551,1326,1111
074 98 00 10.0 901,699,493
074 98 01 10.0 296,313,755
074 98 01 10.0 1526,2314,2826
074 98 04 9.7 3094,3188,2890
074 98 04 9.7 2753,2586,2447
074 98 07 9.7 2339,2237,2110
074 98 01 9.7 1961,1782,1582
074 98 00 9.7 1368,1148,929
074 98 00 9.7 717,518,320
074 98 00 9.7 151,229,725
074 98 04 9.7 1509,2242,2691
074 98 05 9.4 2911,2966,2760
074 98 08 9.4 2602,2431,2298
074 98 06 9.4 2199,2096,1964
074 98 00 9.4 1802,1619,1417
074 98 00 9.4 1204,981,769
074 98 00 9.4 568,376,179
074 98 00 9.4 5,78,566
074 98 04 9.4 1346,2075,2521
074 98 06 9.2 2731,2776,2701
074 98 06 9.2 2539,2382,2266
074 98 05 9.2 2176,2072,1951
074 98 00 9.2 1805,1640,1461
074 98 00 9.2 1271,1088,907
074 98 01 9.2 732,553,361
074 98 00 9.2 294,580,1207
074 98 05 9.2 1923,2416,2663
074 98 07 8.1 2723,2365,2199
074 98 05 8.1 2022,1887,1793
074 98 04 8.1 1700,1585,1435
074 98 00 8.1 1262,1062,848
074 98 00 8.1 631,424,229
074 98 00 8.1 37,0,0
074 98 00 8.1 55,739,1567
074 98 06 8.1 2193,2549,2721
074 98 07 9.9 2747,2899,2741
074 98 05 9.9 2590,2483,2389
074 98 06 9.9 2283,2136,1970
074 98 00 9.9 1781,1583,1373
074 98 00 9.9 1166,967,774
074 98 00 9.9 576,419,543
074 98 01 9.9 1070,1843,2526
075 98 07 9.5 2946,3163,3230
075 98 05 9.5 2756,2608,2442
075 98 08 9.5 2306,2202,2094
075 98 03 9.5 1961,1798,1611
075 98 00 9.5 1400,1179,955
075 98 00 9.5 742,534,334
075 98 00 9.5 128,0,0
075 98 00 9.5 456,1223,1958
075 98 07 9.5 2427,2669,2746
075 98 05 9.5 2772,2625,2456
075 98 07 9.5 2316,2209,2100
075 98 03 9.5 1966,1796,1602
075 98 00 9.5 1393,1171,940
075 98 00 9.5 709,494,288
075 98 00 9.5 81,0,0
075 98 00 9.5 121,805,1605
075 98 03 9.5 2180,2488,2606
075 98 06 9.4 2576,2651,2474
075 98 05 9.4 2331,2223,2128
075 98 04 9.4 2001,1848,1667
075 98 00 9.4 1467,1252,1033
075 98 00 9.4 821,618,422
075 98 00 9.4 225,25,0
075 98 00 9.4 216,858,1626
075 98 07 9.4 2186,2475,2565
075 98 08 8.7 2574,2425,2256
075 98 05 8.7 2120,2016,1914
075 98 03 8.7 1793,1639,1460
075 98 00 8.7 1255,1038,812
075 98 00 8.7 596,389,185
075 98 00 8.7 0,0,0
075 98 00 8.7 433,1220,1938
075 98 05 9.4 2377,2596,2647
075 98 04 9.4 2776,2625,2466
075 98 07 9.4 2338,2229,2109
075 98 03 9.4 1962,1787,1596
075 98 00 9.4 1386,1165,932
075 98 00 9.4 710,498,296
075 98 00 9.4 82,0,209
075 98 03 9.4 851,1663,2313
075 98 07 9.7 2694,2880,2912
075 98 07 9.7 2856,2706,2556
075 98 06 9.7 2426,2307,2170
075 98 02 9.7 2007,1817,1612
075 98 00 9.7 1393,1162,922
075 98 00 9.7 677,439,205
075 98 00 9.7 0,0,0
075 98 00 9.7 0,0,0
075 98 00 9.7 0,0,0
075 98 00 9.7 0,0,0
075 98 00 9.7 0,0,0
075 98 00 9.7 0,0,0
075 98 00 9.7 0,0,0
075 98 05 9.7 0,0,556
075 98 07 14.7 1004,1163,1139
075 98 08 14.7 4888,4772,4684
075 98 06 14.7 4601,4503,4371
075 98 06 14.7 4211,4022,3813
075 98 00 14.7 3582,3342,3096
075 98 00 14.7 2864,2639,2414
075 98 00 14.7 2180,1961,2019
075 98 00 14.7 2562,3473,4374
075 98 05 14.7 4957,5257,5346
075 98 06 10.6 3356,3216,3069
075 98 06 10.6 2948,2847,2734
075 98 06 10.6 2599,2436,2251
075 98 00 10.6 2044,1821,1593
075 98 00 10.6 1373,1168,966
075 98 00 10.6 755,548,564
075 98 00 10.6 1012,1799,2595
075 98 07 9.3 3118,3388,3465
075 98 06 9.3 2896,2751,2604
075 98 06 9.3 2491,2401,2300
075 98 05 9.3 2171,2016,1834
075 98 00 9.3 1633,1415,1200
075 98 00 9.3 987,785,585
075 98 00 9.3 385,312,622
075 98 02 9.3 1332,2200,2873
075 98 05 10.4 3288,3506,3573
075 98 05 10.4 3212,3088,2973
075 98 04 10.4 2885,2808,2705
075 98 05 10.4 2577,2423,2250
075 98 00 10.4 2055,1855,1657
075 98 00 10.4 1470,1292,1105
075 98 00 10.4 944,1008,1460
075 98 03 10.4 2194,2912,3407
075 98 05 9.6 3705,3847,3856
075 98 07 9.6 2833,2707,2595
075 98 05 9.6 2505,2411,2293
075 98 04 9.6 2149,1981,1797
075 98 00 9.6 1600,1395,1189
075 98 00 9.6 996,815,629
075 98 00 9.6 440,362,623
075 98 03 9.6 1232,1976,2563
075 98 04 9.3 2923,3116,3166
075 98 05 9.3 2741,2605,2468
075 98 05 9.3 2367,2278,2170
075 98 03 9.3 2022,1853,1664
075 98 00 9.3 1464,1249,1029
075 98 01 9.3 811,606,414
075 98 01 9.3 225,26,0
075 98 01 9.3 0,460,1218
075 98 05 9.3 1924,2386,2639
075 98 04 9.5 2730,2835,2709
075 98 07 9.5 2567,2451,2357
075 98 07 9.5 2252,2125,1968
075 98 00 9.5 1793,1597,1386
075 98 00 9.5 1169,952,748
075 98 00 9.5 556,376,192
075 98 00 9.5 0,0,200
075 98 03 9.5 831,1578,2137
075 98 07 8.7 2445,2564,2535
075 98 07 8.7 2486,2324,2189
075 98 06 8.7 2083,1980,1851
075 98 00 8.7 1699,1511,1305
075 98 00 8.7 1080,844,609
075 98 00 8.7 379,164,0
075 98 00 8.7 0,0,0
075 98 00 8.7 0,362,1234
075 98 04 8.7 1935,2365,2583
075 98 06 10.4 2640,3141,2990
075 98 07 10.4 2832,2706,2592
075 98 06 10.4 2467,2315,2135
075 98 00 10.4 1925,1690,1443
075 98 00 10.4 1195,955,724
075 98 00 10.4 499,272,42
075 98 00 10.4 0,0,581
075 98 05 10.4 1463,2252,2760
075 98 04 10.5 3027,3120,3217
075 98 05 10.5 3070,2902,2757
075 98 04 10.5 2636,2508,2354
075 98 00 10.5 2172,1961,1727
075 98 00 10.5 1477,1219,965
075 98 00 10.5 720,482,244
075 98 00 10.5 3,0,0
075 98 01 10.5 122,935,1839
075 98 08 10.5 2480,2836,2985
074 98 05 10.5 2965,3141,2962
074 98 04 10.5 2803,2674,2549
074 98 04 10.5 2403,2223,2020
074 98 01 10.5 1796,1552,1297
074 98 00 10.5 1039,788,544
074 98 00 10.5 305,71,0
074 98 00 10.5 0,9,757
074 98 04 10.5 1694,2396,2791
074 98 04 10.3 2952,2941,3107
074 98 04 10.3 2937,2789,2680
074 98 04 10.3 2571,2441,2281
074 98 01 10.3 2094,1885,1653
074 98 01 10.3 1407,1159,917
074 98 01 10.3 689,456,221
074 98 00 10.3 49,242,885
074 98 03 10.3 1782,2530,2969
074 98 06 9.9 3171,3191,3038
074 98 07 9.9 2865,2702,2570
074 98 06 9.9 2451,2314,2147
074 98 00 9.9 1955,1741,1509
074 98 00 9.9 1259,1009,765
074 98 00 9.9 532,300,61
074 98 00 9.9 0,58,723
074 98 05 9.9 1693,2537,3065
074 98 07 11.2 3343,3442,3529
074 98 05 11.2 3397,3247,3119
074 98 04 11.2 3015,2897,2752
074 98 02 11.2 2577,2380,2161
074 98 00 11.2 1927,1687,1458
074 98 00 11.2 1238,1019,793
074 98 00 11.2 607,729,1304
074 98 02 11.2 2176,2973,3477
074 98 04 10.4 3749,3851,3213
074 98 04 10.4 3078,2923,2796
074 98 04 10.4 2695,2584,2446
074 98 02 10.4 2280,2089,1875
074 98 00 10.4 1644,1409,1182
074 98 00 10.4 971,762,549
074 98 00 10.4 329,227,518
074 98 02 10.4 1220,2083,2744
074 98 06 10.0 3121,3305,3328

