177628!20190926_171148!0!0
2.51!2.53!2.5!2.5!2.51!2.48!
96!30!65!17!73
439.2 2.44 42 35

030 70 08 2.1 448,439,423
030 70 04 2.1 405,376,350
030 70 00 2.1 321,293,268
030 70 00 2.1 241,219,194
030 70 00 2.1 176,159,144
030 70 00 2.1 133,166,280
030 70 04 2.1 465,636,738
030 70 08 2.1 772,780,782
030 70 06 2.4 791,652,630
030 70 08 2.4 593,566,546
030 70 04 2.4 521,493,465
030 70 01 2.4 443,422,395
030 70 00 2.4 363,335,312
030 70 00 2.4 292,271,253
030 70 00 2.4 234,218,252
030 70 00 2.4 358,507,633
030 70 06 2.4 702,729,737
058 96 04 1.9 505,477,440
058 96 08 1.9 413,397,387
058 96 04 1.9 376,357,335
058 96 01 1.9 307,284,259
058 96 00 1.9 234,206,177
058 96 00 1.9 154,128,110
058 96 00 1.9 82,62,89
058 96 00 1.9 183,325,440
058 96 05 1.7 505,526,525
058 96 03 1.7 446,412,375
058 96 05 1.7 346,331,319
058 96 02 1.7 302,280,252
058 96 00 1.7 223,193,168
058 96 00 1.7 141,113,86
058 96 00 1.7 61,38,13
058 96 00 1.7 0,0,0
058 96 00 1.7 93,240,378
058 96 05 1.7 467,511,529
058 96 03 2.1 527,528,497
058 96 08 2.1 461,439,423
058 96 05 2.1 410,386,362
058 96 01 2.1 333,304,274
058 96 00 2.1 247,223,198
058 96 00 2.1 171,146,123
058 96 00 2.1 101,81,71
058 96 00 2.1 123,240,390
058 96 04 2.1 506,564,591
059 96 03 2.0 589,508,477
059 96 08 2.0 447,420,400
059 96 05 2.0 385,367,348
059 96 01 2.0 320,290,261
059 96 00 2.0 235,209,184
059 96 00 2.0 160,134,110
059 96 00 2.0 86,64,42
059 96 00 2.0 51,133,271
059 96 05 2.0 413,499,534
059 96 03 1.9 538,487,458
059 96 07 1.9 422,385,363
059 96 03 1.9 348,335,313
059 96 02 1.9 286,255,232
059 96 00 1.9 208,185,157
059 96 00 1.9 133,106,83
059 96 00 1.9 59,38,15
059 96 00 1.9 0,35,141
059 96 02 1.9 289,405,466
059 96 04 1.8 486,486,466
059 96 06 1.8 428,390,364
059 96 03 1.8 351,338,319
059 96 02 1.8 299,276,254
059 96 01 1.8 225,200,172
059 96 00 1.8 148,121,97
059 96 00 1.8 77,59,39
059 96 00 1.8 16,39,129
059 96 01 1.8 264,375,432
060 96 06 1.6 449,424,398
060 96 04 1.6 362,327,301
060 96 02 1.6 282,263,244
060 96 01 1.6 221,197,172
060 96 01 1.6 141,116,83
060 96 00 1.6 61,31,10
060 96 00 1.6 0,0,0
060 96 00 1.6 0,0,42
060 96 01 1.6 187,321,403
060 96 03 2.0 439,454,453
060 96 06 2.0 512,480,445
060 96 05 2.0 424,408,393
060 96 03 2.0 370,344,321
060 96 01 2.0 297,272,247
060 96 00 2.0 224,202,174
060 96 00 2.0 151,130,111
060 96 00 2.0 91,80,122
060 96 00 2.0 236,386,516
060 96 06 2.0 583,618,627
060 97 05 2.0 542,517,486
060 97 08 2.0 460,444,429
060 97 06 2.0 411,390,363
060 97 01 2.0 339,312,292
060 97 00 2.0 269,246,219
060 97 00 2.0 195,173,157
060 97 00 2.0 138,116,97
060 97 00 2.0 105,184,323
060 97 06 2.0 469,567,610
061 97 04 2.0 622,620,509
061 97 06 2.0 484,456,438
061 97 07 2.0 425,409,390
061 97 03 2.0 364,334,302
061 97 00 2.0 276,251,226
061 97 00 2.0 198,173,148
061 97 00 2.0 122,101,80
061 97 00 2.0 58,38,60
061 97 00 2.0 163,309,445
061 97 03 2.0 517,549,555
061 97 02 1.9 507,485,456
061 97 08 1.9 435,421,409
061 97 05 1.9 394,376,354
061 97 01 1.9 327,298,269
061 97 00 1.9 241,216,193
061 97 00 1.9 169,147,125
061 97 00 1.9 106,83,58
061 97 00 1.9 54,119,248
061 97 04 1.9 384,471,501
061 97 01 1.7 502,434,406
061 97 07 1.7 375,344,325
061 97 03 1.7 307,295,274
061 97 01 1.7 251,215,186
061 97 00 1.7 154,131,103
061 97 00 1.7 81,52,31
061 97 00 1.7 6,0,0
061 97 00 1.7 0,0,75
061 97 02 1.7 223,357,432
061 97 04 2.0 468,474,529
061 97 08 2.0 508,482,453
061 97 08 2.0 435,418,400
061 97 03 2.0 381,362,338
061 97 00 2.0 309,279,249
061 97 00 2.0 220,194,170
061 97 00 2.0 144,121,95
061 97 00 2.0 71,54,87
061 97 00 2.0 193,339,468
061 97 03 2.0 543,580,591
061 97 03 2.0 531,508,478
061 97 08 2.0 450,430,418
061 97 05 2.0 402,383,355
061 97 01 2.0 326,300,273
061 97 00 2.0 248,219,192
061 97 00 2.0 164,139,119
061 97 00 2.0 96,72,59
061 97 00 2.0 98,208,350
061 97 07 2.0 467,525,551
061 97 02 1.9 555,490,467
061 97 07 1.9 438,414,394
061 97 04 1.9 381,366,346
061 97 02 1.9 322,294,268
061 97 00 1.9 245,225,203
061 97 00 1.9 179,153,131
061 97 00 1.9 107,86,63
061 97 00 1.9 56,108,227
061 97 03 1.9 372,474,520
063 97 04 1.8 534,470,451
063 97 05 1.8 420,393,369
063 97 03 1.8 351,337,322
063 97 02 1.8 303,280,253
063 97 01 1.8 229,205,182
063 97 00 1.8 157,133,108
063 97 00 1.8 83,55,38
063 97 00 1.8 72,172,310
063 97 04 1.8 420,475,490
063 98 06 1.7 487,433,406
063 98 04 1.7 373,346,328
063 98 02 1.7 314,299,274
063 98 02 1.7 246,216,185
063 98 00 1.7 162,139,119
063 98 00 1.7 94,68,40
063 98 00 1.7 13,0,9
063 98 00 1.7 98,232,361
063 98 05 1.7 431,459,463
063 98 06 1.8 462,439,407
063 98 04 1.8 381,362,347
063 98 02 1.8 331,307,288
063 98 02 1.8 263,240,212
063 98 01 1.8 188,167,144
063 98 00 1.8 122,98,75
063 98 00 1.8 50,28,52
063 98 00 1.8 148,285,402
064 98 05 1.7 461,482,480
064 98 06 1.7 440,414,385
064 98 03 1.7 355,337,323
064 98 02 1.7 306,285,260
064 98 01 1.7 236,209,183
064 98 00 1.7 157,135,111
064 98 00 1.7 92,67,43
064 98 00 1.7 16,0,0
064 98 00 1.7 44,163,301
064 98 04 1.7 390,425,430
064 98 06 1.7 431,406,374
064 98 03 1.7 345,326,309
064 98 02 1.7 293,268,242
064 98 01 1.7 215,189,167
064 98 00 1.7 140,115,89
064 98 00 1.7 62,38,11
064 98 00 1.7 0,0,0
064 98 00 1.7 1,110,244
064 98 04 1.7 339,377,380
064 98 05 1.6 413,392,358
064 98 03 1.6 325,294,279
064 98 02 1.6 263,243,216
064 98 01 1.6 188,159,130
064 98 00 1.6 104,78,52
064 98 00 1.6 25,0,0
064 98 00 1.6 0,0,0
064 98 00 1.6 0,0,78
064 98 02 1.6 210,300,339
064 98 06 1.6 340,424,399
064 98 04 1.6 365,327,295
064 98 02 1.6 279,262,242
064 98 01 1.6 213,185,154
064 98 00 1.6 126,99,75
064 98 00 1.6 53,28,6
064 98 00 1.6 0,0,0
064 98 00 1.6 0,0,0
064 98 00 1.6 34,170,274
064 98 05 1.6 326,334,424
064 98 05 1.6 403,372,336
064 98 03 1.6 307,287,274
064 98 02 1.6 251,227,196
064 98 01 1.6 169,143,118
064 98 00 1.6 97,76,54
064 98 00 1.6 29,7,0
064 98 00 1.6 0,0,0
064 98 00 1.6 0,0,68
064 98 02 1.6 205,301,345
064 98 06 1.6 353,428,403
064 98 04 1.6 371,341,313
064 98 02 1.6 299,283,266
064 98 02 1.6 242,218,193
064 98 01 1.6 173,154,135
064 98 00 1.6 113,94,74
064 98 00 1.6 55,37,16
064 98 00 1.6 0,0,0
064 98 00 1.6 78,199,301
064 98 05 1.4 344,348,359
064 98 06 1.4 327,288,252
064 98 03 1.4 230,214,202
064 98 01 1.4 180,162,139
064 98 00 1.4 118,91,64
064 98 00 1.4 39,16,0
064 98 00 1.4 0,0,0
064 98 00 1.4 0,0,0
064 98 00 1.4 0,95,226
064 98 07 1.4 313,349,359
064 98 08 1.7 358,444,419
064 98 04 1.7 391,371,356
064 98 03 1.7 339,319,297
064 98 02 1.7 272,252,230
064 98 01 1.7 212,190,172
064 98 00 1.7 149,131,114
064 98 00 1.7 97,79,63
064 98 00 1.7 85,169,306
064 98 04 1.7 433,510,543
064 98 02 1.9 558,559,481
064 98 06 1.9 456,432,417
064 98 03 1.9 407,398,385
064 98 03 1.9 363,341,318
064 98 02 1.9 300,276,255
064 98 01 1.9 237,220,199
064 98 00 1.9 182,165,148
064 98 00 1.9 131,144,218
064 98 02 1.9 344,472,554
064 98 03 1.9 592,606,607
065 98 06 1.8 461,434,407
065 98 04 1.8 391,380,369
065 98 03 1.8 359,340,315
065 98 02 1.8 289,270,251
065 98 01 1.8 232,210,189
065 98 00 1.8 165,148,133
065 98 00 1.8 121,101,84
065 98 00 1.8 107,203,345
065 98 04 1.8 469,531,549
065 99 04 1.8 555,460,443
065 99 05 1.8 412,396,381
065 99 03 1.8 375,360,340
065 99 02 1.8 316,291,274
065 99 01 1.8 250,223,200
065 99 01 1.8 180,161,141
065 99 00 1.8 119,99,77
065 99 00 1.8 59,72,147
065 99 01 1.8 270,386,449
065 99 06 1.6 471,474,402
065 99 05 1.6 377,347,324
065 99 03 1.6 310,296,281
065 99 02 1.6 260,237,213
065 99 01 1.6 188,162,135
065 99 00 1.6 110,90,67
065 99 00 1.6 44,24,8
065 99 00 1.6 0,0,0
065 99 00 1.6 1,117,261
065 99 04 1.6 371,429,451
064 99 04 1.9 459,493,473
064 99 05 1.9 448,429,414
064 99 03 1.9 398,382,365
064 99 02 1.9 344,323,298
064 99 01 1.9 277,254,230
064 99 00 1.9 206,181,162
064 99 00 1.9 142,126,106
064 99 00 1.9 86,74,118
064 99 01 1.9 230,375,485
064 99 04 1.9 544,568,577
064 99 05 1.9 498,482,458
064 99 04 1.9 436,421,408
064 99 03 1.9 394,374,354
064 99 02 1.9 328,302,280
064 99 01 1.9 259,241,219
064 99 00 1.9 197,170,144
064 99 00 1.9 119,99,77
064 99 00 1.9 58,66,139
064 99 01 1.9 268,406,491
064 99 05 1.9 537,553,560
064 99 06 1.9 493,468,441
064 99 04 1.9 430,424,415
064 99 03 1.9 394,374,352
064 99 02 1.9 329,308,291
064 99 01 1.9 271,250,228
064 99 00 1.9 208,187,166
064 99 00 1.9 143,120,95
064 99 00 1.9 79,113,214
064 99 02 1.9 351,460,508
064 99 06 1.7 520,436,422
064 99 05 1.7 396,370,350
064 99 03 1.7 339,326,310
064 99 02 1.7 291,268,242
064 99 01 1.7 216,189,167
064 99 00 1.7 139,116,91
064 99 00 1.7 68,48,27
064 99 00 1.7 4,0,0
064 99 00 1.7 9,121,264
064 99 04 1.7 377,435,463
064 99 04 2.0 478,481,504
064 99 07 2.0 477,455,437
064 99 05 2.0 425,407,389
064 99 02 2.0 366,345,323
064 99 01 2.0 299,273,249
064 99 00 2.0 225,203,179
064 99 00 2.0 158,136,115
064 99 00 2.0 93,70,86
064 99 00 2.0 166,307,438
064 99 07 2.0 523,564,586
064 99 04 2.0 591,513,492
064 99 08 2.0 472,457,446
064 99 07 2.0 434,421,400
064 99 03 2.0 379,351,325
064 99 00 2.0 300,278,255
064 99 00 2.0 232,206,184
064 99 00 2.0 160,142,119
064 99 00 2.0 98,86,141
064 99 00 2.0 256,401,503
064 99 03 1.8 555,571,571
064 99 03 1.8 475,460,440
064 99 06 1.8 420,406,395
064 99 04 1.8 380,360,333
064 99 02 1.8 310,288,266
064 99 00 1.8 246,221,198
064 99 00 1.8 171,150,125
064 99 00 1.8 105,81,60
064 99 00 1.8 53,108,226
064 99 03 1.8 365,460,502
064 99 08 1.8 513,458,444
064 99 05 1.8 423,399,381
064 99 03 1.8 373,362,348
064 99 02 1.8 325,302,276
064 99 01 1.8 248,225,200
064 99 01 1.8 181,158,134
064 99 00 1.8 109,85,63
064 99 00 1.8 41,40,101
064 99 01 1.8 221,347,425
064 99 06 1.6 454,460,422
064 99 05 1.6 404,381,359
064 99 03 1.6 347,335,321
064 99 02 1.6 299,278,252
064 99 01 1.6 226,200,177
064 99 01 1.6 156,136,115
064 99 00 1.6 91,68,45
064 99 00 1.6 21,1,19
064 99 00 1.6 103,242,376
064 99 04 1.6 465,509,533
064 99 02 2.1 542,536,519
064 99 07 2.1 494,481,469
064 99 05 2.1 459,441,420
064 99 03 2.1 396,373,352
064 99 00 2.1 331,304,275
064 99 00 2.1 248,229,211
064 99 00 2.1 191,166,146
064 99 00 2.1 151,222,353
064 99 05 2.1 493,585,628
064 99 03 2.0 652,663,515
064 99 08 2.0 492,465,446
064 99 08 2.0 430,418,399
064 99 04 2.0 378,353,328
064 99 00 2.0 302,274,250
064 99 00 2.0 222,197,170
064 99 00 2.0 150,130,104
064 99 00 2.0 77,53,81
064 99 00 2.0 176,319,442
064 99 05 2.0 511,538,549
064 99 00 1.9 548,477,448
064 99 06 1.9 419,404,393
064 99 03 1.9 381,363,339
064 99 02 1.9 314,283,258
064 99 00 1.9 231,212,190
064 99 00 1.9 169,145,123
064 99 00 1.9 102,79,50
064 99 00 1.9 49,110,232
064 99 04 1.9 356,433,456
063 99 08 1.6 458,399,376
063 99 06 1.6 346,321,303
063 99 03 1.6 291,276,255
063 99 01 1.6 227,198,170
063 99 00 1.6 145,118,91
063 99 00 1.6 60,34,11
063 99 00 1.6 0,0,0
063 99 00 1.6 0,0,34
063 99 01 1.6 173,290,353
063 99 08 1.8 377,387,386
063 99 07 1.8 445,418,392
063 99 03 1.8 374,360,339
063 99 02 1.8 315,287,262
063 99 01 1.8 236,210,184
063 99 00 1.8 161,135,110
063 99 00 1.8 83,59,37
063 99 00 1.8 16,0,18
063 99 00 1.8 108,245,363
063 99 05 1.8 425,446,452
063 99 06 1.8 451,431,400
063 99 04 1.8 371,353,339
063 99 02 1.8 319,292,265
063 99 01 1.8 243,220,195
063 99 00 1.8 166,138,112
063 99 00 1.8 88,64,42
063 99 00 1.8 17,0,0
063 99 00 1.8 0,44,167
063 99 03 1.8 291,360,386
064 99 06 1.6 384,409,387
064 99 04 1.6 361,332,308
064 99 02 1.6 292,272,252
064 99 02 1.6 228,204,182
064 99 01 1.6 157,136,111
064 99 00 1.6 88,63,42
064 99 00 1.6 22,3,0
064 99 00 1.6 0,0,7
064 99 01 1.6 117,240,320
064 99 05 1.5 349,351,388
064 99 05 1.5 365,337,313
064 99 03 1.5 293,280,265
064 99 02 1.5 245,220,194
064 99 01 1.5 170,143,116
064 99 00 1.5 89,67,46
064 99 00 1.5 24,0,0
064 99 00 1.5 0,0,0
064 99 00 1.5 31,148,254
064 99 04 1.5 304,318,372
064 99 06 1.5 356,325,296
064 99 04 1.5 265,246,230
064 99 02 1.5 213,190,169
064 99 00 1.5 143,118,89
064 99 00 1.5 66,42,18
064 99 00 1.5 0,0,0
064 99 00 1.5 0,0,0
064 99 00 1.5 0,19,151
064 99 06 1.5 258,310,327
063 99 08 1.7 328,436,409
063 99 06 1.7 379,350,334
063 99 03 1.7 320,303,284
063 99 01 1.7 261,236,214
063 99 00 1.7 187,164,141
063 99 00 1.7 121,98,73
063 99 00 1.7 54,34,14
063 99 00 1.7 0,0,73
063 99 01 1.7 194,321,391
063 99 08 1.7 421,423,420
063 99 08 1.7 409,383,352
063 99 04 1.7 335,323,310
063 99 02 1.7 290,270,249
063 99 01 1.7 227,202,181
063 99 00 1.7 158,138,120
063 99 00 1.7 102,83,65
063 99 00 1.7 45,22,8
063 99 00 1.7 37,134,259
063 99 06 1.7 363,413,428
063 99 08 1.6 426,404,376
063 99 06 1.6 349,325,315
063 99 03 1.6 302,284,262
063 99 01 1.6 240,214,191
063 99 00 1.6 168,144,120
063 99 00 1.6 96,78,61
063 99 00 1.6 41,22,0
063 99 00 1.6 0,0,38
063 99 01 1.6 155,274,343
064 99 08 1.5 363,390,375
064 99 07 1.5 355,328,301
064 99 03 1.5 278,261,244
064 99 01 1.5 226,202,175
064 99 00 1.5 152,126,103
064 99 00 1.5 80,62,42
064 99 00 1.5 17,0,0
064 99 00 1.5 0,0,0
064 99 00 1.5 0,8,141
064 99 05 1.5 259,325,345
064 99 08 1.7 351,443,428
064 99 07 1.7 401,370,347
064 99 03 1.7 330,315,298
064 99 02 1.7 275,253,228
064 99 00 1.7 204,179,156
064 99 00 1.7 133,113,93
064 99 00 1.7 69,45,20
064 99 00 1.7 0,0,0
064 99 00 1.7 72,195,317
064 99 07 1.7 381,407,410
064 99 08 1.6 429,411,383
064 99 06 1.6 358,337,321
064 99 03 1.6 305,284,263
064 99 01 1.6 243,224,208
064 99 00 1.6 184,169,150
064 99 00 1.6 134,108,84
064 99 00 1.6 62,44,24
064 99 00 1.6 6,7,76
064 99 01 1.6 197,325,402
064 99 08 1.6 429,432,416
064 99 08 1.6 393,368,345
064 99 04 1.6 328,315,301
064 99 02 1.6 284,263,238
064 99 01 1.6 213,194,174
064 99 00 1.6 153,130,108
064 99 00 1.6 83,59,35
064 99 00 1.6 11,0,0
064 99 00 1.6 15,114,232
064 99 06 1.6 318,349,352
064 99 08 1.4 363,339,308
064 99 04 1.4 279,259,245
064 99 02 1.4 230,212,189
064 99 00 1.4 164,133,111
064 99 00 1.4 87,65,45
064 99 00 1.4 23,1,0
064 99 00 1.4 0,0,0
064 99 00 1.4 0,0,63
064 99 03 1.4 193,292,334
064 99 08 1.6 346,430,419
064 99 07 1.6 397,367,343
064 99 04 1.6 330,315,299
064 99 02 1.6 276,252,227
064 99 00 1.6 203,182,161
064 99 00 1.6 138,118,95
064 99 00 1.6 75,54,36
064 99 00 1.6 16,0,20
064 99 00 1.6 108,232,343
064 99 07 1.6 397,416,414
064 99 08 1.6 405,383,355
064 99 05 1.6 328,310,297
064 99 02 1.6 284,266,244
064 99 01 1.6 218,190,168
064 99 00 1.6 147,129,106
064 99 00 1.6 86,68,47
064 99 00 1.6 32,14,0
064 99 00 1.6 0,31,134
064 99 03 1.6 261,349,382
064 99 08 1.5 388,393,376
064 99 07 1.5 350,320,301
064 99 03 1.5 284,275,258
064 99 02 1.5 240,216,194
064 99 00 1.5 173,151,130
064 99 00 1.5 106,86,68
064 99 00 1.5 50,34,14
064 99 00 1.5 0,0,0
064 99 00 1.5 57,174,269
064 99 07 1.3 308,305,322
064 99 06 1.3 300,271,237
064 99 03 1.3 212,193,179
064 99 01 1.3 160,137,113
064 99 00 1.3 86,62,38
064 99 00 1.3 15,0,0
064 99 00 1.3 0,0,0
064 99 00 1.3 0,0,0
064 99 00 1.3 0,0,81
064 99 05 1.3 185,243,260
064 99 08 1.5 405,395,371
064 99 06 1.5 340,308,289
064 99 03 1.5 273,258,237
064 99 01 1.5 213,188,162
064 99 00 1.5 140,119,98
064 99 00 1.5 79,57,35
064 99 00 1.5 12,0,0
064 99 00 1.5 0,0,0
064 99 00 1.5 77,199,291
064 99 07 1.4 326,332,381
064 99 08 1.4 367,345,314
064 99 04 1.4 291,274,260
064 99 02 1.4 242,223,201
064 99 00 1.4 182,157,135
064 99 00 1.4 115,99,83
064 99 00 1.4 70,54,38
064 99 00 1.4 15,0,0
064 99 00 1.4 0,0,37
064 99 01 1.4 154,259,311
064 99 08 1.4 323,369,357
064 99 06 1.4 335,308,278
064 99 03 1.4 257,243,230

