176927!20190916_140547!0!0
3.08!3.23!3.43!3.24!3.31!3.34!
97!63!67!0!600
509.4 3.44 40 150

066 97 00 1.3 1,0,0
066 97 00 1.3 0,0,0
066 97 00 1.3 0,0,0
066 97 00 1.3 0,0,0
066 97 05 1.3 70,159,197
064 97 08 1.1 189,345,314
064 97 04 1.1 285,268,254
064 97 02 1.1 254,253,245
064 97 02 1.1 232,209,188
064 97 00 1.1 159,134,110
064 97 00 1.1 90,69,52
064 97 00 1.1 28,7,0
064 97 00 1.1 16,100,211
064 97 07 1.0 298,332,331
064 97 06 1.0 303,261,223
064 97 02 1.0 193,178,174
064 97 01 1.0 168,157,134
064 97 00 1.0 105,74,45
064 97 00 1.0 16,0,0
064 97 00 1.0 0,0,0
064 97 00 1.0 0,0,0
064 97 01 1.0 0,120,220
064 97 08 1.1 260,257,356
064 97 06 1.1 322,291,262
064 97 02 1.1 249,245,237
064 97 02 1.1 225,198,170
064 97 00 1.1 135,110,83
064 97 00 1.1 61,35,15
064 97 00 1.1 0,0,0
064 97 00 1.1 0,0,36
064 97 04 1.1 149,251,300
064 97 08 1.1 314,361,341
064 97 05 1.1 312,280,254
064 97 02 1.1 241,238,229
064 97 02 1.1 210,192,168
064 97 00 1.1 142,113,94
064 97 00 1.1 78,68,56
064 97 00 1.1 43,24,4
064 97 00 1.1 0,25,111
064 97 05 1.1 230,323,365
064 97 08 1.1 365,349,317
064 97 05 1.1 286,265,258
064 97 02 1.1 251,246,231
064 97 02 1.1 218,199,182
064 97 00 1.1 164,136,115
064 97 00 1.1 85,68,48
064 97 00 1.1 29,11,0
064 97 00 1.1 16,84,192
064 97 06 1.0 289,338,339
064 97 07 1.0 323,293,259
064 97 03 1.0 227,214,207
064 97 02 1.0 206,196,175
064 97 00 1.0 155,125,103
064 97 00 1.0 77,57,39
064 97 00 1.0 18,3,0
064 97 00 1.0 0,0,0
064 97 00 1.0 12,129,257
064 97 08 1.3 342,369,415
064 97 08 1.3 395,368,341
064 97 04 1.3 324,315,315
064 97 03 1.3 313,308,295
064 97 02 1.3 272,245,220
064 97 00 1.3 198,177,160
064 97 00 1.3 143,134,118
064 97 00 1.3 103,84,73
064 97 00 1.3 107,201,329
064 97 07 1.3 433,481,489
064 97 08 1.2 396,368,338
064 97 05 1.2 317,305,302
064 97 03 1.2 298,295,284
064 97 02 1.2 266,239,218
064 97 00 1.2 198,179,158
064 97 00 1.2 140,127,112
064 97 00 1.2 97,77,72
064 97 00 1.2 101,190,302
064 97 07 1.1 389,428,424
064 97 07 1.1 331,288,251
064 97 03 1.1 231,224,218
064 97 02 1.1 208,197,179
064 97 01 1.1 152,123,98
064 97 00 1.1 78,57,34
064 97 00 1.1 14,0,0
064 97 00 1.1 0,0,0
064 97 00 1.1 0,52,182
064 97 07 1.2 286,332,336
064 97 08 1.2 391,364,338
064 97 04 1.2 320,309,304
064 97 03 1.2 294,284,265
064 97 02 1.2 244,217,191
064 97 00 1.2 163,138,115
064 97 00 1.2 99,89,80
064 97 00 1.2 66,50,41
064 97 00 1.2 72,162,290
064 97 07 1.2 395,451,462
064 97 08 1.3 414,391,367
064 97 05 1.3 345,333,326
064 97 03 1.3 316,302,280
064 97 01 1.3 256,225,191
064 97 00 1.3 162,138,125
064 97 00 1.3 110,95,82
064 97 00 1.3 72,60,44
064 97 00 1.3 39,82,177
064 97 06 1.3 293,379,408
064 97 08 1.1 402,337,303
064 97 04 1.1 269,247,236
064 97 02 1.1 236,235,228
064 97 02 1.1 210,185,158
064 97 00 1.1 129,101,68
064 97 00 1.1 42,20,4
064 97 00 1.1 0,0,0
064 97 00 1.1 0,0,91
064 97 05 1.1 204,279,305
064 97 08 1.1 360,335,301
064 97 04 1.1 270,250,240
064 97 02 1.1 228,214,193
064 97 01 1.1 171,144,118
064 97 00 1.1 92,66,39
064 97 00 1.1 15,0,0
064 97 00 1.1 0,0,0
064 97 00 1.1 0,0,67
064 97 05 1.1 185,271,301
064 97 08 1.2 301,365,334
064 97 05 1.2 304,277,265
064 97 02 1.2 258,253,245
064 97 02 1.2 222,195,167
064 97 00 1.2 143,118,92
064 97 00 1.2 69,54,35
064 97 00 1.2 17,0,0
064 97 00 1.2 0,0,17
064 97 03 1.2 124,242,316
064 97 08 1.2 342,384,365
064 97 06 1.2 339,316,301
064 97 03 1.2 296,292,280
064 97 02 1.2 261,242,221
064 97 00 1.2 198,173,151
064 97 00 1.2 131,116,95
064 97 00 1.2 82,66,51
064 97 00 1.2 31,18,37
064 97 01 1.2 102,188,256
064 97 07 0.8 285,283,244
064 97 06 0.8 214,183,172
064 97 02 0.8 169,182,187
064 97 03 0.8 186,172,151
064 97 00 0.8 132,107,85
064 97 00 0.8 66,52,41
064 97 00 0.8 26,13,0
064 97 00 0.8 0,0,45
064 97 04 0.8 139,234,286
064 97 08 0.9 295,300,281
064 97 07 0.9 262,249,242
064 97 04 0.9 239,237,225
064 97 02 0.9 213,197,179
064 97 00 0.9 158,132,109
064 97 00 0.9 88,75,52
064 97 00 0.9 30,2,0
064 97 00 0.9 33,128,241
064 97 08 1.1 323,358,354
064 97 07 1.1 345,317,296
064 97 04 1.1 276,268,257
064 97 02 1.1 245,226,210
064 97 01 1.1 187,161,134
064 97 00 1.1 113,87,61
064 97 00 1.1 38,23,11
064 97 00 1.1 0,0,0
064 97 00 1.1 0,80,189
064 97 07 1.0 269,298,333
064 97 07 1.0 312,286,263
064 97 04 1.0 254,251,254
064 97 03 1.0 248,235,216
064 97 01 1.0 199,189,178
064 97 01 1.0 167,156,140
064 97 00 1.0 122,104,92
064 97 00 1.0 84,77,92
064 97 01 1.0 148,239,331
064 97 08 1.0 386,405,314
064 97 07 1.0 286,254,230
064 97 03 1.0 223,223,219
064 97 02 1.0 199,175,156
064 97 00 1.0 144,132,116
064 97 00 1.0 94,77,61
064 97 00 1.0 49,36,20
064 97 00 1.0 8,1,20
064 97 01 1.0 79,160,221
064 97 06 0.7 233,207,170
064 97 02 0.7 141,119,111
064 97 02 0.7 106,100,89
064 97 01 0.7 70,48,17
064 97 00 0.7 0,0,0
064 97 00 0.7 0,0,0
064 97 00 0.7 0,0,0
064 97 00 0.7 0,0,10
065 97 04 0.9 100,147,151
065 97 06 0.9 293,259,226
065 97 03 0.9 200,188,182
065 97 01 0.9 175,161,142
065 97 00 0.9 119,95,69
065 97 00 0.9 43,20,0
065 97 00 0.9 0,0,0
065 97 00 0.9 0,0,0
065 97 00 0.9 0,64,162
065 97 07 1.0 226,242,321
065 97 06 1.0 302,272,248
065 97 03 1.0 233,228,226
065 97 02 1.0 218,203,184
065 97 01 1.0 163,143,115
065 97 00 1.0 87,66,48
065 97 00 1.0 34,16,0
065 97 00 1.0 0,0,0
065 97 01 1.0 71,176,257
065 97 08 1.0 293,289,302
065 97 05 1.0 272,244,224
065 97 02 1.0 217,216,206
065 97 02 1.0 194,180,165
065 97 00 1.0 147,122,102
065 97 00 1.0 80,59,41
065 97 00 1.0 28,15,3
065 97 00 1.0 0,16,86
065 97 04 1.0 183,263,298
067 97 08 0.9 303,297,274
067 97 06 0.9 247,228,216
067 97 03 0.9 212,208,199
067 97 01 0.9 183,160,140
067 97 00 0.9 120,102,84
067 97 00 0.9 65,46,27
067 97 00 0.9 12,7,32
067 97 02 0.9 102,204,284
067 97 08 0.9 323,323,304
067 97 08 0.9 275,248,227
067 97 04 0.9 223,222,215
067 97 03 0.9 201,182,163
067 97 00 0.9 140,118,98
067 97 00 0.9 80,63,44
067 97 00 0.9 31,11,2
067 97 00 0.9 16,87,185
067 97 07 0.9 267,299,300
067 97 08 0.9 282,256,229
067 97 04 0.9 207,203,199
067 97 02 0.9 199,194,179
067 97 00 0.9 158,132,114
067 97 00 0.9 91,70,50
067 97 00 0.9 36,25,15
067 97 00 0.9 5,0,30
067 97 03 0.9 110,208,280
067 97 08 0.9 302,299,280
067 97 07 0.9 253,229,218
067 97 04 0.9 218,222,218
067 97 03 0.9 205,192,170
067 97 00 0.9 151,128,108
067 97 00 0.9 86,59,34
067 97 00 0.9 13,0,0
067 97 00 0.9 3,65,151
067 97 07 0.8 215,240,245
067 97 07 0.8 224,191,166
067 97 02 0.8 145,140,132
067 97 00 0.8 122,107,94
067 97 00 0.8 70,49,25
067 97 00 0.8 7,0,0
067 97 00 0.8 0,0,0
067 97 00 0.8 0,0,0
067 97 04 0.8 51,153,220
067 97 08 1.0 249,349,337
067 97 08 1.0 312,295,280
067 97 05 1.0 272,264,256
067 97 02 1.0 244,227,208
067 97 00 1.0 185,160,133
067 97 00 1.0 114,92,73
067 97 00 1.0 55,37,20
067 97 00 1.0 7,31,106
067 97 05 1.0 215,308,352
067 97 08 1.0 356,332,309
067 97 07 1.0 282,262,252
067 97 03 1.0 249,241,232
067 97 01 1.0 218,200,177
067 97 00 1.0 146,123,100
067 97 00 1.0 84,64,51
067 97 00 1.0 35,19,2
067 97 00 1.0 0,1,69
067 97 04 1.0 173,275,328
067 97 08 1.1 346,351,336
067 97 06 1.1 314,297,288
067 97 04 1.1 289,289,285
067 97 03 1.1 275,258,237
067 97 01 1.1 216,198,187
067 97 00 1.1 169,155,136
067 97 00 1.1 130,117,108
067 97 00 1.1 91,95,139
067 97 03 1.1 226,321,378
067 97 08 0.9 394,290,261
067 97 07 0.9 231,206,196
067 97 03 0.9 191,185,172
067 97 01 0.9 155,135,112
067 97 00 0.9 87,62,42
067 97 00 0.9 24,11,0
067 97 00 0.9 0,0,0
067 97 00 0.9 0,0,0
067 97 04 0.9 102,197,254
067 97 08 1.0 271,266,327
067 97 08 1.0 305,283,274
067 97 04 1.0 271,267,259
067 97 02 1.0 241,222,201
067 97 00 1.0 181,160,138
067 97 00 1.0 117,101,88
067 97 00 1.0 77,61,40
067 97 00 1.0 17,8,40
067 97 02 1.0 128,247,339
067 97 02 1.2 387,402,402
067 97 07 1.2 381,352,330
067 97 04 1.2 316,312,311
067 97 03 1.2 300,286,262
067 97 01 1.2 240,215,193
067 97 00 1.2 173,159,140
067 97 00 1.2 121,99,85
067 97 00 1.2 69,54,34
067 97 00 1.2 29,63,153
067 97 05 1.2 275,374,424
067 97 08 1.2 437,405,392
067 97 07 1.2 370,355,345
067 97 04 1.2 349,349,345
067 97 03 1.2 329,307,285
067 97 01 1.2 263,246,226
067 97 00 1.2 212,197,183
067 97 00 1.2 167,150,138
067 97 00 1.2 120,102,83
067 97 00 1.2 87,139,234
067 97 06 1.2 337,397,413
067 97 07 1.0 321,301,271
067 97 04 1.0 246,227,222
067 97 02 1.0 211,198,180
067 97 01 1.0 160,139,116
067 97 00 1.0 92,67,43
067 97 00 1.0 22,7,0
067 97 00 1.0 0,0,0
067 97 00 1.0 0,0,0
067 97 00 1.0 0,53,167
067 97 07 1.1 240,266,364
067 97 07 1.1 346,323,302
067 97 04 1.1 282,278,271
067 97 03 1.1 267,248,229
067 97 01 1.1 209,187,160
067 97 00 1.1 129,106,88
067 97 00 1.1 74,56,36
067 97 00 1.1 12,0,0
067 97 00 1.1 0,0,0
067 97 02 1.1 82,197,282
067 97 08 1.1 320,331,327
067 97 07 1.1 361,338,317
067 97 04 1.1 306,302,296
067 97 03 1.1 288,269,251
067 97 01 1.1 228,204,178
067 97 00 1.1 154,133,116
067 97 00 1.1 99,86,70
067 97 00 1.1 52,38,20
067 97 00 1.1 7,0,32
067 97 02 1.1 119,236,326
066 97 08 1.1 369,379,374
066 97 07 1.1 358,341,331
066 97 04 1.1 325,322,315
066 97 03 1.1 305,290,268
066 97 01 1.1 248,225,201
066 97 00 1.1 176,150,129
066 97 00 1.1 107,85,63
066 97 00 1.1 41,19,0
066 97 00 1.1 0,6,77
066 97 03 1.1 179,266,313
066 97 08 1.0 319,324,301
066 97 05 1.0 278,256,246
066 97 02 1.0 239,236,225
066 97 02 1.0 209,187,162
066 97 00 1.0 142,118,96
066 97 00 1.0 73,53,35
066 97 00 1.0 15,0,0
066 97 00 1.0 0,0,0
066 97 00 1.0 0,89,200
066 97 08 1.0 278,313,321
066 97 08 1.1 376,357,336
066 97 04 1.1 319,309,302
066 97 03 1.1 297,288,268
066 97 01 1.1 246,221,205
066 97 00 1.1 183,168,146
066 97 00 1.1 125,98,81
066 97 00 1.1 69,58,40
066 97 00 1.1 19,7,41
066 97 02 1.1 131,245,333
065 97 08 1.1 377,392,387
065 97 07 1.1 369,351,334
065 97 04 1.1 326,322,318
065 97 03 1.1 312,298,276
065 97 01 1.1 255,239,222
065 97 00 1.1 202,182,167
065 97 00 1.1 153,138,127
065 97 00 1.1 110,90,73
065 97 00 1.1 59,73,132
065 97 04 1.1 233,323,371
065 97 08 0.9 379,309,292
065 97 05 0.9 266,245,225
065 97 02 0.9 219,211,203
065 97 01 0.9 186,165,145
065 97 00 0.9 120,98,69
065 97 00 0.9 45,32,23
065 97 00 0.9 13,0,0
065 97 00 0.9 0,0,0
065 97 00 0.9 0,25,132
065 97 07 0.9 225,278,291
065 97 08 1.1 286,341,322
065 97 05 1.1 303,288,283
065 97 03 1.1 278,268,254
065 97 02 1.1 241,223,202
065 97 00 1.1 179,159,143
065 97 00 1.1 126,108,90
065 97 00 1.1 70,55,37
065 97 00 1.1 20,0,8
065 97 00 1.1 70,177,281
065 97 08 1.1 347,377,387
064 97 08 1.1 384,363,339
064 97 04 1.1 322,319,315
064 97 03 1.1 309,294,282
064 97 02 1.1 264,249,226
064 97 00 1.1 208,187,175
064 97 00 1.1 158,142,125
064 97 00 1.1 110,96,79
064 97 00 1.1 61,52,61
064 97 01 1.1 116,209,310
064 97 08 1.0 375,396,398
064 97 07 1.0 337,321,301
064 97 04 1.0 287,283,283
064 97 03 1.0 276,261,238
064 97 01 1.0 214,191,163
064 97 00 1.0 141,122,110
064 97 00 1.0 93,74,57
064 97 00 1.0 36,20,0
064 97 00 1.0 0,0,23
064 97 02 1.0 112,216,289
064 97 08 1.0 325,331,345
064 97 06 1.0 327,306,293
064 97 04 1.0 286,284,277
064 97 03 1.0 267,246,232
064 97 01 1.0 211,191,167
064 97 00 1.0 145,129,108
064 97 00 1.0 92,75,60
064 97 00 1.0 44,28,15
064 97 00 1.0 16,62,153
064 97 05 1.0 257,330,366
064 97 08 1.1 375,358,339
064 97 06 1.1 319,300,293
064 97 04 1.1 289,287,273
064 97 02 1.1 251,233,209
064 97 00 1.1 192,163,142
064 97 00 1.1 123,108,91
064 97 00 1.1 77,64,52
064 97 00 1.1 32,10,4
064 97 00 1.1 45,129,229
064 97 07 1.1 301,335,341
064 97 07 1.0 329,313,295
064 97 04 1.0 283,280,281
064 97 03 1.0 280,270,253
064 97 02 1.0 229,210,190
064 97 00 1.0 170,153,138
064 97 00 1.0 130,115,104
064 97 00 1.0 90,77,59
064 97 00 1.0 41,35,71
064 97 02 1.0 150,238,297
064 97 07 0.8 316,275,251
064 97 07 0.8 224,203,193
064 97 03 0.8 188,185,171
064 97 01 0.8 155,136,119
064 97 00 0.8 99,77,53
064 97 00 0.8 32,7,0
064 97 00 0.8 0,0,0
064 97 00 0.8 0,0,0
064 97 00 0.8 0,0,79
064 97 07 0.8 158,198,207
063 97 08 0.9 311,292,269
063 97 06 0.9 251,241,241
063 97 03 0.9 234,225,205
063 97 00 0.9 189,167,146
063 97 00 0.9 119,97,76
063 97 00 0.9 59,42,25
063 97 00 0.9 1,0,0
063 97 00 0.9 0,0,0
063 97 00 0.9 0,0,0
063 97 00 0.9 0,0,0
063 97 00 0.9 0,0,0
063 97 00 0.9 0,0,0
063 97 00 0.9 0,0,0
063 97 00 0.9 0,0,0
063 97 00 0.9 0,0,0
063 97 00 0.9 0,0,0
063 97 00 0.9 0,0,0
063 97 00 0.9 0,0,0
063 97 00 0.9 0,0,0
063 97 00 0.9 0,0,0
063 97 00 0.9 0,0,0
063 97 00 0.9 0,0,0
063 97 04 0.9 0,0,0
063 97 02 0.9 0,0,0
063 97 06 0.9 0,0,0
063 97 08 0.9 0,0,0
063 97 07 0.9 0,0,0
063 97 04 0.9 0,0,0
063 97 00 0.9 0,0,0
063 97 00 0.9 0,0,0
063 97 00 0.9 0,0,0
063 97 00 0.9 0,0,0
063 97 07 0.9 0,0,0
063 97 08 1.5 0,515,505
063 97 08 1.5 492,481,473
063 97 06 1.5 466,467,457
063 97 03 1.5 445,423,407
063 97 00 1.5 389,371,355
063 97 00 1.5 341,329,316
063 97 00 1.5 300,285,290
063 97 00 1.5 345,450,558
063 97 05 1.5 636,675,689
063 97 03 1.2 690,393,378
063 97 06 1.2 364,361,360
063 97 05 1.2 359,349,339
063 97 03 1.2 322,310,293
063 97 02 1.2 280,261,246
063 97 00 1.2 234,224,215
063 97 00 1.2 198,192,218
063 97 02 1.2 299,405,499
063 97 08 1.2 559,593,603
063 97 08 1.2 405,390,382
063 97 06 1.2 379,383,389
063 97 05 1.2 386,376,363
063 97 03 1.2 347,331,317
063 97 02 1.2 303,292,281
063 97 01 1.2 270,262,246
063 97 00 1.2 237,222,237
063 97 01 1.2 292,392,485
063 97 08 1.0 546,566,563
063 97 08 1.0 328,310,300
063 97 05 1.0 297,302,307
063 97 04 1.0 306,297,282
063 97 03 1.0 264,242,222
063 97 01 1.0 207,198,187
063 97 00 1.0 176,161,150
063 97 00 1.0 138,121,127
063 97 01 1.0 175,278,392
063 97 07 1.0 482,528,541
063 97 08 1.2 535,396,377
063 97 06 1.2 361,359,359
063 97 04 1.2 352,341,326
063 97 03 1.2 310,288,263
063 97 01 1.2 242,220,204
063 97 00 1.2 185,173,161
063 97 00 1.2 148,131,139
063 97 01 1.2 203,307,414
063 97 08 1.2 482,518,526
063 97 08 1.2 389,371,352
063 97 05 1.2 338,337,334
063 97 04 1.2 327,310,292
063 97 02 1.2 270,247,222
063 97 00 1.2 204,188,171
063 97 00 1.2 151,136,123
063 97 00 1.2 105,85,68
063 97 00 1.2 93,168,282
063 97 06 1.2 378,435,451
063 97 08 1.2 454,372,354
063 97 06 1.2 333,325,320
063 97 04 1.2 317,304,290
063 97 02 1.2 274,254,231
063 97 01 1.2 202,179,161
063 97 00 1.2 145,127,112
063 97 00 1.2 91,79,59
063 97 00 1.2 46,28,37
063 97 00 1.2 95,191,281
063 97 07 1.0 336,349,313
063 97 06 1.0 286,261,238
063 97 03 1.0 224,214,210
063 97 02 1.0 198,177,150
063 97 00 1.0 130,106,78
063 97 00 1.0 48,22,0
063 97 00 1.0 0,0,0
063 97 00 1.0 0,0,0
063 97 00 1.0 0,0,0
063 97 02 1.0 33,112,155
063 97 07 0.9 159,288,255
063 97 05 0.9 233,217,205
063 97 02 0.9 194,184,174
063 97 00 0.9 152,129,104
063 97 00 0.9 81,56,32
063 97 00 0.9 7,0,0
063 97 00 0.9 0,0,0
063 97 00 0.9 0,0,0
063 97 00 0.9 0,4,88
063 97 08 0.9 139,158,152
063 97 08 0.9 283,258,232
063 97 03 0.9 210,201,201
063 97 01 0.9 192,171,150
063 97 00 0.9 128,109,81
063 97 00 0.9 56,30,7
063 97 00 0.9 0,0,0
063 97 00 0.9 0,0,0
063 97 00 0.9 0,0,0
063 97 02 0.9 26,109,156
063 97 08 0.9 173,293,275
063 97 07 0.9 249,231,217
063 97 03 0.9 214,206,199
063 97 01 0.9 184,172,151

