177628!20190914_201102!0!0
2.55!2.57!2.59!2.52!2.58!2.5!
99!84!102!0!601
416.4 2.47 53 40

098 99 00 2.3 0,126,446
095 99 06 2.4 692,763,852
095 99 07 2.4 755,656,570
095 99 02 2.4 522,486,456
095 99 00 2.4 413,360,295
095 99 00 2.4 227,154,83
095 99 01 2.4 63,212,508
095 99 06 2.4 820,983,999
095 99 06 2.5 878,792,701
095 99 06 2.5 630,577,544
095 99 01 2.5 511,466,403
095 99 00 2.5 330,254,183
095 99 01 2.5 124,203,462
095 99 03 2.5 804,1054,1134
095 99 04 2.7 1120,931,852
095 99 05 2.7 778,718,674
095 99 03 2.7 637,592,534
095 99 00 2.7 465,396,326
095 99 00 2.7 255,228,365
095 99 01 2.7 651,960,1131
095 99 03 2.5 1157,888,810
095 99 04 2.5 732,665,620
095 99 03 2.5 584,546,497
095 99 01 2.5 435,368,293
095 99 00 2.5 218,146,164
095 99 00 2.5 350,658,929
095 99 04 2.5 1045,1031,823
095 99 05 2.5 740,660,600
095 99 03 2.5 553,517,473
095 99 01 2.5 415,339,258
095 99 00 2.5 173,93,23
095 99 01 2.5 73,292,613
095 99 03 2.5 856,942,891
095 99 04 2.5 807,707,618
095 99 03 2.5 561,518,484
095 99 01 2.5 435,370,298
095 99 00 2.5 223,151,74
095 99 01 2.5 17,105,362
095 99 02 2.5 684,897,939
095 99 05 2.5 873,781,694
095 99 04 2.5 625,583,553
095 99 02 2.5 521,473,412
095 99 00 2.5 339,265,179
095 99 01 2.5 93,105,313
095 99 02 2.5 651,955,1089
095 99 03 2.8 1100,961,880
095 99 05 2.8 804,743,703
095 99 04 2.8 666,621,559
095 99 00 2.8 484,410,339
095 99 00 2.8 266,226,359
095 99 02 2.8 662,1021,1254
095 99 06 3.0 1336,1323,1036
095 99 06 3.0 963,906,863
095 99 07 3.0 826,783,727
095 99 02 3.0 658,582,502
095 99 00 3.0 419,348,378
095 99 00 3.0 595,927,1228
095 99 05 2.9 1374,1398,1016
095 99 07 2.9 947,881,819
095 99 06 2.9 772,729,681
095 99 02 2.9 620,546,470
095 99 00 2.9 394,311,249
095 99 00 2.9 313,556,876
094 99 05 2.7 1121,1209,1196
094 99 06 2.7 883,798,735
094 99 06 2.7 685,648,603
094 99 01 2.7 542,477,398
094 99 00 2.7 323,241,161
094 99 00 2.7 108,200,450
094 99 02 2.7 764,967,1024
094 99 08 2.5 879,797,711
094 99 07 2.5 633,573,521
094 99 01 2.5 471,413,338
094 99 00 2.5 251,165,85
094 99 00 2.5 0,0,64
094 99 00 2.5 339,653,840
094 99 08 2.5 873,860,758
094 99 06 2.5 655,577,530
094 99 01 2.5 496,455,389
094 99 00 2.5 309,223,141
094 99 00 2.5 52,0,0
094 99 00 2.5 174,502,802
094 99 05 2.8 931,936,922
094 99 05 2.8 837,752,692
094 99 03 2.8 648,606,550
094 99 01 2.8 479,394,311
094 99 00 2.8 225,134,103
094 99 00 2.8 261,589,950
094 99 04 3.2 1168,1243,1233
094 99 05 3.2 1088,1046,1026
094 99 03 3.2 1030,1040,1036
094 99 08 3.2 1022,983,938
094 99 04 3.2 887,814,760
094 99 00 3.2 843,1100,1431
094 99 06 3.2 1680,1827,1922
094 99 08 3.2 1968,1996,2030
094 99 05 3.2 2128,2256,2382
094 99 08 3.2 2464,2511,2545
094 99 05 3.2 2583,2613,2648
094 99 06 3.2 2767,3012,3324
094 99 07 3.2 3583,3721,3766
084 99 06 8.5 3760,2979,2966
084 99 05 8.5 2967,2975,2983
084 99 07 8.5 2985,2983,2979
084 99 03 8.5 2964,2946,2930
084 99 08 8.5 3008,3217,3513
084 99 07 8.5 3763,3898,3938
084 99 06 3.1 996,962,927
084 99 05 3.1 910,898,882
084 99 04 3.1 850,815,779
084 99 03 3.1 742,705,697
084 99 03 3.1 810,1046,1328
084 99 03 2.9 1524,1598,1589
084 99 04 2.9 847,792,747
084 99 04 2.9 712,680,648
084 99 03 2.9 603,558,502
084 99 01 2.9 447,393,417
084 99 01 2.9 595,887,1188
084 99 04 2.9 1379,1467,1481
085 99 04 3.5 1063,1014,960
085 99 06 3.5 914,874,822
085 99 05 3.5 765,703,642
085 99 00 3.5 578,517,552
085 99 01 3.5 741,1051,1333
085 99 06 3.4 1504,1560,1550
085 99 06 3.4 978,909,840
085 99 07 3.4 781,722,662
085 99 02 3.4 592,519,445
085 99 00 3.4 367,285,277
085 99 00 3.4 424,703,981
085 99 04 3.0 1145,1193,902
085 99 05 3.0 833,752,676
085 99 05 3.0 607,542,477
085 99 00 3.0 405,325,245
085 99 00 3.0 162,80,27
085 99 00 3.0 111,343,632
086 99 05 2.9 832,903,857
086 99 06 2.9 786,697,614
086 99 04 2.9 547,483,419
086 99 00 2.9 345,269,188
086 99 01 2.9 110,27,0
086 99 00 2.9 0,172,455
086 99 05 2.7 689,786,777
086 99 05 2.7 761,678,600
086 99 04 2.7 538,486,430
086 99 00 2.7 369,299,223
086 99 00 2.7 145,63,0
086 99 00 2.7 19,199,489
086 99 06 2.7 744,874,890
086 99 07 3.0 856,779,707
086 99 06 3.0 647,603,555
086 99 01 3.0 497,422,346
086 99 00 3.0 274,201,131
086 99 01 3.0 143,316,611
086 99 06 3.0 894,1055,1094
086 99 04 3.2 935,858,779
086 99 04 3.2 710,653,601
086 99 02 3.2 543,480,411
086 99 00 3.2 345,276,204
086 99 02 3.2 184,306,561
086 99 03 3.2 847,1025,1079
086 99 06 3.0 863,783,695
086 99 04 3.0 621,559,501
086 99 01 3.0 443,377,310
086 99 00 3.0 242,179,108
086 99 01 3.0 62,133,345
086 99 03 3.0 619,811,875
086 99 05 2.7 782,709,628
086 99 06 2.7 558,493,433
086 99 00 2.7 371,308,242
086 99 00 2.7 180,115,46
086 99 00 2.7 0,0,139
086 99 02 2.7 401,629,730
086 99 06 2.6 713,675,580
086 99 07 2.6 497,434,390
086 99 00 2.6 346,296,232
086 99 00 2.6 166,94,18
086 99 00 2.6 0,0,106
086 99 03 2.6 372,628,752
086 99 08 2.7 755,752,667
086 99 06 2.7 591,533,488
086 99 00 2.7 440,384,317
086 99 00 2.7 250,186,120
086 99 00 2.7 59,81,258
086 99 03 2.7 551,817,944
086 99 01 3.0 947,834,750
086 99 07 3.0 672,605,556
086 99 02 3.0 507,450,382
086 99 00 3.0 310,242,173
086 99 01 3.0 128,204,438
086 99 03 3.0 770,1032,1156
087 99 05 3.4 1158,970,887
087 99 06 3.4 809,744,693
087 99 05 3.4 644,589,525
087 99 00 3.4 456,391,318
087 99 00 3.4 264,328,554
087 99 03 3.4 864,1106,1213
087 99 04 3.2 1207,881,795
087 99 07 3.2 720,661,611
087 99 03 3.2 558,496,427
087 99 00 3.2 350,271,191
087 99 01 3.2 132,189,400
087 99 04 3.2 700,936,1027
087 99 08 3.0 1007,795,708
087 99 06 3.0 628,566,506
087 99 01 3.0 443,364,284
087 99 00 3.0 202,124,45
087 99 00 3.0 0,0,173
087 99 02 3.0 444,684,785
087 99 07 2.8 773,732,641
087 99 07 2.8 560,490,434
087 99 00 2.8 376,317,247
087 99 00 2.8 173,97,20
087 99 00 2.8 0,0,89
087 99 02 2.8 352,608,739
087 99 08 2.8 742,740,645
087 99 06 2.8 559,496,447
087 99 00 2.8 398,339,268
087 99 00 2.8 193,115,44
087 99 00 2.8 0,0,78
087 99 01 2.8 337,620,779
087 99 08 2.9 803,803,721
087 99 07 2.9 646,584,537
087 99 01 2.9 490,436,372
087 99 00 2.9 304,234,161
087 99 00 2.9 86,79,227
087 99 03 2.9 506,781,928
088 99 05 3.0 943,816,727
088 99 06 3.0 646,581,533
088 99 02 3.0 480,426,366
088 99 00 3.0 302,238,167
088 99 01 3.0 112,156,365
088 99 04 3.0 683,960,1091
088 99 04 3.4 1098,933,854
088 99 04 3.4 780,716,663
088 99 03 3.4 605,545,475
088 99 00 3.4 409,338,269
088 99 01 3.4 216,285,510
088 99 02 3.4 829,1075,1173
088 99 04 3.2 1153,864,783
088 99 05 3.2 710,651,604
088 99 02 3.2 560,509,445
088 99 00 3.2 376,304,229
088 99 01 3.2 172,230,441
088 99 03 3.2 736,969,1060
099 99 06 3.0 1045,801,719
099 99 06 3.0 644,584,524
099 99 01 3.0 463,392,314
099 99 00 3.0 231,146,60
099 99 00 3.0 0,9,192
099 99 02 3.0 474,715,811
099 99 07 2.8 791,733,644
099 99 06 2.8 571,516,471
099 99 00 2.8 424,368,306
099 99 00 2.8 236,165,88
099 99 01 2.8 20,33,205
099 99 02 2.8 484,736,843
099 99 07 2.8 823,727,630
099 99 06 2.8 549,491,442
099 99 00 2.8 395,337,270
099 99 00 2.8 199,122,42
099 99 00 2.8 0,46,270
099 99 04 2.8 575,803,884
099 99 08 3.1 877,797,705
099 99 07 3.1 634,572,521
099 99 01 3.1 463,401,325
099 99 00 3.1 251,174,101
099 99 00 3.1 76,214,504
099 99 05 3.1 830,1027,1083
099 99 04 3.5 969,889,799
099 99 04 3.5 725,665,612
099 99 02 3.5 553,485,409
099 99 00 3.5 332,253,184
099 99 01 3.5 193,369,671
099 99 05 3.5 960,1111,1125
099 99 05 3.3 893,801,717
099 99 04 3.3 649,596,538
099 99 01 3.3 472,396,315
099 99 00 3.3 237,157,84
099 99 01 3.3 102,278,569
099 99 04 3.0 826,941,931
099 99 05 3.0 782,690,613
099 99 04 3.0 545,488,427
099 99 00 3.0 365,291,214
099 99 00 3.0 133,53,0
099 99 00 3.0 0,137,419
099 99 05 2.9 676,795,782
099 99 05 2.9 750,652,567
099 99 03 2.9 494,439,382
099 99 00 2.9 319,247,166
099 99 01 2.9 89,7,0
099 99 00 2.9 0,42,315
099 99 03 2.9 598,753,762
099 99 06 3.0 791,691,603
099 99 04 3.0 536,481,427
099 99 00 3.0 366,296,219
099 99 00 3.0 138,61,0
099 99 00 3.0 0,62,328
099 99 03 3.0 624,794,816
099 99 07 3.0 812,723,639
099 99 05 3.0 570,512,456
099 99 00 3.0 390,315,237
099 99 00 3.0 158,79,0
099 99 00 3.0 0,115,404
099 99 04 3.0 713,884,918
099 99 07 3.3 897,815,728
099 99 06 3.3 662,605,550
099 99 00 3.3 484,406,325
099 99 01 3.3 247,173,100
099 99 00 3.3 97,263,575
099 99 06 3.3 898,1082,1115
099 99 05 3.5 980,891,799
099 99 07 3.5 723,658,602
099 99 00 3.5 535,461,382
099 99 00 3.5 304,222,138
099 99 00 3.5 118,259,548
099 99 06 3.5 855,1036,1073
099 99 04 3.3 914,826,734
099 99 06 3.3 657,590,530
099 99 00 3.3 464,390,306
099 99 00 3.3 221,136,53
099 99 00 3.3 10,112,366
099 99 02 3.3 671,865,911
099 99 07 3.1 843,748,654
099 99 05 3.1 576,512,452
099 99 00 3.1 385,310,226
099 99 00 3.1 144,58,0
099 99 00 3.1 0,0,171
099 99 03 3.1 483,722,802
099 99 07 3.1 868,781,689
099 99 06 3.1 614,554,498
099 99 00 3.1 441,375,306
099 99 00 3.1 232,158,79
099 99 00 3.1 6,40,240
099 99 03 3.1 549,803,897
099 99 08 3.1 870,784,691
099 99 06 3.1 615,553,499
099 99 00 3.1 441,373,298
099 99 00 3.1 213,135,56
099 99 00 3.1 0,59,293
099 99 04 3.1 626,881,977
099 99 05 3.4 960,893,807
099 99 05 3.4 729,667,614
099 99 02 3.4 556,491,416
099 99 00 3.4 339,259,184
099 99 01 3.4 149,264,546
099 99 03 3.4 897,1149,1243
099 99 04 3.8 1225,998,910
099 99 05 3.8 831,770,716
099 99 03 3.8 656,586,510
099 99 00 3.8 434,355,278
099 99 01 3.8 243,370,653
099 99 05 3.8 991,1207,1275
099 99 06 3.6 991,906,809
099 99 07 3.6 728,661,602
099 99 01 3.6 537,460,379
099 99 00 3.6 296,215,134
099 99 00 3.6 87,183,438
099 99 03 3.6 758,979,1041
099 99 04 3.3 913,825,729
099 99 06 3.3 643,576,518
099 99 00 3.3 452,376,292
099 99 00 3.3 206,122,38
099 99 00 3.3 0,16,232
099 99 03 3.3 554,814,916
099 99 08 3.3 895,842,739
099 99 06 3.3 648,579,522
099 99 00 3.3 462,391,313
099 99 00 3.3 229,149,64
099 99 00 3.3 0,0,132
099 99 01 3.3 425,714,850
099 99 08 3.1 848,808,704
099 99 06 3.1 612,542,481
099 99 00 3.1 418,341,262
099 99 00 3.1 177,98,15
099 99 00 3.1 0,0,109
099 99 02 3.1 421,733,894
099 99 06 3.5 913,924,823
099 99 05 3.5 726,654,600
099 99 02 3.5 548,490,420
099 99 00 3.5 346,264,178
099 99 01 3.5 98,119,324
099 99 02 3.5 674,1006,1184
099 99 04 3.9 1213,1071,985
099 99 06 3.9 899,822,754
099 99 03 3.9 689,621,544
099 99 00 3.9 462,383,304
099 99 01 3.9 236,263,472
099 99 03 3.9 812,1127,1284
 99 05 3.8 1300,1002,904
 99 06 3.8 816,744,687
 99 03 3.8 620,549,466
 99 00 3.8 384,300,217
 99 00 3.8 141,160,359
 99 03 3.8 677,956,1075
 99 04 3.3 1061,843,744
 99 06 3.3 652,581,518
 99 00 3.3 451,379,295
 99 01 3.3 218,137,55
 99 00 3.3 0,5,210
 99 03 3.3 536,806,915
 99 08 3.3 915,823,723
 99 06 3.3 636,570,507
 99 00 3.3 444,368,289
 99 00 3.3 209,130,47
 99 00 3.3 0,83,347
 99 02 3.3 679,904,955
 99 06 3.4 902,795,691
 99 05 3.4 605,542,482
 99 00 3.4 413,338,254
 99 00 3.4 176,97,23
 99 00 3.4 37,228,555
 99 06 3.5 859,1004,1002
 99 06 3.5 909,803,712
 99 04 3.5 639,578,512
 99 01 3.5 442,359,278
 99 00 3.5 190,103,63
 99 00 3.5 205,523,898
 99 05 4.1 1143,1222,1130
 99 04 4.1 1039,937,850
 99 04 4.1 781,723,653
 99 01 4.1 582,503,423
 99 00 4.1 334,253,293
 99 01 4.1 522,881,1186
 99 04 3.9 1325,1323,996
 99 05 3.9 893,796,716
 99 04 3.9 650,582,505
 99 00 3.9 422,337,249
 99 00 3.9 151,90,186
 99 00 3.9 462,804,1030
 99 04 3.6 1089,944,842
 99 04 3.6 736,644,573
 99 01 3.6 510,448,372
 99 00 3.6 291,205,120
 99 01 3.6 30,3,145
 99 01 3.6 443,754,923
 99 06 3.4 934,859,747
 99 04 3.4 643,557,489
 99 01 3.4 429,358,278
 99 00 3.4 190,100,13
 99 00 3.4 0,0,65
 99 01 3.4 377,698,866
 99 04 3.5 873,892,784
 99 04 3.5 683,605,540
 99 01 3.5 481,410,333
 99 00 3.5 245,159,70
 99 00 3.5 0,2,203
 99 02 3.5 539,839,964
 99 04 3.5 944,876,765
 99 04 3.5 665,588,528
 99 01 3.5 458,377,288
 99 00 3.5 198,108,19
 99 00 3.5 0,82,370
 99 02 3.5 739,988,1068
 99 04 3.9 1051,956,847
 99 06 3.9 757,687,629
 99 01 3.9 569,494,415
 99 00 3.9 325,238,156
 99 00 3.9 177,394,763
 99 03 3.9 1114,1297,1323
 99 05 4.2 1115,1013,909
 99 06 4.2 823,757,692
 99 01 4.2 621,543,464
 99 00 4.2 384,300,242
 99 00 4.2 330,600,968
 99 06 3.9 1241,1337,1061
 99 05 3.9 959,851,752
 99 05 3.9 680,621,558
 99 00 3.9 484,398,312
 99 01 3.9 227,140,95
 99 00 3.9 213,500,838
 99 07 3.6 1043,1078,911
 99 04 3.6 797,685,592
 99 02 3.6 520,453,379
 99 00 3.6 299,212,128
 99 01 3.6 40,0,0
 99 01 3.6 75,380,699
 99 05 3.5 865,869,862
 99 04 3.5 747,638,554
 99 01 3.5 485,426,357
 99 00 3.5 278,194,110
 99 01 3.5 31,0,0
 99 00 3.5 144,477,787
 99 04 3.6 925,909,885
 99 04 3.6 776,680,605
 99 02 3.6 540,472,399
 99 00 3.6 313,225,125
 99 01 3.6 27,0,27
 99 01 3.6 303,677,935
 99 03 3.8 1007,1014,913
 99 06 3.8 804,718,643
 99 01 3.8 575,494,412
 99 00 3.8 323,233,141
 99 00 3.8 53,55,249
 99 02 3.8 616,990,1206
 99 07 4.3 1249,1152,1050
 99 07 4.3 950,868,801
 99 03 4.3 737,665,582
 99 00 4.3 491,397,302
 99 00 4.3 221,263,502
 99 03 4.3 874,1191,1328
 99 05 4.0 1314,1011,899
 99 07 4.0 799,719,652
 99 01 4.0 584,506,416
 99 00 4.0 322,230,141
 99 00 4.0 67,125,368
 99 03 4.0 725,1001,1099
 99 05 3.7 991,885,767
 99 06 3.7 667,590,526
 99 00 3.7 460,382,294
 99 00 3.7 205,117,27
 99 00 3.7 0,3,245
 99 03 3.7 599,868,957
 99 04 3.6 960,848,728
 99 05 3.6 628,552,487
 99 00 3.6 418,338,248
 99 00 3.6 160,74,0
 99 00 3.6 0,2,265
 99 03 3.6 626,881,952
 99 05 3.7 971,858,742
 99 07 3.7 650,582,523
 99 00 3.7 456,378,290
 99 00 3.7 203,112,22
 99 00 3.7 0,157,493
 99 06 3.7 853,1057,1081
 99 06 4.0 1016,897,787
 99 07 4.0 698,630,568
 99 00 4.0 499,418,324
 99 00 4.0 233,142,67
 99 00 4.0 125,391,793
 99 07 4.4 1130,1279,1274
 99 08 4.4 1122,1007,903
 99 06 4.4 816,748,681
 99 00 4.4 611,527,440
 99 00 4.4 349,259,213
 99 00 4.4 352,681,1077
 99 07 4.3 1332,1401,1138
 99 05 4.3 1029,921,825
 99 05 4.3 752,681,607
 99 00 4.3 527,439,356
 99 00 4.3 266,177,164
 99 00 4.3 338,679,1025
 99 06 4.0 1212,1229,998
 99 05 4.0 887,780,694
 99 04 4.0 620,550,474
 99 00 4.0 389,297,204
 99 00 4.0 112,23,20
 99 00 4.0 203,539,866
 99 05 3.8 1024,1014,916
 99 07 3.8 789,674,580
 99 01 3.8 506,437,357
 99 01 3.8 272,178,89
 99 00 3.8 0,0,0
 99 00 3.8 97,441,760
 99 05 3.7 901,881,889
 99 06 3.7 758,637,548
 99 00 3.7 480,415,344
 99 00 3.7 265,178,94
 99 00 3.7 5,0,0
 99 00 3.7 222,603,920
 99 07 4.1 1043,1090,986
 99 07 4.1 875,781,711
 99 03 4.1 653,594,524
 99 00 4.1 446,363,280
 99 00 4.1 194,159,311
 99 02 4.1 643,1026,1254
 99 06 4.2 1301,1076,964
 99 06 4.2 852,763,692
 99 02 4.2 628,553,474
 99 00 4.2 386,299,208
 99 00 4.2 135,211,505
 99 03 4.2 929,1273,1419
 99 08 4.8 1416,1199,1085
 99 05 4.8 978,892,825
 99 03 4.8 749,668,578
 99 00 4.8 490,397,311
 99 00 4.8 312,526,910
 99 04 4.8 1302,1521,1570
 99 06 4.7 1223,1112,997
 99 05 4.7 902,827,756
 99 01 4.7 680,596,509
 99 00 4.7 418,325,262
 99 00 4.7 370,671,1064
 99 08 4.3 1329,1408,1091
 99 07 4.3 980,860,756
 99 04 4.3 676,597,521
 99 00 4.3 436,354,270
 99 00 4.3 186,102,114
 99 00 4.3 319,671,990
 99 06 3.9 1131,1115,927
 99 05 3.9 801,689,603
 99 01 3.9 534,465,386
 99 00 3.9 302,210,118
 99 00 3.9 16,0,33
 99 00 3.9 316,678,915
 99 04 3.8 959,935,807
 99 06 3.8 685,588,513
 99 00 3.8 444,368,283
 99 01 3.8 194,106,12
 99 00 3.8 0,0,100
 99 02 3.8 452,787,936

