176927!20190915_033040!0!0
3.01!3.05!3.04!2.98!3.36!3.23!
95!38!48!601!475
516.6 3.05 30 94

044 96 00 11.5 0,0,0
044 96 00 11.5 0,0,0
044 96 01 11.5 0,0,0
044 96 01 11.5 0,0,0
044 96 00 11.5 0,0,0
044 96 01 11.5 0,0,0
044 96 00 11.5 0,0,0
044 96 00 11.5 0,0,0
044 96 04 11.5 0,455,799
044 96 04 11.3 838,4483,4251
044 96 07 11.3 4077,4060,4167
044 96 08 11.3 4285,4322,4265
044 96 05 11.3 4131,3967,3795
044 96 04 11.3 3623,3466,3350
044 96 00 11.3 3281,3223,3150
044 96 00 11.3 3023,2870,2691
044 96 00 11.3 2526,2380,2272
044 96 00 11.3 2201,2138,2065
044 96 00 11.3 1982,1908,1837
044 96 00 11.3 1768,1704,1644
044 96 00 11.3 1580,1504,1433
044 96 00 11.3 1363,1302,1250
044 96 01 11.3 1210,1191,1171
044 96 00 11.3 1145,1123,1454
044 96 05 11.3 2355,3585,4612
044 96 07 10.3 5103,5236,4053
044 96 05 10.3 3897,3766,3797
044 96 03 10.3 3974,4204,4352
044 96 06 10.3 4417,4416,4371
044 96 04 10.3 4320,4266,4239
044 96 05 10.3 4239,4266,4311
044 96 08 10.3 4364,4435,4639
044 96 05 10.3 5188,6043,6941
044 96 05 10.3 7578,7933,8109
045 96 07 12.1 8127,4259,4122
045 96 05 12.1 4052,4055,4057
045 96 06 12.1 4011,3927,3816
045 96 06 12.1 3707,3607,3519
045 96 05 12.1 3443,3374,3324
045 96 00 12.1 3270,3216,3174
045 96 00 12.1 3333,3862,4640
045 96 05 12.1 5380,5846,6122
045 96 07 9.5 6277,6289,2981
045 96 05 9.5 2811,2724,2722
045 96 06 9.5 2713,2642,2533
045 96 06 9.5 2403,2275,2145
045 96 00 9.5 2022,1919,1823
045 96 00 9.5 1737,1646,1556
045 96 00 9.5 1464,1369,1273
045 96 00 9.5 1186,1106,1048
045 96 00 9.5 990,944,902
045 96 00 9.5 868,829,795
045 96 00 9.5 956,1516,2367
045 96 05 9.5 3175,3674,3937
045 96 07 10.3 4086,4108,3198
045 96 06 10.3 3044,2963,2966
045 96 06 10.3 2958,2889,2771
045 96 06 10.3 2626,2481,2349
045 96 00 10.3 2238,2142,2066
045 96 00 10.3 1998,1933,1857
045 96 00 10.3 1775,1688,1607
045 96 00 10.3 1525,1459,1402
045 96 00 10.3 1361,1316,1258
045 96 00 10.3 1189,1159,1344
045 96 01 10.3 1873,2598,3208
044 96 08 8.0 3519,3618,3602
044 96 07 8.0 2309,2115,1963
044 96 06 8.0 1934,1939,1896
044 96 06 8.0 1768,1588,1389
044 96 00 8.0 1191,1018,863
044 96 00 8.0 723,595,465
044 96 00 8.0 345,214,87
044 96 00 8.0 0,0,0
044 96 00 8.0 0,0,0
044 96 00 8.0 0,0,0
044 96 00 8.0 0,0,0
044 96 02 8.0 0,727,1151
044 96 06 7.6 1256,2332,2078
044 96 04 7.6 1785,1587,1543
044 96 04 7.6 1582,1588,1504
044 96 01 7.6 1337,1124,913
044 96 00 7.6 722,557,418
044 96 00 7.6 305,202,103
044 96 02 7.6 0,0,0
044 96 00 7.6 0,0,0
044 96 00 7.6 0,0,0
044 96 00 7.6 0,0,0
044 96 00 7.6 0,214,821
044 96 08 6.9 1066,1017,1994
044 96 03 6.9 1672,1429,1351
044 96 02 6.9 1406,1463,1449
044 96 02 6.9 1343,1172,976
044 96 00 6.9 775,594,446
044 96 00 6.9 329,236,147
044 96 00 6.9 60,0,0
044 96 00 6.9 0,0,0
044 96 00 6.9 0,0,0
044 96 01 6.9 0,0,752
047 96 05 7.5 1459,1776,1779
047 96 06 7.5 2366,2083,1838
047 96 08 7.5 1738,1784,1859
047 96 08 7.5 1868,1793,1650
047 96 01 7.5 1483,1304,1135
047 96 00 7.5 980,851,743
047 96 00 7.5 645,561,487
047 96 00 7.5 415,332,224
047 96 00 7.5 104,0,16
047 96 00 7.5 445,1234,2071
047 96 07 8.2 2583,2759,2747
047 96 04 8.2 2634,2406,2198
047 96 04 8.2 2128,2159,2190
047 96 04 8.2 2150,2046,1893
047 96 01 8.2 1718,1541,1386
047 96 00 8.2 1272,1192,1118
047 96 01 8.2 1027,903,768
047 96 00 8.2 634,513,403
047 96 00 8.2 303,216,132
047 96 00 8.2 51,0,0
047 96 00 8.2 0,0,0
047 96 00 8.2 0,0,0
047 96 02 8.2 0,0,0
047 96 01 8.2 0,0,0
047 96 00 8.2 0,0,0
047 96 00 8.2 0,0,0
047 96 00 8.2 0,0,0
047 96 01 8.2 0,76,1103
047 95 03 9.1 1761,1974,1935
047 95 04 9.1 3041,2848,2725
047 95 04 9.1 2743,2854,2931
047 95 05 9.1 2892,2778,2625
047 95 04 9.1 2490,2359,2237
047 95 00 9.1 2117,2020,1942
047 95 01 9.1 1889,1834,1766
047 95 00 9.1 1657,1530,1397
047 95 01 9.1 1270,1133,982
047 95 00 9.1 822,670,538
047 95 01 9.1 437,364,300
047 95 00 9.1 222,123,3
047 95 01 9.1 0,0,0
047 95 01 9.1 0,0,0
047 95 00 9.1 0,0,0
047 95 00 9.1 0,0,0
047 95 01 9.1 0,0,0
047 95 04 9.1 1333,2387,2931
047 95 05 12.6 3141,3144,4493
047 95 05 12.6 4291,4164,4190
047 95 04 12.6 4302,4389,4392
047 95 07 12.6 4304,4170,4026
047 95 05 12.6 3909,3807,3722
047 95 00 12.6 3659,3640,3714
047 95 04 12.6 3969,4382,4792
047 95 08 12.6 4992,4904,4614
047 95 04 12.6 4300,4138,4172
047 95 02 12.6 4287,4366,4354
047 95 05 12.6 4280,4167,4046
047 95 00 12.6 3932,3844,3777
047 95 00 12.6 3724,3681,3643
047 95 00 12.6 3613,3587,3564
047 95 01 12.6 3526,3469,3408
047 95 00 12.6 3582,4213,5160
047 95 07 12.6 6047,6558,6794
047 95 06 10.3 6869,3416,3279
047 95 06 10.3 3154,3108,3121
047 95 05 10.3 3109,3042,2929
047 95 07 10.3 2797,2659,2536
047 95 00 10.3 2428,2339,2276
047 95 00 10.3 2223,2166,2089
047 95 00 10.3 2037,2218,2764
047 95 04 10.3 3535,4219,4622
047 95 08 9.1 4830,4909,2805
047 95 03 9.1 2609,2394,2283
047 95 04 9.1 2258,2225,2137
047 95 07 9.1 2002,1846,1677
047 95 00 9.1 1522,1387,1278
047 95 00 9.1 1180,1086,982
047 95 00 9.1 847,689,513
047 95 00 9.1 349,203,88
047 95 00 9.1 0,0,0
047 95 00 9.1 0,0,0
047 95 00 9.1 0,0,0
047 95 00 9.1 0,0,0
047 95 00 9.1 0,0,0
047 95 00 9.1 0,0,0
047 95 00 9.1 0,0,0
047 95 00 9.1 0,0,0
047 95 00 9.1 0,0,0
047 95 05 9.1 0,403,1149
047 95 06 12.4 1534,1684,1657
047 95 07 12.4 4040,3871,3793
047 95 05 12.4 3801,3805,3733
047 95 07 12.4 3595,3420,3243
047 95 02 12.4 3078,2918,2753
047 95 00 12.4 2600,2469,2363
047 95 00 12.4 2246,2102,1929
047 95 00 12.4 1747,1576,1420
047 95 00 12.4 1277,1146,1020
047 95 00 12.4 900,775,652
047 95 00 12.4 530,411,296
047 95 00 12.4 182,75,0
047 95 00 12.4 0,0,0
047 95 00 12.4 0,0,0
047 95 00 12.4 0,0,0
047 95 01 12.4 0,0,0
047 95 00 12.4 0,0,134
047 95 07 12.4 1354,2397,2949
047 95 06 12.1 3167,3182,4128
047 95 07 12.1 3957,3878,3933
047 95 06 12.1 4032,4061,3986
047 95 06 12.1 3858,3702,3551
047 95 05 12.1 3405,3268,3154
047 95 00 12.1 3073,3008,2936
047 95 00 12.1 2827,2687,2523
047 95 00 12.1 2358,2206,2074
047 95 00 12.1 1966,1876,1787
047 95 00 12.1 1686,1577,1465
047 95 01 12.1 1362,1276,1202
047 95 00 12.1 1126,1031,920
047 95 00 12.1 800,677,557
047 95 01 12.1 452,367,316
047 95 00 12.1 267,212,143
047 95 00 12.1 340,1162,2446
047 95 04 12.1 3727,4533,4961
047 95 06 14.4 5159,5182,4913
047 95 07 14.4 4749,4670,4697
047 95 07 14.4 4737,4702,4584
047 95 05 14.4 4411,4225,4056
047 95 04 14.4 3921,3811,3721
047 95 00 14.4 3637,3538,3411
047 95 00 14.4 3262,3106,2960
047 95 00 14.4 2836,2729,2633
047 95 00 14.4 2525,2412,2284
047 95 01 14.4 2154,2027,1907
047 95 00 14.4 1797,1698,1602
047 95 00 14.4 1505,1402,1317
047 95 01 14.4 1250,1196,1158
047 95 00 14.4 1130,1101,1059
047 95 00 14.4 1099,1596,2583
047 95 07 14.4 3746,4587,4994
043 95 06 12.2 5164,5175,4021
043 95 08 12.2 3880,3820,3857
043 95 04 12.2 3898,3850,3730
043 95 05 12.2 3562,3394,3244
043 95 02 12.2 3144,3076,3035
043 95 00 12.2 2991,2940,2852
043 95 00 12.2 2715,2531,2306
043 95 01 12.2 2074,1860,1684
043 95 00 12.2 1541,1393,1230
043 95 00 12.2 1034,846,674
043 95 00 12.2 535,410,299
043 95 00 12.2 204,122,30
043 95 00 12.2 0,0,0
043 95 00 12.2 0,0,0
043 95 00 12.2 0,0,342
043 95 06 12.2 1445,2750,3659
043 95 03 13.2 4094,4240,4209
043 95 06 13.2 4323,4151,4070
043 95 06 13.2 4114,4180,4178
043 95 07 13.2 4082,3928,3758
043 95 07 13.2 3616,3508,3440
043 95 00 13.2 3381,3322,3247
043 95 00 13.2 3169,3069,2949
043 95 00 13.2 2809,2691,2605
043 95 01 13.2 2537,2466,2382
043 95 00 13.2 2287,2181,2069
043 95 00 13.2 1956,1848,1746
043 95 00 13.2 1670,1614,1562
043 95 00 13.2 1504,1440,1384
043 95 01 13.2 1362,1371,1384
043 95 00 13.2 1352,1257,1321
043 95 01 13.2 1930,2988,4069
043 95 07 11.3 4689,4922,4951
043 95 08 11.3 3598,3395,3236
043 95 07 11.3 3211,3275,3301
043 95 06 11.3 3243,3110,2936
043 95 05 11.3 2741,2556,2403
043 95 00 11.3 2278,2196,2126
043 95 00 11.3 2060,1956,1815
043 95 00 11.3 1653,1489,1341
043 95 01 11.3 1224,1130,1045
043 95 00 11.3 946,827,697
043 95 00 11.3 558,425,307
043 95 00 11.3 192,91,0
043 95 00 11.3 0,0,0
043 95 00 11.3 0,0,0
043 95 00 11.3 0,0,0
043 95 01 11.3 0,0,1042
043 95 06 11.3 2214,2888,3135
041 95 05 12.1 3130,3913,3666
041 95 08 12.1 3495,3485,3568
041 95 05 12.1 3617,3558,3425
041 95 07 12.1 3245,3055,2871
041 95 00 12.1 2714,2594,2527
041 95 00 12.1 2472,2412,2298
041 95 00 12.1 2153,1985,1818
041 95 00 12.1 1667,1537,1436
041 95 01 12.1 1338,1242,1139
041 95 01 12.1 1029,914,795
041 95 00 12.1 680,573,468
041 95 00 12.1 374,279,178
041 95 00 12.1 77,0,0
041 95 00 12.1 0,0,0
041 95 00 12.1 0,0,1031
041 95 04 12.1 2402,3509,4085
041 95 05 13.8 4301,4300,4561
041 95 05 13.8 4346,4219,4237
041 95 05 13.8 4324,4346,4269
041 95 06 13.8 4122,3953,3797
041 95 05 13.8 3662,3564,3495
041 95 00 13.8 3450,3399,3333
041 95 00 13.8 3229,3091,2920
041 95 00 13.8 2746,2600,2493
041 95 00 13.8 2417,2335,2243
041 95 00 13.8 2142,2039,1930
041 95 00 13.8 1809,1685,1561
041 95 01 13.8 1447,1351,1264
041 95 01 13.8 1186,1088,990
041 95 00 13.8 897,822,752
041 95 00 13.8 678,691,1215
041 95 06 13.8 2314,3682,4732
041 95 06 13.8 5307,5574,5648
041 95 08 14.8 4900,4712,4560
041 95 06 14.8 4522,4545,4515
041 95 06 14.8 4403,4245,4075
041 95 07 14.8 3916,3768,3643
041 95 00 14.8 3531,3428,3319
041 95 00 14.8 3201,3068,2924
041 95 00 14.8 2770,2612,2465
041 95 01 14.8 2344,2254,2179
041 95 00 14.8 2108,2026,1934
041 95 00 14.8 1818,1689,1556
041 95 01 14.8 1432,1332,1233
041 95 01 14.8 1136,1045,983
041 95 00 14.8 945,905,858
041 95 00 14.8 825,839,929
041 95 00 14.8 1217,1980,3126
041 95 05 14.8 4320,5128,5557
041 95 06 15.3 5777,5851,4981
041 95 06 15.3 4908,4887,4921
041 95 05 15.3 4895,4772,4539
041 95 05 15.3 4247,3935,3675
041 95 00 15.3 3485,3368,3304
041 95 00 15.3 3249,3142,2947
041 95 01 15.3 2695,2457,2342
041 95 00 15.3 2405,2565,2649
041 95 00 15.3 2530,2251,1937
041 95 00 15.3 1714,1648,1739
041 95 00 15.3 1907,2043,2074
041 95 00 15.3 1997,1840,1637
041 95 00 15.3 1429,1255,1144
041 95 00 15.3 1102,1115,1149
041 95 00 15.3 1148,1079,953
041 95 01 15.3 883,1290,2222
041 95 05 15.3 3374,4193,4555
041 95 04 11.7 4634,3668,3473
041 95 04 11.7 3295,3218,3245
041 95 05 11.7 3281,3280,3226
041 95 07 11.7 3140,3024,2896
041 95 03 11.7 2754,2615,2496
041 95 00 11.7 2412,2332,2247
041 95 00 11.7 2132,2007,1862
041 95 00 11.7 1706,1539,1361
041 95 00 11.7 1160,950,745
041 95 01 11.7 567,416,281
041 95 00 11.7 168,54,0
041 95 00 11.7 0,0,0
041 95 00 11.7 0,0,0
041 95 00 11.7 0,0,0
041 95 00 11.7 0,0,0
041 95 00 11.7 0,0,928
041 95 04 11.7 2099,2821,3123
041 95 07 12.4 3199,4005,3838
041 95 05 12.4 3689,3649,3689
041 95 04 12.4 3704,3637,3516
041 95 04 12.4 3367,3218,3078
041 95 01 12.4 2954,2843,2749
041 95 01 12.4 2658,2557,2441
041 95 00 12.4 2313,2175,2033
041 95 00 12.4 1891,1761,1634
041 95 01 12.4 1514,1403,1296
041 95 02 12.4 1184,1064,951
041 95 01 12.4 855,757,664
041 95 02 12.4 556,449,336
041 95 01 12.4 234,128,23
041 95 01 12.4 0,0,0
041 95 00 12.4 0,0,0
041 95 00 12.4 0,347,1492
041 95 05 12.4 2708,3453,3781
038 95 03 12.9 3876,4244,4097
038 95 03 12.9 3973,3950,4005
038 95 04 12.9 4016,3945,3804
038 95 05 12.9 3642,3474,3308
038 95 01 12.9 3145,3003,2879
038 95 00 12.9 2745,2571,2366
038 95 00 12.9 2151,1943,1752
038 95 00 12.9 1581,1452,1348
038 95 00 12.9 1260,1160,1038
038 95 00 12.9 901,759,637
038 95 00 12.9 544,476,438
038 95 01 12.9 423,424,412
038 95 01 12.9 365,282,163
038 95 00 12.9 32,0,0
038 95 00 12.9 0,0,0
038 95 01 12.9 0,168,1194
038 95 05 12.9 2442,3319,3696
038 95 03 12.3 3792,4105,4014
038 95 06 12.3 3947,3969,4039
038 95 07 12.3 4064,3979,3831
038 95 06 12.3 3654,3488,3338
038 95 02 12.3 3200,3089,3013
038 95 00 12.3 2962,2906,2818
038 95 00 12.3 2707,2576,2442
038 95 00 12.3 2305,2181,2070
038 95 00 12.3 1971,1876,1778
038 95 00 12.3 1674,1566,1463
038 95 00 12.3 1370,1282,1192
038 95 00 12.3 1105,1016,931
038 95 00 12.3 846,761,667
038 95 00 12.3 577,487,417
038 95 00 12.3 349,277,191
038 95 00 12.3 257,890,2010
038 95 06 12.3 3235,4016,4361
038 95 04 12.8 4456,4221,4078
038 95 05 12.8 3985,4015,4119
038 95 06 12.8 4155,4073,3902
038 95 05 12.8 3700,3505,3335
038 95 01 12.8 3198,3100,3043
038 95 00 12.8 3004,2960,2881
038 95 00 12.8 2764,2628,2558
038 95 00 12.8 2840,3534,4407
039 95 07 9.0 5041,5303,5335
039 95 07 9.0 2667,2455,2246
039 95 04 9.0 2146,2144,2140
039 95 04 9.0 2057,1917,1732
039 95 01 9.0 1545,1367,1227
039 95 00 9.0 1108,1012,922
039 95 01 9.0 842,769,689
039 95 01 9.0 595,480,399
039 95 00 9.0 585,1206,2087
039 95 04 9.0 2847,3238,3365
039 95 05 9.7 3335,2781,2569
039 95 05 9.7 2413,2373,2376
039 95 04 9.7 2326,2194,2015
039 95 01 9.7 1826,1655,1510
039 95 00 9.7 1390,1287,1199
039 95 01 9.7 1109,1006,871
039 95 00 9.7 719,581,472
039 95 00 9.7 369,242,104
039 95 01 9.7 138,614,1443
039 95 03 9.7 2288,2787,2971
039 95 03 9.5 2972,2743,2522
039 95 06 9.5 2364,2343,2387
039 95 07 9.5 2372,2263,2096
039 95 02 9.5 1909,1733,1582
039 95 00 9.5 1466,1376,1292
039 95 00 9.5 1192,1080,966
039 95 00 9.5 856,765,676
039 95 00 9.5 593,498,399
039 95 00 9.5 296,220,321
039 95 01 9.5 837,1689,2549
039 95 05 9.5 3078,3302,3359
039 95 05 10.4 3059,2868,2676
039 95 06 10.4 2584,2566,2529
039 95 07 10.4 2419,2250,2055
039 95 00 10.4 1867,1705,1573
039 95 00 10.4 1461,1355,1245
039 95 00 10.4 1140,1037,930
039 95 00 10.4 809,674,546
039 95 01 10.4 434,359,289
039 95 00 10.4 218,121,45
039 95 00 10.4 169,705,1534
039 95 08 10.4 2308,2741,2887
039 95 05 9.4 2876,2676,2442
039 95 05 9.4 2253,2189,2196
039 95 05 9.4 2157,2039,1856
039 95 01 9.4 1660,1477,1328
039 95 00 9.4 1202,1095,991
039 95 00 9.4 888,772,646
039 95 00 9.4 507,363,218
039 95 00 9.4 84,0,0
039 95 00 9.4 0,0,0
039 95 00 9.4 0,0,0
039 95 02 9.4 442,1266,1826
039 95 07 8.6 2026,2013,2450
039 95 08 8.6 2194,1975,1904
039 95 00 8.6 1936,1943,1856
039 95 04 8.6 1689,1484,1282
039 95 00 8.6 1103,951,826
039 95 00 8.6 728,641,553
039 95 00 8.6 443,328,200
039 95 00 8.6 73,0,0
039 95 01 8.6 0,0,0
039 95 01 8.6 0,0,0
039 95 03 8.6 580,1362,1828
042 95 07 7.9 1937,2396,2170
042 95 08 7.9 1913,1739,1713
042 95 08 7.9 1750,1750,1675
042 95 03 7.9 1549,1393,1232
042 95 00 7.9 1080,959,855
042 95 01 7.9 764,676,588
042 95 00 7.9 491,374,252
042 95 00 7.9 141,48,0
042 95 00 7.9 0,0,0
042 95 00 7.9 181,1014,1939
042 95 03 9.7 2545,2776,2790
042 95 06 9.7 2952,2737,2534
042 95 03 9.7 2446,2460,2471
042 95 07 9.7 2409,2272,2097
042 95 01 9.7 1909,1733,1581
042 95 00 9.7 1461,1358,1274
042 95 00 9.7 1192,1104,1004
042 95 00 9.7 883,764,637
042 95 00 9.7 512,393,311
042 95 00 9.7 444,987,1803
042 95 08 9.7 2534,2902,2990
042 95 06 8.5 2620,2419,2132
042 95 08 8.5 1903,1844,1900
042 95 08 8.5 1935,1876,1732
042 95 01 8.5 1549,1352,1169
042 95 00 8.5 1011,880,785
042 95 00 8.5 698,609,506
042 95 00 8.5 400,301,198
042 95 00 8.5 82,0,0
042 95 00 8.5 0,413,1185
045 95 05 7.8 1893,2237,2274
045 95 07 7.8 2329,2118,1905
045 95 06 7.8 1777,1780,1843
045 95 06 7.8 1871,1812,1666
045 95 01 7.8 1466,1260,1077
045 95 00 7.8 945,862,810
045 95 01 7.8 761,687,609
045 95 01 7.8 527,437,320
045 95 00 7.8 188,90,192
045 95 01 7.8 662,1366,1973
045 95 08 6.8 2220,2178,1897
045 95 07 6.8 1627,1388,1275
045 95 03 6.8 1293,1333,1310
045 95 02 6.8 1202,1048,880
045 95 00 6.8 724,581,459
045 95 00 6.8 352,253,146
045 95 00 6.8 24,0,0
045 95 01 6.8 0,0,0
045 95 00 6.8 0,0,0
045 95 00 6.8 0,0,0
045 95 00 6.8 0,0,0
045 95 00 6.8 0,0,0
045 95 00 6.8 0,0,0
045 95 00 6.8 0,0,0
045 95 00 6.8 0,0,0
045 95 00 6.8 0,0,0
045 95 01 6.8 0,0,0
045 95 05 6.8 0,0,132
045 95 06 8.4 2677,2356,2103
045 95 06 8.4 2030,2144,2331
045 95 06 8.4 2459,2496,2453
045 95 06 8.4 2355,2227,2090
045 95 02 8.4 1972,1885,1831
045 95 00 8.4 1810,1803,1793
045 95 00 8.4 1756,1692,1656
045 95 01 8.4 1869,2464,3241
048 95 05 7.4 3834,4052,4021
048 95 05 7.4 2215,2011,1862
048 95 07 7.4 1850,1940,2030
048 95 08 7.4 2042,1982,1876
048 95 05 7.4 1738,1602,1480
048 95 00 7.4 1397,1334,1284
048 95 01 7.4 1219,1139,1041
048 95 00 7.4 933,833,742
048 95 01 7.4 671,606,544
048 95 01 7.4 471,395,312
048 95 01 7.4 227,144,70
048 95 00 7.4 0,0,0
048 95 00 7.4 0,0,0
048 95 00 7.4 0,0,0
048 95 01 7.4 0,0,0
048 95 00 7.4 0,0,227
048 95 07 7.4 1312,2267,2749
048 95 05 11.0 2905,2892,3534
048 95 06 11.0 3395,3331,3385
048 95 08 11.0 3474,3496,3431
048 95 06 11.0 3306,3171,3033
048 95 05 11.0 2914,2801,2701
048 95 00 11.0 2620,2565,2524
048 95 01 11.0 2475,2413,2371
048 95 00 11.0 2529,3030,3759
048 95 07 11.0 4418,4792,4934
048 95 04 8.3 4945,2465,2298
048 95 04 8.3 2152,2111,2125
048 95 06 8.3 2120,2058,1954
048 95 04 8.3 1815,1669,1530
048 95 00 8.3 1425,1349,1270
048 95 00 8.3 1174,1049,924
048 95 00 8.3 804,700,604
048 95 00 8.3 514,431,353
048 95 00 8.3 272,182,87
048 95 00 8.3 0,0,0
048 95 00 8.3 0,0,0
048 95 00 8.3 0,0,0
048 95 00 8.3 0,0,0
048 95 00 8.3 0,0,0
048 95 00 8.3 0,0,0
048 95 02 8.3 0,0,0

