100001!20191003_103135!1!0
2.87!2.23!2.23!2.35!2.34!2.24!
97!30!86!26!538
295.2 2.39 137 80

030 70 08 4.3 1134,1120,1041
030 70 03 4.3 918,782,662
030 70 01 4.3 594,555,551
030 70 00 4.3 553,559,537
030 70 00 4.3 566,830,1294
030 70 06 4.3 1765,1991,1994
030 70 06 4.4 1378,1294,1252
030 70 05 4.4 1262,1330,1431
030 70 05 4.4 1502,1503,1443
030 70 04 4.4 1361,1287,1225
030 70 02 4.4 1172,1127,1086
030 70 00 4.4 1042,1112,1447
030 70 05 4.4 1971,2449,2661
030 70 03 5.1 2676,1591,1565
030 70 06 5.1 1557,1564,1595
030 70 02 5.1 1661,1723,1728
030 70 07 5.1 1673,1579,1497
030 70 05 5.1 1432,1385,1336
030 70 02 5.1 1406,1727,2214
030 70 03 4.8 2638,2806,2802
030 70 04 4.8 1415,1381,1360
030 70 04 4.8 1357,1381,1434
030 70 05 4.8 1463,1438,1354
030 70 04 4.8 1252,1158,1084
030 70 01 4.8 1019,943,884
030 70 00 4.8 1032,1436,1951
086 97 04 4.9 2288,2369,1429
086 97 05 4.9 1367,1331,1315
086 97 05 4.9 1308,1315,1320
086 97 04 4.9 1278,1182,1043
086 97 01 4.9 904,784,701
086 97 01 4.9 641,586,508
086 97 00 4.9 412,458,763
086 97 03 4.9 1239,1619,1740
086 97 05 4.5 1289,1201,1141
086 97 05 4.5 1107,1105,1125
086 97 08 4.5 1148,1135,1063
086 97 04 4.5 952,825,708
086 97 00 4.5 605,521,441
086 97 00 4.5 353,288,421
086 97 02 4.5 769,1193,1435
086 97 06 4.0 1453,1077,983
086 97 05 4.0 916,873,860
086 97 06 4.0 870,862,800
086 97 01 4.0 684,549,409
086 97 00 4.0 288,185,94
086 97 00 4.0 6,0,0
086 97 00 4.0 0,0,38
086 97 01 4.0 490,827,926
084 97 05 4.2 1205,1127,1070
084 97 05 4.2 1035,1004,992
084 97 04 4.2 976,936,847
084 97 01 4.2 722,585,447
084 97 00 4.2 325,213,116
084 97 01 4.2 14,0,0
084 97 00 4.2 0,0,0
084 97 00 4.2 0,369,732
084 97 04 4.4 852,1271,1183
084 97 06 4.4 1113,1069,1040
084 97 06 4.4 1034,1028,995
084 97 02 4.4 903,769,627
084 97 00 4.4 505,400,303
084 97 00 4.4 212,127,41
084 97 01 4.4 0,0,0
084 97 00 4.4 0,0,14
084 97 03 4.4 523,910,1048
084 97 07 4.8 1414,1298,1189
084 97 07 4.8 1124,1116,1143
084 97 07 4.8 1171,1148,1064
084 97 02 4.8 930,774,624
084 97 00 4.8 492,382,280
084 97 01 4.8 182,88,0
084 97 00 4.8 0,0,0
084 97 00 4.8 0,335,850
081 97 06 4.8 1155,1209,1389
081 97 05 4.8 1243,1112,1042
081 97 04 4.8 1038,1090,1129
081 97 04 4.8 1114,1028,891
081 97 00 4.8 739,595,478
081 97 00 4.8 382,301,227
081 97 00 4.8 144,42,0
081 97 01 4.8 180,625,1149
081 97 05 5.0 1463,1523,1435
081 97 05 5.0 1282,1141,1071
081 97 07 5.0 1091,1168,1225
081 97 08 5.0 1200,1101,954
081 97 00 5.0 791,633,503
081 97 00 5.0 401,324,252
081 97 00 5.0 163,96,257
081 97 02 5.0 696,1278,1697
081 97 07 5.7 1851,1815,1611
081 97 05 5.7 1508,1451,1454
081 97 03 5.7 1506,1567,1576
081 97 04 5.7 1512,1387,1233
081 97 00 5.7 1085,956,858
081 97 00 5.7 786,728,660
081 97 00 5.7 572,599,906
081 97 03 5.7 1451,1994,2295
081 97 04 6.0 2359,1752,1689
081 97 06 6.0 1646,1649,1682
081 97 08 6.0 1745,1770,1733
081 97 06 6.0 1621,1479,1329
081 97 00 6.0 1197,1079,982
081 97 00 6.0 900,829,747
081 97 00 6.0 653,660,942
081 97 04 6.0 1460,1998,2304
081 97 06 5.9 2377,1697,1623
081 97 04 5.9 1569,1547,1572
081 97 05 5.9 1619,1647,1607
081 97 04 5.9 1507,1371,1234
081 97 00 5.9 1113,1017,929
081 97 01 5.9 852,764,665
081 97 00 5.9 560,606,928
081 97 03 5.9 1467,1951,2194
081 97 05 5.8 2214,1595,1510
081 97 05 5.8 1455,1447,1479
081 97 04 5.8 1521,1517,1446
081 97 04 5.8 1319,1165,1018
081 97 00 5.8 895,793,708
081 97 00 5.8 626,546,455
081 97 00 5.8 344,321,574
081 97 02 5.8 1096,1675,2030
079 97 05 6.3 2133,1802,1753
079 97 06 6.3 1715,1694,1694
079 97 08 6.3 1718,1727,1682
079 97 05 6.3 1576,1433,1285
079 97 00 6.3 1151,1034,934
079 97 00 6.3 839,751,657
079 97 00 6.3 559,438,326
079 97 00 6.3 433,853,1477
079 97 07 6.3 1981,2212,2238
079 97 05 6.7 1872,1833,1813
079 97 06 6.7 1806,1819,1838
079 97 07 6.7 1818,1737,1601
079 97 03 6.7 1452,1313,1195
079 97 00 6.7 1091,993,902
079 97 00 6.7 806,711,603
079 97 00 6.7 479,383,531
079 97 02 6.7 981,1600,2061
079 97 05 6.7 2251,2251,1813
079 97 06 6.7 1767,1742,1739
079 97 08 6.7 1750,1762,1730
079 97 05 6.7 1640,1499,1343
079 97 00 6.7 1197,1076,976
079 97 00 6.7 885,795,702
079 97 00 6.7 605,500,372
079 97 00 6.7 284,437,898
079 97 05 6.7 1512,1967,2139
078 97 06 6.7 2125,1776,1727
078 97 06 6.7 1704,1703,1721
078 97 06 6.7 1733,1694,1600
078 97 05 6.7 1462,1312,1173
078 97 01 6.7 1055,958,865
078 97 00 6.7 776,679,580
078 97 01 6.7 474,359,233
078 97 00 6.7 247,560,1133
078 97 06 6.7 1699,2003,2061
078 97 06 6.7 1808,1757,1728
078 97 05 6.7 1717,1727,1749
078 97 06 6.7 1736,1674,1558
078 97 04 6.7 1427,1297,1181
078 97 01 6.7 1073,973,870
078 97 00 6.7 759,638,517
078 97 00 6.7 385,234,134
078 97 00 6.7 281,705,1232
078 97 06 5.5 1576,1657,1452
078 97 04 5.5 1352,1274,1228
078 97 05 5.5 1209,1212,1208
078 97 04 5.5 1154,1050,907
078 97 00 5.5 759,620,491
078 97 00 5.5 380,287,215
078 97 02 5.5 134,34,0
078 97 00 5.5 38,410,951
076 97 04 5.8 1375,1539,1512
076 97 05 5.8 1494,1425,1374
076 97 04 5.8 1339,1329,1338
076 97 08 5.8 1317,1235,1103
076 97 00 5.8 940,786,647
076 97 00 5.8 527,423,323
076 97 01 5.8 223,112,128
076 97 00 5.8 415,928,1423
076 97 04 5.9 1667,1677,1501
076 97 06 5.9 1421,1365,1333
076 97 05 5.9 1320,1335,1326
076 97 07 5.9 1268,1146,995
076 97 00 5.9 837,700,591
076 97 00 5.9 503,413,316
076 97 01 5.9 362,679,1201
076 97 04 5.7 1657,1847,1816
076 97 06 5.7 1404,1309,1248
076 97 03 5.7 1209,1203,1205
076 97 08 5.7 1176,1085,933
076 97 00 5.7 767,611,487
076 97 00 5.7 368,258,262
076 97 00 5.7 522,980,1405
076 97 06 5.0 1580,1301,1178
076 97 04 5.0 1064,983,930
076 97 07 5.0 911,906,866
076 97 01 5.0 770,624,461
076 97 00 5.0 306,173,67
076 97 00 5.0 0,0,0
076 97 00 5.0 53,482,910
076 97 07 4.7 1087,1215,1087
076 97 06 4.7 976,904,863
076 97 04 4.7 855,855,824
076 97 01 4.7 734,600,448
076 97 00 4.7 301,174,70
076 97 01 4.7 0,0,0
076 97 00 4.7 0,0,134
076 97 04 4.7 577,845,868
076 97 06 4.3 1057,938,850
076 97 04 4.3 797,778,788
076 97 02 4.3 780,725,607
076 97 00 4.3 465,316,190
076 97 00 4.3 86,2,0
076 97 01 4.3 0,0,0
076 97 00 4.3 0,0,335
075 97 03 4.4 696,802,1155
075 97 06 4.4 1028,919,851
075 97 03 4.4 835,855,877
075 97 03 4.4 848,761,635
075 97 00 4.4 500,370,261
075 97 00 4.4 177,111,49
075 97 00 4.4 0,0,0
075 97 01 4.4 0,388,840
075 97 04 4.6 1079,1082,1164
075 97 04 4.6 1059,997,980
075 97 07 4.6 999,1034,1036
075 97 06 4.6 978,866,725
075 97 00 4.6 586,462,360
075 97 00 4.6 270,184,94
075 97 00 4.6 1,0,0
075 97 01 4.6 0,82,569
075 97 06 5.0 990,1152,1367
075 97 06 5.0 1254,1149,1087
075 97 08 5.0 1075,1105,1138
075 97 07 5.0 1124,1043,912
075 97 00 5.0 756,608,477
075 97 00 5.0 366,264,162
075 97 01 5.0 61,0,0
075 97 00 5.0 0,0,0
075 97 00 5.0 117,606,903
075 97 05 4.8 948,1251,1104
075 97 06 4.8 984,924,930
075 97 04 4.8 977,996,951
075 97 02 4.8 836,682,517
075 97 00 4.8 361,226,115
075 97 00 4.8 19,0,0
075 97 00 4.8 0,0,0
075 97 00 4.8 0,0,418
075 97 06 4.7 769,874,1293
075 97 05 4.7 1145,1003,927
075 97 04 4.7 939,1011,1059
075 97 06 4.7 1036,938,790
075 97 00 4.7 632,484,364
075 97 00 4.7 259,174,95
075 97 02 4.7 12,0,0
075 97 00 4.7 0,0,351
075 97 04 4.7 876,1207,1289
075 97 07 5.3 1477,1354,1255
075 97 03 5.3 1220,1242,1306
075 97 02 5.3 1345,1320,1216
075 97 04 5.3 1074,922,790
075 97 00 5.3 680,592,516
075 97 00 5.3 439,360,265
075 97 00 5.3 155,153,412
075 97 02 5.3 909,1416,1693
075 97 07 5.5 1731,1511,1393
075 97 07 5.5 1313,1297,1345
075 97 05 5.5 1408,1436,1383
075 97 07 5.5 1268,1113,963
075 97 00 5.5 839,738,659
075 97 00 5.5 582,508,422
075 97 00 5.5 316,259,433
075 97 03 5.5 869,1401,1747
075 97 07 5.4 1836,1496,1360
075 97 06 5.4 1242,1197,1223
075 97 03 5.4 1295,1331,1292
075 97 06 5.4 1178,1023,863
075 97 00 5.4 724,618,531
075 97 00 5.4 458,383,300
075 97 00 5.4 193,146,344
075 97 03 5.4 803,1348,1694
075 97 08 5.7 1772,1538,1392
075 97 07 5.7 1290,1268,1331
075 97 06 5.7 1424,1478,1441
075 97 05 5.7 1324,1162,1006
075 97 00 5.7 875,781,711
075 97 00 5.7 652,579,488
075 97 00 5.7 498,772,1282
075 97 06 5.7 1809,2099,2137
075 97 06 5.9 1572,1455,1382
075 97 06 5.9 1379,1435,1502
075 97 06 5.9 1512,1438,1299
075 97 03 5.9 1135,981,860
075 97 00 5.9 766,692,620
075 97 00 5.9 535,427,396
075 97 00 5.9 636,1150,1738
075 97 05 6.5 2107,2210,1781
075 97 07 6.5 1710,1661,1649
075 97 04 6.5 1664,1702,1708
075 97 06 6.5 1652,1525,1365
075 97 01 6.5 1203,1069,960
075 97 00 6.5 867,783,696
075 97 00 6.5 596,475,406
075 97 00 6.5 603,1086,1691
075 98 03 6.6 2092,2217,1765
075 98 06 6.6 1686,1630,1609
075 98 06 6.6 1619,1645,1646
075 98 05 6.6 1587,1463,1301
075 98 01 6.6 1135,990,869
075 98 00 6.6 763,661,559
075 98 00 6.6 455,344,214
075 98 00 6.6 79,128,501
075 98 03 6.6 1114,1662,1920
075 98 03 6.8 1931,1773,1677
075 98 05 6.8 1624,1620,1652
075 98 08 6.8 1680,1658,1560
075 98 04 6.8 1406,1228,1067
075 98 00 6.8 935,822,719
075 98 00 6.8 611,504,391
075 98 00 6.8 273,134,17
075 98 01 6.8 141,590,1229
075 98 07 6.9 1718,1907,1871
075 98 05 6.9 1740,1637,1587
075 98 06 6.9 1589,1633,1666
075 98 05 6.9 1633,1519,1349
075 98 00 6.9 1166,995,852
075 98 00 6.9 737,636,534
075 98 00 6.9 430,317,189
075 98 00 6.9 36,0,224
075 98 04 6.9 778,1414,1803
075 98 05 7.0 1894,1836,1695
075 98 07 7.0 1586,1541,1553
075 98 03 7.0 1595,1602,1529
075 98 05 7.0 1353,1127,921
075 98 00 7.0 781,657,508
075 98 00 7.0 313,64,0
075 98 00 7.0 0,0,0
075 98 00 7.0 0,0,709
075 98 06 7.0 1406,1838,2062
075 98 06 7.0 2159,2177,2180
075 98 05 7.0 2208,2274,2326
075 97 06 11.4 2308,3099,2925
075 97 07 11.4 2759,2638,2558
075 97 00 11.4 2470,2374,2231
075 97 00 11.4 2045,1820,1802
075 97 00 11.4 2132,2745,3293
078 97 08 6.9 3569,3612,1787
078 97 04 6.9 1728,1693,1662
078 97 06 6.9 1629,1576,1518
078 97 08 6.9 1444,1348,1230
078 97 00 6.9 1104,996,928
078 97 00 6.9 874,812,739
078 97 00 6.9 787,1141,0
078 97 00 6.9 0,0,0
078 97 00 6.9 0,0,0
078 97 00 6.9 0,0,0
078 97 00 6.9 0,0,0
078 97 00 6.9 0,0,0
078 97 00 6.9 0,0,0
078 97 00 6.9 0,0,0
078 97 00 6.9 0,0,0
078 97 06 5.6 0,0,2133
078 97 06 5.6 2082,1982,1890
078 97 01 5.6 1794,1683,1492
078 97 00 5.6 1210,895,592
078 97 00 5.6 386,269,203
078 97 00 5.6 97,0,0
078 97 00 5.6 0,0,0
078 97 01 5.6 439,868,989
078 97 06 3.9 1446,1407,1414
078 97 02 3.9 1447,1420,1382
078 97 05 3.9 1408,1521,1630
078 97 04 3.9 1592,1384,1078
078 97 01 3.9 741,477,270
078 97 01 3.9 114,0,0
078 97 01 3.9 0,0,0
078 97 00 3.9 149,999,1574
077 97 04 6.0 1689,2245,2089
077 97 05 6.0 1909,1690,1435
077 97 00 6.0 1217,1060,916
077 97 00 6.0 761,628,528
077 97 00 6.0 508,514,519
077 97 00 6.0 470,422,383
077 97 00 6.0 332,238,105
077 97 00 6.0 0,0,76
077 97 02 6.0 535,942,988
077 97 07 3.0 904,604,365
077 97 00 3.0 196,60,0
077 97 01 3.0 0,0,0
077 97 00 3.0 0,0,0
077 97 01 3.0 0,0,0
077 97 00 3.0 0,0,0
077 97 00 3.0 0,0,0
077 97 00 3.0 0,0,0
077 97 03 3.0 0,0,0
077 97 06 3.5 1387,1326,1295
077 97 07 3.5 1256,1212,1190
077 97 03 3.5 1188,1152,1061
077 97 00 3.5 919,774,650
077 97 00 3.5 547,450,349
077 97 01 3.5 240,123,0
077 97 00 3.5 0,0,0
077 97 01 3.5 0,0,0
077 97 03 3.5 604,1126,1322
075 97 07 4.5 1316,1854,1867
075 97 06 4.5 1877,1846,1814
075 97 06 4.5 1802,1794,1729
075 97 06 4.5 1614,1457,1307
075 97 00 4.5 1178,1064,960
075 97 00 4.5 848,731,591
075 97 00 4.5 438,288,136
075 97 00 4.5 0,0,0
075 97 00 4.5 0,495,1214
075 97 04 5.0 1683,1820,1810
075 97 05 5.0 2104,2132,2142
075 97 05 5.0 2109,2083,2068
075 97 05 5.0 2039,1953,1809
075 97 02 5.0 1640,1466,1322
075 97 00 5.0 1189,1066,933
075 97 00 5.0 787,628,456
075 97 00 5.0 277,103,0
075 97 00 5.0 0,0,0
075 97 00 5.0 0,667,1439
075 97 05 5.7 1861,1956,2394
075 97 06 5.7 2376,2380,2381
075 97 06 5.7 2363,2362,2357
075 97 06 5.7 2308,2183,2001
075 97 01 5.7 1801,1610,1449
075 97 00 5.7 1300,1162,1013
075 97 00 5.7 844,661,458
075 97 00 5.7 252,52,0
075 97 00 5.7 0,0,0
075 97 00 5.7 47,890,1616
073 97 06 5.9 1969,2006,2504
073 97 04 5.9 2434,2400,2380
073 97 03 5.9 2382,2401,2394
073 97 06 5.9 2309,2141,1920
073 97 00 5.9 1691,1480,1298
073 97 00 5.9 1142,991,835
073 97 00 5.9 654,467,264
073 97 01 5.9 68,0,0
073 97 00 5.9 0,0,69
073 97 03 5.9 924,1673,2036
073 97 05 6.0 2081,2548,2459
073 97 08 6.0 2411,2402,2423
073 97 04 6.0 2459,2452,2362
073 97 04 6.0 2171,1929,1669
073 97 00 6.0 1440,1238,1063
073 97 00 6.0 891,717,527
073 97 00 6.0 323,117,0
073 97 00 6.0 0,0,0
073 97 00 6.0 72,950,1748
073 97 07 6.2 2156,2224,2660
073 97 06 6.2 2540,2461,2449
073 97 05 6.2 2485,2550,2576
073 97 07 6.2 2510,2346,2121
073 97 01 6.2 1875,1662,1494
073 97 00 6.2 1369,1250,1119
073 97 00 6.2 981,834,671
073 97 00 6.2 476,455,868
073 97 03 6.2 1675,2519,3007
072 97 07 6.1 3129,2626,2510
072 97 06 6.1 2429,2410,2451
072 97 05 6.1 2525,2565,2494
072 97 07 6.1 2321,2080,1848
072 97 00 6.1 1640,1481,1347
072 97 00 6.1 1232,1109,973
072 97 00 6.1 815,628,563
072 97 00 6.1 915,1700,2613
072 97 04 6.1 3224,3447,3454
072 97 06 6.7 2867,2853,2849
072 97 06 6.7 2856,2882,2900
072 97 06 6.7 2856,2716,2511
072 97 04 6.7 2282,2077,1909
072 97 00 6.7 1770,1630,1482
072 97 00 6.7 1329,1166,980
072 97 00 6.7 869,1143,1876
072 97 05 6.7 2819,3515,3812
072 97 07 6.7 3863,3871,3886
072 97 05 7.1 3893,2999,2989
072 97 04 7.1 2986,2940,2807
072 97 04 7.1 2599,2362,2140
072 97 00 7.1 1947,1788,1642
072 97 00 7.1 1506,1352,1191
072 97 01 7.1 1009,800,707
072 97 00 7.1 1030,1808,2746
072 97 05 7.1 3392,3647,3680
073 97 03 7.1 2981,2981,2965
073 97 04 7.1 2917,2900,2878
073 97 04 7.1 2815,2659,2441
073 97 02 7.1 2190,1960,1756
073 97 00 7.1 1582,1413,1246
073 97 01 7.1 1068,887,693
073 97 00 7.1 478,302,474
073 97 00 7.1 1136,2095,2865
073 97 04 7.1 3218,3274,2945
073 97 04 7.1 2920,2893,2859
073 97 05 7.1 2859,2881,2864
073 97 05 7.1 2745,2544,2311
073 97 01 7.1 2092,1908,1754
073 97 01 7.1 1613,1471,1327
073 97 00 7.1 1175,1006,801
073 97 00 7.1 597,666,1223
073 97 03 7.1 2150,2990,3419
073 97 04 7.1 3501,2880,2829
073 97 05 7.1 2791,2767,2761
073 97 07 7.1 2768,2724,2587
073 97 06 7.1 2367,2115,1884
073 97 00 7.1 1694,1539,1399
073 97 00 7.1 1259,1101,914
073 97 00 7.1 704,490,277
073 97 00 7.1 109,278,934
073 97 04 7.1 1937,2804,3281
073 97 08 7.1 3447,3515,3577
070 97 06 8.5 3605,3479,3443
070 97 05 8.5 3420,3369,3250
070 97 07 8.5 3053,2808,2549
070 97 00 8.5 2315,2110,1931
070 97 00 8.5 1758,1564,1352
070 97 00 8.5 1118,865,599
070 97 00 8.5 340,330,802
070 97 01 8.5 1704,2612,3130
070 97 06 7.2 3235,2864,2746
070 97 06 7.2 2643,2546,2482
070 97 05 7.2 2458,2440,2354
070 97 05 7.2 2196,1978,1764
070 97 00 7.2 1542,1328,1122
070 97 00 7.2 955,824,661
070 97 00 7.2 461,352,644
070 97 03 7.2 1375,2260,2871
070 97 08 6.8 3103,3090,2661
070 97 05 6.8 2572,2502,2447
070 97 04 6.8 2417,2380,2277
070 97 04 6.8 2095,1834,1542
070 97 01 6.8 1254,1012,814
070 97 00 6.8 642,467,473
070 97 01 6.8 895,1704,2523
072 97 05 6.6 2987,3079,2578
072 97 05 6.6 2483,2389,2287
072 97 06 6.6 2183,2111,2036
072 97 05 6.6 1896,1668,1374
072 97 00 6.6 1084,836,632
072 97 00 6.6 428,268,434
072 97 00 6.6 1021,1822,2392
072 97 06 5.8 2571,2237,2106
072 97 05 5.8 1976,1851,1726
072 97 04 5.8 1636,1543,1402
072 97 00 5.8 1186,905,599
072 97 00 5.8 297,54,0
072 97 00 5.8 0,0,0
072 97 01 5.8 0,0,454
072 97 03 4.4 908,999,1668
072 97 06 4.4 1503,1357,1241
072 97 00 4.4 1132,1054,989
072 97 01 4.4 884,718,489
072 97 00 4.4 244,1,0
072 97 00 4.4 0,0,0
072 97 01 4.4 0,0,0
072 97 01 4.4 0,486,620
070 97 05 3.7 1393,1203,1047
070 97 01 3.7 929,844,801
070 97 00 3.7 783,727,601
070 97 00 3.7 418,226,40
070 97 00 3.7 0,0,0
070 97 01 3.7 0,0,0
070 97 02 3.7 0,5,552
070 97 04 3.6 802,751,1322
070 97 04 3.6 1197,1112,1049
070 97 02 3.6 1022,1032,1030
070 97 02 3.6 976,858,705
070 97 00 3.6 530,363,196
070 97 00 3.6 51,0,0
070 97 00 3.6 0,0,0
070 97 01 3.6 52,611,1066
070 97 05 3.6 1167,1406,1239
070 97 04 3.6 1104,999,927
070 97 01 3.6 876,852,816
070 97 00 3.6 760,667,531
070 97 00 3.6 369,193,10
070 97 00 3.6 0,0,0
070 97 01 3.6 0,0,0
070 97 01 3.6 0,0,388
070 97 03 3.9 793,876,1582
070 97 03 3.9 1456,1356,1271
070 97 04 3.9 1174,1073,985
070 97 00 3.9 908,811,672
070 97 00 3.9 505,335,177
070 97 00 3.9 38,0,0
070 97 00 3.9 0,0,0
070 97 00 3.9 0,0,0
070 97 00 3.9 0,381,638
070 97 04 3.6 607,1406,1270
070 97 05 3.6 1166,1106,1094
070 97 02 3.6 1125,1137,1091
070 97 01 3.6 976,819,650
070 97 00 3.6 482,348,229
070 97 00 3.6 123,14,0
070 97 00 3.6 0,0,0
070 97 01 3.6 0,0,635

