177628!20191009_092121!1!0
2.45!2.39!2.39!2.41!2.4!2.45!
99!58!60!0!601
448.8 2.4 37 44

059 99 00 1.1 20,45,106
059 99 07 1.1 192,266,313
059 99 08 1.2 338,345,315
059 99 08 1.2 297,282,273
059 99 06 1.2 266,255,246
059 99 03 1.2 232,220,201
059 99 00 1.2 184,162,149
059 99 00 1.2 134,125,109
059 99 00 1.2 97,80,62
059 99 00 1.2 46,29,15
059 99 00 1.2 2,8,48
059 99 04 1.2 121,212,285
059 99 08 1.2 336,362,375
059 99 08 1.3 376,368,353
059 99 05 1.3 337,321,312
059 99 03 1.3 304,290,273
059 99 01 1.3 257,241,228
059 99 00 1.3 211,196,181
059 99 00 1.3 161,145,125
059 99 00 1.3 116,102,90
059 99 00 1.3 76,61,57
059 99 00 1.3 82,149,242
059 99 07 1.3 321,370,398
059 99 08 1.3 413,419,355
059 99 06 1.3 339,324,314
059 99 04 1.3 308,297,284
059 99 02 1.3 263,251,232
059 99 01 1.3 217,195,182
059 99 00 1.3 169,157,137
059 99 00 1.3 120,103,89
059 99 00 1.3 77,62,47
059 99 00 1.3 35,47,104
059 99 04 1.3 189,272,329
059 99 08 1.2 360,375,373
059 99 06 1.2 327,309,293
059 99 04 1.2 284,278,270
059 99 03 1.2 259,241,229
059 99 01 1.2 212,199,180
059 99 00 1.2 162,145,128
059 99 00 1.2 111,96,82
059 99 00 1.2 66,49,34
059 99 00 1.2 17,10,28
059 99 02 1.2 93,179,256
059 99 08 1.1 299,323,331
059 99 07 1.1 319,302,285
059 99 04 1.1 275,269,266
059 99 03 1.1 259,245,227
059 99 01 1.1 206,186,174
059 99 00 1.1 161,154,138
059 99 00 1.1 123,102,82
059 99 00 1.1 66,54,45
059 99 00 1.1 38,58,116
059 99 04 1.1 199,277,323
059 99 08 1.1 347,353,313
059 99 08 1.1 301,285,270
059 99 05 1.1 262,257,248
059 99 03 1.1 232,213,195
059 99 00 1.1 179,160,143
059 99 00 1.1 125,113,100
059 99 00 1.1 86,73,57
059 99 00 1.1 42,24,9
059 99 00 1.1 15,61,145
059 99 07 1.1 229,289,323
059 99 08 1.3 346,356,355
059 99 08 1.3 333,317,302
059 99 05 1.3 293,277,262
059 99 02 1.3 245,233,214
059 99 00 1.3 196,177,165
059 99 00 1.3 150,136,120
059 99 00 1.3 106,93,76
059 99 00 1.3 61,45,35
059 99 00 1.3 55,111,199
059 99 08 1.3 278,332,357
059 99 08 1.2 371,372,330
059 99 08 1.2 315,297,284
059 99 05 1.2 272,262,249
059 99 02 1.2 231,215,199
059 99 00 1.2 181,162,143
059 99 00 1.2 130,117,103
059 99 00 1.2 83,65,48
059 99 00 1.2 31,16,3
059 99 00 1.2 5,46,121
059 99 07 1.2 204,268,305
059 99 08 1.1 323,322,315
059 99 08 1.1 297,283,266
059 99 04 1.1 258,247,232
059 99 01 1.1 218,200,188
059 99 00 1.1 169,154,134
059 99 00 1.1 117,98,82
059 99 00 1.1 69,57,45
059 99 00 1.1 31,16,1
059 99 00 1.1 2,42,116
059 99 07 1.1 197,252,279
059 99 08 1.0 284,284,271
059 99 07 1.0 255,238,224
059 99 03 1.0 215,203,194
059 99 00 1.0 177,159,138
059 99 00 1.0 123,110,93
059 99 00 1.0 80,64,50
059 99 00 1.0 30,10,0
059 99 00 1.0 0,0,0
059 99 00 1.0 0,21,107
059 99 07 1.0 188,242,269
059 99 08 1.2 279,279,319
059 99 08 1.2 305,287,275
059 99 04 1.2 263,254,241
059 99 01 1.2 222,204,192
059 99 00 1.2 176,159,137
059 99 00 1.2 121,108,92
059 99 00 1.2 78,59,39
059 99 00 1.2 19,1,0
059 99 00 1.2 0,31,106
059 99 07 1.2 191,257,297
059 99 08 1.2 320,326,327
059 99 08 1.2 310,295,285
059 99 05 1.2 274,262,253
059 99 02 1.2 235,220,200
059 99 00 1.2 185,167,153
059 99 00 1.2 140,123,106
059 99 00 1.2 85,66,43
059 99 00 1.2 29,17,4
059 99 00 1.2 0,0,34
059 99 04 1.2 108,196,258
059 99 08 1.2 294,311,316
059 99 08 1.2 321,305,284
059 99 05 1.2 269,252,244
059 99 02 1.2 232,218,196
059 99 00 1.2 180,169,158
059 99 00 1.2 139,118,98
059 99 00 1.2 80,62,49
059 99 00 1.2 34,19,4
059 99 00 1.2 0,0,0
059 99 01 1.2 41,123,202
059 99 08 1.2 252,277,288
059 99 08 1.1 287,297,276
059 99 06 1.1 261,248,241
059 99 03 1.1 232,218,206
059 99 00 1.1 188,175,159
059 99 00 1.1 145,129,114
059 99 00 1.1 102,88,74
059 99 00 1.1 56,40,21
059 99 00 1.1 9,3,27
059 99 02 1.1 88,168,239
060 99 08 1.0 277,294,295
060 99 08 1.0 287,272,254
060 99 05 1.0 237,231,225
060 99 03 1.0 216,200,181
060 99 00 1.0 166,147,128
060 99 00 1.0 110,97,83
060 99 00 1.0 70,56,41
060 99 00 1.0 24,9,0
060 99 00 1.0 0,0,12
060 99 03 1.0 83,171,239
060 99 08 1.0 281,305,314
060 99 08 1.2 313,327,312
060 99 07 1.2 297,287,277
060 99 03 1.2 267,255,240
060 99 00 1.2 225,207,193
060 99 00 1.2 181,168,147
060 99 00 1.2 126,109,97
060 99 00 1.2 83,67,54
060 99 00 1.2 41,32,44
060 99 01 1.2 98,184,264
060 99 08 1.2 318,349,366
060 99 08 1.2 373,331,315
060 99 07 1.2 296,285,274
060 99 04 1.2 264,254,243
060 99 01 1.2 230,210,189
060 99 00 1.2 171,158,148
060 99 00 1.2 135,118,98
060 99 00 1.2 83,67,56
060 99 00 1.2 43,27,13
060 99 00 1.2 26,82,168
060 99 07 1.2 242,293,318
060 99 08 1.1 331,329,304
060 99 07 1.1 287,271,258
060 99 04 1.1 249,238,224
060 99 01 1.1 207,192,179
060 99 00 1.1 161,145,132
060 99 00 1.1 125,110,91
060 99 00 1.1 70,54,42
060 99 00 1.1 28,14,0
060 99 00 1.1 0,30,101
060 99 06 1.1 180,239,269
060 99 08 1.0 282,282,281
060 99 07 1.0 266,247,237
060 99 04 1.0 229,223,211
060 99 01 1.0 199,182,168
060 99 00 1.0 148,135,115
060 99 00 1.0 100,82,68
060 99 00 1.0 55,40,29
060 99 00 1.0 16,3,0
060 99 00 1.0 0,35,110
060 99 07 1.0 194,250,281
060 99 08 1.1 294,298,307
060 99 08 1.1 296,282,267
060 99 05 1.1 256,246,234
060 99 01 1.1 220,204,188
060 99 00 1.1 172,156,146
060 99 00 1.1 130,113,94
060 99 00 1.1 81,68,55
060 99 00 1.1 37,23,9
060 99 00 1.1 5,26,88
060 99 06 1.1 173,247,294
060 99 08 1.2 318,333,335
060 99 08 1.2 322,306,286
060 99 05 1.2 277,265,256
060 99 03 1.2 243,229,214
060 99 00 1.2 196,180,165
060 99 00 1.2 153,137,120
060 99 00 1.2 102,88,76
060 99 00 1.2 62,48,31
060 99 00 1.2 16,0,8
060 99 01 1.2 54,138,216
060 99 08 1.2 269,296,309
060 99 08 1.1 313,305,290
060 99 06 1.1 274,262,255
060 99 03 1.1 245,232,212
060 99 00 1.1 196,180,167
060 99 00 1.1 151,137,117
060 99 00 1.1 100,83,68
060 99 00 1.1 52,38,25
060 99 00 1.1 13,0,0
060 99 00 1.1 0,10,80
060 99 06 1.1 162,223,252
060 99 08 1.0 266,271,283
060 99 07 1.0 264,245,234
060 99 03 1.0 224,214,199
060 99 01 1.0 188,176,157
060 99 00 1.0 138,118,104
060 99 00 1.0 88,72,58
060 99 00 1.0 49,38,21
060 99 00 1.0 2,0,0
060 99 00 1.0 0,0,24
060 99 05 1.0 101,167,212
059 99 08 1.0 236,245,279
059 99 08 1.0 267,249,233
059 99 04 1.0 225,212,202
059 99 01 1.0 180,166,149
059 99 00 1.0 136,118,103
059 99 00 1.0 87,74,60
059 99 00 1.0 45,29,11
059 99 00 1.0 0,0,0
059 99 00 1.0 0,0,0
059 99 01 1.0 0,75,157
059 99 08 1.0 211,239,248
059 99 08 1.1 250,302,291
059 99 07 1.1 279,264,252
059 99 03 1.1 236,223,206
059 99 00 1.1 192,173,160
059 99 00 1.1 144,132,115
059 99 00 1.1 100,85,71
059 99 00 1.1 55,42,28
059 99 00 1.1 12,0,0
059 99 00 1.1 0,25,96
059 99 07 1.1 177,236,270
059 99 08 1.1 287,293,304
059 99 08 1.1 289,272,257
059 99 04 1.1 244,235,224
059 99 02 1.1 210,194,177
059 99 00 1.1 162,146,133
059 99 00 1.1 117,101,84
059 99 00 1.1 71,59,45
059 99 00 1.1 31,18,4
059 99 00 1.1 0,0,16
059 99 03 1.1 79,161,222
059 99 08 1.0 262,278,284
059 99 08 1.0 291,277,263
059 99 06 1.0 248,241,238
059 99 03 1.0 227,213,197
059 99 00 1.0 184,170,154
059 99 00 1.0 141,127,112
059 99 00 1.0 97,83,74
059 99 00 1.0 60,51,35
059 99 00 1.0 23,15,34
059 99 02 1.0 88,160,226
059 99 08 1.0 267,293,307
059 99 08 1.0 305,277,256
059 99 06 1.0 244,235,232
059 99 03 1.0 220,210,193
059 99 00 1.0 181,165,152
059 99 00 1.0 138,125,114
059 99 00 1.0 101,86,74
059 99 00 1.0 61,52,36
059 99 00 1.0 24,8,15
059 99 01 1.0 65,142,224
059 99 08 1.0 281,317,338
059 99 08 1.2 343,332,320
059 99 08 1.2 306,301,291
059 99 05 1.2 282,268,253
059 99 01 1.2 235,219,202
059 99 00 1.2 190,176,167
059 99 00 1.2 153,137,120
059 99 00 1.2 109,98,86
059 99 00 1.2 71,57,47
059 99 00 1.2 59,106,183
059 99 07 1.2 258,312,342
059 99 08 1.1 359,366,315
059 99 08 1.1 300,287,276
059 99 05 1.1 267,256,243
059 99 02 1.1 227,208,194
059 99 00 1.1 178,161,150
059 99 00 1.1 137,128,110
059 99 00 1.1 93,75,61
059 99 00 1.1 50,39,26
059 99 00 1.1 13,2,17
059 99 01 1.1 70,148,221
059 99 08 1.1 266,294,306
059 99 08 1.1 305,293,276
059 99 06 1.1 263,255,247
059 99 03 1.1 234,217,204
059 99 00 1.1 190,175,155
059 99 00 1.1 140,126,114
059 99 00 1.1 101,85,71
059 99 00 1.1 59,45,30
059 99 00 1.1 16,7,0
059 99 00 1.1 0,15,78
059 99 06 1.1 152,209,240
059 99 08 0.9 251,250,251
059 99 07 0.9 233,216,203
059 99 03 0.9 194,186,173
059 99 01 0.9 157,142,132
059 99 00 0.9 122,106,88
059 99 00 0.9 70,59,48
059 99 00 0.9 36,20,6
059 99 00 0.9 0,0,0
059 99 00 0.9 0,0,0
059 99 02 0.9 21,98,160
059 99 08 0.9 205,228,241
058 99 08 1.1 296,284,265
058 99 06 1.1 251,239,228
058 99 03 1.1 216,201,188
058 99 00 1.1 172,159,142
058 99 00 1.1 126,111,97
058 99 00 1.1 83,68,53
058 99 00 1.1 43,25,14
058 99 00 1.1 0,0,0
058 99 00 1.1 0,4,60
058 99 06 1.1 139,200,235
058 99 08 1.0 247,251,273
058 99 07 1.0 258,243,228
058 99 04 1.0 217,207,195
058 99 02 1.0 183,167,147
058 99 00 1.0 130,109,94
058 99 00 1.0 79,64,50
058 99 00 1.0 34,19,0
058 99 00 1.0 0,0,0
058 99 00 1.0 0,0,0
058 99 00 1.0 0,30,90
058 99 08 1.0 128,155,162
058 99 08 0.9 167,243,231
058 99 03 0.9 218,210,201
058 99 02 0.9 191,175,165
058 99 01 0.9 150,135,119
058 99 00 0.9 101,78,46
058 99 00 0.9 9,0,0
058 99 00 0.9 0,0,0
058 99 00 0.9 0,0,0
058 99 00 0.9 0,0,33
059 99 04 0.7 66,77,200
059 99 03 0.7 187,169,147
059 99 02 0.7 126,105,89
059 99 01 0.7 68,44,24
059 99 00 0.7 3,0,0
059 99 00 0.7 0,0,0
059 99 00 0.7 0,0,0
059 99 00 0.7 0,0,0
059 99 00 0.7 0,0,0
059 99 01 0.7 0,0,0
059 99 04 0.9 0,9,10
059 99 05 0.9 255,241,220
059 99 03 0.9 201,185,172
059 99 01 0.9 159,143,125
059 99 00 0.9 105,87,69
059 99 00 0.9 55,36,18
059 99 00 0.9 0,0,0
059 99 00 0.9 0,0,0
059 99 00 0.9 0,0,0
059 99 01 0.9 0,42,100
059 99 06 0.9 133,148,149
059 99 07 0.9 247,229,209
059 99 03 0.9 191,176,160
059 99 00 0.9 149,134,121
059 99 00 0.9 103,86,67
059 99 00 0.9 46,25,6
059 99 00 0.9 0,0,0
059 99 00 0.9 0,0,0
059 99 00 0.9 0,0,0
059 99 01 0.9 0,30,87
059 99 08 0.9 121,132,251
059 99 05 0.9 239,216,199
059 99 02 0.9 185,175,161
059 99 01 0.9 146,130,110
059 99 00 0.9 92,71,52
059 99 00 0.9 36,21,10
059 99 00 0.9 0,0,0
059 99 00 0.9 0,0,0
059 99 00 0.9 0,0,0
059 99 03 0.9 33,99,138
059 99 06 0.9 160,166,260
059 99 07 0.9 241,221,204
059 99 02 0.9 190,175,163
059 99 00 0.9 147,132,113
059 99 00 0.9 96,76,57
059 99 00 0.9 42,28,12
059 99 00 0.9 0,0,0
059 99 00 0.9 0,0,0
059 99 00 0.9 0,0,0
059 99 05 0.9 57,123,167
059 99 08 1.0 189,195,289
059 99 07 1.0 274,258,239
059 99 03 1.0 222,209,201
059 99 01 1.0 188,168,149
059 99 00 1.0 130,113,94
059 99 00 1.0 76,62,45
059 99 00 1.0 28,10,0
059 99 00 1.0 0,0,0
059 99 00 1.0 0,0,0
059 99 03 1.0 53,132,183
059 99 08 1.0 214,228,232
059 99 08 1.0 286,270,254
059 99 05 1.0 242,230,216
059 99 01 1.0 202,186,169
059 99 00 1.0 151,133,121
059 99 00 1.0 103,88,70
059 99 00 1.0 61,46,30
059 99 00 1.0 9,0,0
059 99 00 1.0 0,0,0
059 99 00 1.0 0,54,132
059 99 08 1.0 191,222,235
059 99 08 1.0 236,283,267
059 99 06 1.0 251,237,226
059 99 03 1.0 218,207,197
059 99 00 1.0 182,165,151
059 99 00 1.0 137,125,110
059 99 00 1.0 96,81,66
059 99 00 1.0 50,35,22
059 99 00 1.0 13,0,0
059 99 00 1.0 0,31,94
059 99 07 1.0 166,217,239
059 99 08 0.9 245,245,230
059 99 06 0.9 215,204,197
059 99 03 0.9 188,179,163
059 99 01 0.9 147,134,119
059 99 00 0.9 106,93,81
059 99 00 0.9 68,53,40
059 99 00 0.9 27,12,0
059 99 00 0.9 0,0,0
059 99 00 0.9 0,0,59
059 99 07 0.9 148,218,261
059 99 08 1.1 284,291,330
059 99 08 1.1 320,309,297
059 99 06 1.1 287,277,266
059 99 03 1.1 256,242,233
059 99 01 1.1 218,203,183
059 99 00 1.1 168,157,145
059 99 00 1.1 133,117,105
059 99 00 1.1 93,81,68
059 99 00 1.1 53,52,90
059 99 04 1.1 161,248,314
059 99 08 1.1 361,381,392
059 99 08 1.2 390,334,324
059 99 08 1.2 315,308,300
059 99 05 1.2 290,277,262
059 99 02 1.2 246,233,225
059 99 00 1.2 211,193,174
059 99 00 1.2 159,148,133
059 99 00 1.2 116,102,91
059 99 00 1.2 78,64,53
059 99 00 1.2 61,104,183
059 99 07 1.2 269,332,363
058 99 08 1.2 385,393,334
058 99 08 1.2 316,302,295
058 99 06 1.2 289,277,267
058 99 03 1.2 255,243,226
058 99 00 1.2 212,199,187
058 99 00 1.2 174,159,148
058 99 00 1.2 135,125,108
058 99 00 1.2 94,79,69
058 99 00 1.2 57,57,87
058 99 03 1.2 152,230,288
058 99 08 0.9 317,328,327
058 99 08 0.9 263,246,233
058 99 05 0.9 223,215,208
058 99 02 0.9 196,183,166
058 99 00 0.9 149,135,123
058 99 00 0.9 112,102,89
058 99 00 0.9 73,55,40
058 99 00 0.9 28,15,0
058 99 00 0.9 0,0,0
058 99 02 0.9 49,135,213
058 99 08 0.9 270,302,322
058 99 08 1.2 327,343,332
058 99 08 1.2 320,312,303
058 99 05 1.2 295,281,267
058 99 02 1.2 254,242,224
058 99 00 1.2 205,187,174
058 99 00 1.2 161,152,139
058 99 00 1.2 124,110,99
058 99 00 1.2 87,72,62
058 99 00 1.2 70,120,200
058 99 07 1.2 284,342,380
058 99 08 1.2 404,412,348
058 99 08 1.2 334,317,305
058 99 06 1.2 293,282,267
058 99 02 1.2 253,243,226
058 99 00 1.2 216,202,193
058 99 00 1.2 175,160,145
058 99 00 1.2 130,117,101
058 99 00 1.2 84,69,54
058 99 00 1.2 40,33,61
058 99 03 1.2 129,214,285
058 99 08 1.2 331,352,362
058 99 08 1.1 323,310,291
058 99 06 1.1 278,267,260
058 99 03 1.1 252,241,228
058 99 01 1.1 212,199,182
058 99 00 1.1 167,150,135
058 99 00 1.1 122,112,100
058 99 00 1.1 82,65,53
058 99 00 1.1 44,31,29
058 99 00 1.1 62,128,204
058 99 08 1.1 260,295,309
058 99 08 1.0 309,268,249
058 99 06 1.0 233,226,223
058 99 03 1.0 214,200,183
058 99 00 1.0 171,159,141
058 99 00 1.0 127,113,103
058 99 00 1.0 88,72,58
058 99 00 1.0 45,32,18
058 99 00 1.0 3,0,13
058 99 02 1.0 64,143,221
058 99 08 1.0 278,313,328
059 99 08 1.2 331,328,314
059 99 07 1.2 301,291,277
059 99 04 1.2 265,253,240
059 99 01 1.2 225,208,193
059 99 00 1.2 177,160,145
059 99 00 1.2 130,117,106
059 99 00 1.2 93,76,59
059 99 00 1.2 44,33,41
059 99 01 1.2 90,173,260
059 99 08 1.2 328,367,393
059 99 08 1.3 399,364,350
059 99 05 1.3 332,318,310
059 99 04 1.3 304,292,275
059 99 02 1.3 251,231,215
059 99 00 1.3 202,188,175
059 99 00 1.3 161,146,125
059 99 00 1.3 108,95,88
059 99 00 1.3 75,60,46
059 99 00 1.3 56,105,188
059 99 06 1.3 274,338,372
059 99 08 1.2 389,391,337
059 99 06 1.2 321,305,296
059 99 04 1.2 287,278,264
059 99 02 1.2 250,233,213
059 99 01 1.2 193,178,164
059 99 00 1.2 150,135,117
059 99 00 1.2 102,85,70
059 99 00 1.2 55,37,25
059 99 00 1.2 12,12,41
059 99 02 1.2 105,189,257
059 99 08 1.1 299,317,321
059 99 08 1.1 307,293,276
059 99 06 1.1 264,259,250
059 99 03 1.1 240,222,209
059 99 00 1.1 190,174,156
059 99 00 1.1 144,127,111
059 99 00 1.1 95,83,70
059 99 00 1.1 56,43,29
059 99 00 1.1 13,0,5
059 99 01 1.1 51,124,200
059 99 08 1.1 253,282,294
058 99 08 1.0 290,284,266
058 99 06 1.0 251,239,230
058 99 03 1.0 216,200,183
058 99 00 1.0 165,148,133
058 99 00 1.0 120,106,91
058 99 00 1.0 78,59,42
058 99 00 1.0 26,14,0
058 99 00 1.0 0,0,0
058 99 00 1.0 0,0,49
058 99 06 1.0 137,203,244
058 99 08 1.1 266,275,274
058 99 08 1.1 316,302,290
058 99 05 1.1 276,264,248
058 99 01 1.1 231,212,193
058 99 00 1.1 176,158,147
058 99 00 1.1 135,119,99
058 99 00 1.1 80,68,59
058 99 00 1.1 45,27,9
058 99 00 1.1 0,0,0
058 99 00 1.1 11,86,166
058 99 08 1.1 227,261,278
058 99 08 1.1 284,300,284
058 99 06 1.1 263,247,235
058 99 03 1.1 221,208,192
058 99 00 1.1 178,164,147
058 99 00 1.1 135,121,109
058 99 00 1.1 91,74,58

