177628!20190913_110007!0!0
2.52!2.51!2.49!2.39!2.41!2.43!
99!55!61!0!601
387.0 2.36 68 53

057 99 00 8.4 0,0,0
057 99 00 8.4 0,0,0
057 99 00 8.4 0,0,0
057 99 06 8.4 0,0,0
057 99 08 8.4 0,0,0
057 99 08 8.4 0,0,0
057 99 07 8.4 0,0,0
057 99 04 8.4 0,0,0
057 99 01 8.4 0,0,0
057 99 00 8.4 0,0,0
057 99 00 8.4 0,0,0
057 99 00 8.4 0,0,0
057 99 00 8.4 0,0,0
057 99 00 8.4 0,0,0
057 99 07 8.4 0,0,0
057 99 01 1.7 0,0,478
057 99 06 1.7 466,462,459
057 99 06 1.7 459,458,459
057 99 05 1.7 462,463,464
057 99 04 1.7 459,469,501
057 99 05 1.7 551,592,603
061 99 06 0.5 133,114,95
061 99 04 0.5 79,57,37
061 99 01 0.5 16,21,62
061 99 03 0.5 137,217,278
061 99 08 0.5 321,346,358
061 99 08 1.2 341,332,316
061 99 06 1.2 304,295,287
061 99 04 1.2 276,262,249
061 99 02 1.2 235,224,213
061 99 01 1.2 203,190,179
061 99 00 1.2 169,160,152
061 99 00 1.2 144,140,131
061 99 00 1.2 126,119,132
061 99 01 1.2 179,260,352
061 99 07 1.2 422,468,496
061 99 08 1.4 512,516,393
061 99 07 1.4 379,369,362
061 99 05 1.4 359,353,345
061 99 04 1.4 337,326,314
061 99 02 1.4 299,287,275
061 99 01 1.4 263,251,240
061 99 00 1.4 226,215,203
061 99 00 1.4 193,180,172
061 99 00 1.4 163,175,215
061 99 02 1.4 295,380,447
061 99 08 1.4 487,508,514
061 99 08 1.3 347,338,327
061 99 06 1.3 316,304,291
061 99 03 1.3 279,267,256
061 99 02 1.3 243,228,214
061 99 01 1.3 195,178,160
061 99 00 1.3 144,134,124
061 99 00 1.3 111,95,81
061 99 00 1.3 72,63,53
061 99 00 1.3 49,73,137
061 99 03 1.3 225,298,345
061 99 08 1.2 367,378,377
061 99 07 1.2 321,309,297
061 99 04 1.2 284,274,265
061 99 03 1.2 255,244,231
061 99 02 1.2 219,209,199
061 99 01 1.2 184,166,146
061 99 00 1.2 132,122,111
061 99 00 1.2 98,87,76
061 99 00 1.2 65,57,71
061 99 00 1.2 124,204,278
061 99 06 1.2 327,347,354
061 99 07 1.1 292,285,273
061 99 07 1.1 261,250,244
061 99 04 1.1 236,226,215
061 99 02 1.1 202,190,173
061 99 00 1.1 161,150,141
061 99 00 1.1 132,118,106
061 99 00 1.1 87,72,56
061 99 00 1.1 45,36,25
061 99 00 1.1 37,83,166
061 99 06 1.1 248,308,340
061 99 08 1.3 360,369,339
061 99 08 1.3 328,311,302
061 99 06 1.3 292,283,276
061 99 04 1.3 269,262,249
061 99 02 1.3 237,219,208
061 99 00 1.3 194,184,171
061 99 00 1.3 157,147,136
061 99 00 1.3 124,110,96
061 99 00 1.3 84,73,83
061 99 00 1.3 132,213,294
061 99 08 1.3 347,377,391
061 99 08 1.2 400,322,310
061 99 08 1.2 291,276,266
061 99 05 1.2 259,250,240
061 99 02 1.2 225,211,197
061 99 00 1.2 184,175,166
061 99 00 1.2 153,139,124
061 99 00 1.2 113,98,83
061 99 00 1.2 70,58,49
061 99 00 1.2 37,34,61
061 99 01 1.2 129,214,283
061 99 08 1.2 323,342,350
061 99 08 1.2 318,307,290
061 99 07 1.2 277,268,263
061 99 04 1.2 252,243,232
061 99 02 1.2 223,211,198
061 99 00 1.2 184,169,155
061 99 00 1.2 144,132,119
061 99 00 1.2 104,90,79
061 99 00 1.2 68,58,44
061 99 00 1.2 50,89,161
061 99 05 1.2 238,290,319
061 99 08 1.1 329,335,287
061 99 08 1.1 274,254,240
061 99 05 1.1 231,225,213
061 99 02 1.1 199,184,170
061 99 00 1.1 160,148,133
061 99 00 1.1 117,104,92
061 99 00 1.1 77,64,50
061 99 00 1.1 38,27,16
061 99 00 1.1 5,0,6
061 99 00 1.1 54,130,208
061 99 08 1.1 265,293,306
061 99 08 1.2 305,307,295
061 99 08 1.2 282,270,260
061 99 05 1.2 251,238,223
061 99 01 1.2 207,192,179
061 99 00 1.2 165,150,135
061 99 00 1.2 121,109,99
061 99 00 1.2 86,70,54
061 99 00 1.2 40,26,15
061 99 00 1.2 5,0,15
061 99 00 1.2 69,149,223
061 99 08 1.2 268,292,298
061 99 08 1.1 300,294,281
061 99 07 1.1 261,248,238
061 99 04 1.1 229,215,200
061 99 01 1.1 186,169,156
061 99 00 1.1 139,122,106
061 99 00 1.1 90,76,59
061 99 00 1.1 47,33,18
061 99 00 1.1 1,0,0
061 99 00 1.1 0,0,0
061 99 00 1.1 7,85,164
061 99 07 1.1 213,239,251
060 99 08 1.1 251,296,279
060 99 07 1.1 267,251,242
060 99 03 1.1 228,216,204
060 99 01 1.1 192,176,161
060 99 00 1.1 150,136,121
060 99 00 1.1 105,95,79
060 99 00 1.1 67,56,41
060 99 00 1.1 24,3,0
060 99 00 1.1 0,0,15
060 99 01 1.1 80,156,209
060 99 08 1.0 239,247,268
060 99 08 1.0 263,251,234
060 99 06 1.0 220,211,203
060 99 03 1.0 193,179,165
060 99 01 1.0 148,135,120
060 99 00 1.0 106,92,81
060 99 00 1.0 72,58,45
060 99 00 1.0 26,11,0
060 99 00 1.0 0,0,0
060 99 00 1.0 0,0,3
060 99 02 1.0 83,161,215
060 99 08 1.0 242,254,256
060 99 08 1.2 314,298,285
060 99 07 1.2 275,268,256
060 99 03 1.2 246,233,220
060 99 01 1.2 205,192,179
060 99 00 1.2 165,152,138
060 99 00 1.2 123,110,93
060 99 00 1.2 77,65,54
060 99 00 1.2 42,26,12
060 99 00 1.2 2,13,62
060 99 02 1.2 139,216,264
060 99 08 1.2 290,303,307
060 99 08 1.1 298,283,269
060 99 07 1.1 259,249,235
060 99 03 1.1 222,207,196
060 99 01 1.1 183,170,156
060 99 00 1.1 143,129,118
060 99 00 1.1 104,90,69
060 99 00 1.1 56,42,33
060 99 00 1.1 20,7,0
060 99 00 1.1 0,0,20
060 99 01 1.1 93,173,232
060 99 08 1.1 266,277,282
060 99 08 1.1 300,291,272
060 99 07 1.1 256,247,244
060 99 04 1.1 236,227,213
060 99 01 1.1 198,181,165
060 99 00 1.1 156,143,130
060 99 00 1.1 114,94,81
060 99 00 1.1 68,61,46
060 99 00 1.1 31,18,10
060 99 00 1.1 9,30,90
060 99 03 1.1 167,236,271
060 99 08 1.1 291,298,291
060 99 08 1.1 281,264,247
060 99 05 1.1 234,225,215
060 99 02 1.1 204,193,178
060 99 00 1.1 165,149,141
060 99 00 1.1 128,112,95
060 99 00 1.1 77,68,54
060 99 00 1.1 42,24,14
060 99 00 1.1 2,0,0
060 99 00 1.1 0,0,28
060 99 02 1.1 110,184,234
060 99 08 1.1 258,272,275
059 99 08 1.1 304,291,277
059 99 07 1.1 265,254,242
059 99 03 1.1 230,220,205
059 99 01 1.1 190,173,157
059 99 00 1.1 145,129,114
059 99 00 1.1 98,88,73
059 99 00 1.1 61,47,34
059 99 00 1.1 21,1,0
059 99 00 1.1 0,0,0
059 99 00 1.1 64,144,209
059 99 08 1.1 248,263,268
059 99 08 1.1 291,277,261
059 99 06 1.1 244,237,225
059 99 03 1.1 219,205,192
059 99 01 1.1 175,158,136
059 99 00 1.1 119,103,90
059 99 00 1.1 77,64,55
059 99 00 1.1 43,27,10
059 99 00 1.1 0,0,0
059 99 00 1.1 0,0,0
059 99 01 1.1 67,146,200
059 99 08 1.1 229,238,240
059 99 08 1.0 275,262,248
059 99 06 1.0 234,225,211
059 99 03 1.0 197,183,166
059 99 00 1.0 152,138,126
059 99 00 1.0 113,99,83
059 99 00 1.0 68,55,40
059 99 00 1.0 27,11,0
059 99 00 1.0 0,0,0
059 99 00 1.0 0,3,68
059 99 05 1.0 147,206,242
059 99 08 1.1 255,257,290
059 99 08 1.1 281,265,250
059 99 05 1.1 237,227,216
059 99 03 1.1 205,194,178
059 99 00 1.1 160,144,132
059 99 00 1.1 120,106,94
059 99 00 1.1 80,68,53
059 99 00 1.1 44,31,17
059 99 00 1.1 4,0,0
059 99 00 1.1 3,54,129
059 99 06 1.1 202,250,276
059 99 08 1.1 289,291,297
059 99 08 1.1 283,268,256
059 99 05 1.1 245,234,221
059 99 02 1.1 210,195,182
059 99 00 1.1 166,157,145
059 99 00 1.1 133,120,108
059 99 00 1.1 99,85,70
059 99 00 1.1 52,42,28
059 99 00 1.1 19,6,3
059 99 00 1.1 33,98,177
059 99 07 1.1 240,277,297
059 99 08 1.1 302,294,281
059 99 08 1.1 266,249,240
059 99 04 1.1 226,216,202
059 99 01 1.1 189,179,167
059 99 00 1.1 158,144,131
059 99 00 1.1 116,104,91
059 99 00 1.1 77,65,52
059 99 00 1.1 46,32,24
059 99 00 1.1 10,16,51
059 99 01 1.1 118,190,242
059 99 08 1.1 271,281,283
055 99 08 1.0 265,254,235
055 99 06 1.0 219,207,197
055 99 02 1.0 188,178,168
055 99 01 1.0 154,141,130
055 99 00 1.0 116,100,86
055 99 00 1.0 75,64,51
055 99 00 1.0 37,28,16
055 99 00 1.0 11,1,0
055 99 00 1.0 19,76,156
055 99 07 1.0 225,265,283
055 99 08 1.1 293,295,296
055 99 08 1.1 280,264,250
055 99 05 1.1 239,227,213
055 99 02 1.1 204,193,181
055 99 00 1.1 164,149,140
055 99 00 1.1 130,120,103
055 99 00 1.1 89,74,65
055 99 00 1.1 56,47,37
055 99 00 1.1 25,15,20
055 99 00 1.1 64,137,216
055 99 08 1.1 270,303,317
055 99 08 1.1 322,306,293
055 99 08 1.1 280,267,263
055 99 05 1.1 252,238,221
055 99 01 1.1 205,197,179
055 99 00 1.1 166,152,143
055 99 00 1.1 131,119,110
055 99 00 1.1 98,82,64
055 99 00 1.1 54,44,33
055 99 00 1.1 17,5,5
055 99 00 1.1 35,99,178
055 99 07 1.1 237,271,283
055 99 08 1.1 294,292,284
055 99 08 1.1 268,255,242
055 99 05 1.1 231,218,203
055 99 02 1.1 190,175,162
055 99 00 1.1 145,132,122
055 99 00 1.1 108,97,81
055 99 00 1.1 69,54,42
055 99 00 1.1 31,21,9
055 99 00 1.1 0,0,0
055 99 00 1.1 32,98,171
055 99 07 1.1 222,249,255
055 99 08 1.0 271,263,249
055 99 07 1.0 235,221,214
055 99 03 1.0 200,190,177
055 99 01 1.0 166,150,136
055 99 00 1.0 120,104,89
055 99 00 1.0 75,65,54
055 99 00 1.0 47,32,18
055 99 00 1.0 3,0,0
055 99 00 1.0 0,0,11
055 99 01 1.0 80,153,200
055 99 08 1.0 229,239,246
055 99 08 1.0 275,261,242
055 99 06 1.0 233,225,217
055 99 03 1.0 208,197,185
055 99 01 1.0 169,153,135
055 99 00 1.0 120,107,98
055 99 00 1.0 86,72,55
055 99 00 1.0 41,29,21
055 99 00 1.0 11,0,0
055 99 00 1.0 0,11,66
055 99 03 1.0 140,205,237
055 99 08 1.0 251,257,267
055 99 08 1.0 258,244,235
055 99 05 1.0 224,214,201
055 99 02 1.0 190,178,163
055 99 00 1.0 149,134,125
055 99 00 1.0 113,104,90
055 99 00 1.0 74,63,48
055 99 00 1.0 38,21,9
055 99 00 1.0 0,0,0
055 99 00 1.0 0,21,93
055 99 05 1.0 168,211,232
055 99 08 1.0 237,238,259
055 99 08 1.0 247,235,222
055 99 05 1.0 214,201,192
055 99 02 1.0 180,169,152
055 99 00 1.0 137,125,115
055 99 00 1.0 102,89,76
055 99 00 1.0 63,47,36
055 99 00 1.0 28,20,8
055 99 00 1.0 0,0,0
055 99 00 1.0 29,99,164
055 99 07 1.0 207,225,233
055 99 08 0.9 232,246,232
055 99 06 0.9 216,206,197
055 99 03 0.9 189,177,166
055 99 01 0.9 153,138,124
055 99 00 0.9 109,99,85
055 99 00 0.9 75,61,54
055 99 00 0.9 43,31,16
055 99 00 0.9 3,0,0
055 99 00 0.9 0,15,82
055 99 05 0.9 161,210,238
055 99 08 1.0 246,250,270
055 99 08 1.0 260,247,234
055 99 05 1.0 225,216,207
055 99 03 1.0 197,185,174
055 99 01 1.0 158,143,128
055 99 00 1.0 117,105,96
055 99 00 1.0 81,69,53
055 99 00 1.0 41,32,22
055 99 00 1.0 13,0,8
055 99 00 1.0 50,120,188
055 99 07 1.0 235,261,276
055 99 08 1.0 280,277,268
055 99 08 1.0 257,243,230
055 99 04 1.0 217,207,197
055 99 02 1.0 188,179,166
055 99 00 1.0 149,134,122
055 99 00 1.0 112,100,88
055 99 00 1.0 77,62,46
055 99 00 1.0 32,20,14
055 99 00 1.0 1,0,9
055 99 00 1.0 63,134,199
055 99 08 1.0 234,254,260
055 99 08 1.0 263,262,252
055 99 07 1.0 237,225,212
055 99 03 1.0 200,189,178
055 99 01 1.0 165,149,133
055 99 00 1.0 123,109,95
055 99 00 1.0 79,69,58
055 99 00 1.0 48,40,27
055 99 00 1.0 15,1,0
055 99 00 1.0 0,0,48
055 99 02 1.0 114,177,211
055 99 08 0.9 227,227,236
055 99 05 0.9 227,215,202
055 99 03 0.9 190,179,170
055 99 02 0.9 160,148,138
055 99 01 0.9 121,109,93
055 99 00 0.9 86,74,63
055 99 00 0.9 46,35,22
055 99 00 0.9 10,0,0
055 99 00 0.9 0,0,0
055 99 00 0.9 0,46,118
055 99 05 0.9 181,215,229
055 99 07 1.0 232,265,258
055 99 08 1.0 249,233,224
055 99 04 1.0 213,205,192
055 99 02 1.0 179,166,151
055 99 00 1.0 138,123,116
055 99 00 1.0 102,93,79
055 99 00 1.0 71,57,47
055 99 00 1.0 36,26,12
055 99 00 1.0 0,0,15
055 99 00 1.0 71,142,204
055 99 08 1.0 240,256,259
055 99 08 1.0 264,258,244
055 99 07 1.0 228,222,215
055 99 04 1.0 209,192,181
055 99 01 1.0 168,158,140
055 99 00 1.0 128,116,109
055 99 00 1.0 98,84,71
055 99 00 1.0 55,45,30
055 99 00 1.0 18,7,0
055 99 00 1.0 0,0,26
055 99 01 1.0 93,163,212
055 99 08 1.0 235,245,249
055 99 08 1.0 259,248,233
055 99 06 1.0 220,210,202
055 99 03 1.0 194,182,169
055 99 01 1.0 156,143,132
055 99 00 1.0 119,107,94
055 99 00 1.0 84,73,59
055 99 00 1.0 47,38,30
055 99 00 1.0 17,5,0
055 99 00 1.0 11,59,129
055 99 06 1.0 185,214,227
056 99 08 0.8 228,231,223
056 99 04 0.8 211,200,189
056 99 03 0.8 183,172,161
056 99 02 0.8 146,135,121
056 99 01 0.8 110,97,85
056 99 00 0.8 73,61,48
056 99 00 0.8 37,26,16
056 99 00 0.8 4,0,0
056 99 00 0.8 0,0,2
056 99 01 0.8 64,135,188
056 99 06 0.8 218,236,243
056 99 06 1.0 276,262,248
056 99 06 1.0 234,225,218
056 99 03 1.0 205,195,184
056 99 01 1.0 173,160,150
056 99 00 1.0 139,127,113
056 99 00 1.0 98,88,74
056 99 00 1.0 63,50,41
056 99 00 1.0 34,25,11
056 99 00 1.0 5,31,89
056 99 04 1.0 162,217,250
056 99 08 1.0 263,269,263
056 99 08 1.0 254,240,228
056 99 05 1.0 218,208,198
056 99 03 1.0 186,174,163
056 99 00 1.0 150,140,125
056 99 00 1.0 111,95,84
056 99 00 1.0 73,58,47
056 99 00 1.0 32,23,10
056 99 00 1.0 2,0,0
056 99 00 1.0 0,47,118
056 99 06 1.0 180,219,237
056 99 08 1.0 247,259,251
056 99 08 1.0 235,223,211
056 99 04 1.0 201,195,186
056 99 02 1.0 177,160,146
056 99 00 1.0 132,121,111
056 99 00 1.0 98,88,74
056 99 00 1.0 67,55,44
056 99 00 1.0 29,17,5
056 99 00 1.0 0,5,37
056 99 01 1.0 97,161,207
056 99 08 1.0 227,236,237
056 99 07 0.9 234,225,211
056 99 04 0.9 200,191,182
056 99 02 0.9 172,160,148
056 99 01 0.9 136,123,110
056 99 01 0.9 97,87,76
056 99 00 0.9 65,52,40
056 99 00 0.9 28,17,4
056 99 00 0.9 0,0,0
056 99 00 0.9 0,39,109
056 99 04 0.9 174,217,238
056 99 07 1.0 251,255,271
056 99 07 1.0 262,245,235
056 99 05 1.0 222,215,203
056 99 02 1.0 195,183,172
056 99 00 1.0 157,146,132
056 99 00 1.0 122,111,100
056 99 00 1.0 87,74,65
056 99 00 1.0 53,42,29
056 99 00 1.0 17,11,22
056 99 00 1.0 69,136,202
056 99 08 1.0 245,269,276
056 99 08 1.0 263,258,246
056 99 07 1.0 235,220,213
056 99 03 1.0 201,192,179
056 99 01 1.0 165,154,138
056 99 00 1.0 129,116,107
056 99 00 1.0 93,83,72
056 99 00 1.0 60,48,37
056 99 00 1.0 31,17,6
056 99 00 1.0 5,37,97
056 99 04 1.0 164,215,243
056 99 08 0.9 255,259,250
056 99 08 0.9 238,225,213
056 99 05 0.9 207,201,193
056 99 03 0.9 181,166,156
056 99 00 0.9 140,130,115
056 99 00 0.9 105,90,78
056 99 00 0.9 68,59,49
056 99 00 0.9 36,23,13
056 99 00 0.9 15,47,102
056 99 04 0.9 170,219,243
056 99 08 0.9 251,251,236
056 99 05 0.9 226,213,202
056 99 03 0.9 192,181,172
056 99 02 0.9 161,150,136
056 99 01 0.9 121,110,100
056 99 00 0.9 89,77,62
056 99 00 0.9 50,39,31
056 99 00 0.9 24,13,0
056 99 00 0.9 0,0,26
056 99 01 0.9 89,159,211
056 99 06 0.9 237,249,249
056 99 07 1.0 260,246,233
056 99 06 1.0 222,216,209
056 99 03 1.0 199,185,171
056 99 01 1.0 158,150,136
056 99 00 1.0 122,108,100
056 99 00 1.0 85,71,58
056 99 00 1.0 51,42,29
056 99 00 1.0 13,0,0
056 99 00 1.0 13,62,132
056 99 06 1.0 191,227,242
056 99 08 0.9 247,246,243
056 99 05 0.9 231,216,206
056 99 03 0.9 196,188,176
056 99 02 0.9 164,152,142
056 99 01 0.9 125,109,97
056 99 00 0.9 91,83,69
056 99 00 0.9 55,37,26
056 99 00 0.9 12,8,0
056 99 00 0.9 0,0,34
056 99 01 0.9 95,159,192
056 99 06 0.9 213,218,219
056 99 05 0.8 224,213,197
056 99 03 0.8 184,174,170
056 99 02 0.8 159,147,132
056 99 02 0.8 120,107,92
056 99 01 0.8 76,62,52
056 99 01 0.8 42,32,20
056 99 01 0.8 6,0,0
056 99 01 0.8 0,0,0
056 99 01 0.8 26,96,157
056 99 04 0.8 190,204,208
056 99 04 0.9 210,245,230
056 99 03 0.9 216,208,203
056 99 02 0.9 198,182,166
056 99 02 0.9 151,139,126
056 99 01 0.9 111,101,89
056 99 01 0.9 77,66,54
056 99 01 0.9 43,32,19
056 99 01 0.9 7,0,0
056 99 01 0.9 0,5,60
056 99 02 0.9 131,187,217
056 99 04 0.9 229,234,231
056 99 04 0.9 240,226,213
056 99 03 0.9 206,202,193
056 99 02 0.9 184,168,157
056 99 02 0.9 143,131,115
056 99 01 0.9 103,90,80
056 99 01 0.9 63,54,43
056 99 01 0.9 33,21,9
056 99 01 0.9 0,0,0
056 99 01 0.9 0,47,116
056 99 03 0.9 174,202,214
056 99 04 0.9 219,222,243
056 99 03 0.9 228,213,201
056 99 02 0.9 192,183,176
056 99 02 0.9 161,147,134
056 99 02 0.9 126,112,96
056 99 01 0.9 81,69,55
056 99 01 0.9 41,34,25
056 99 01 0.9 14,0,0
056 99 01 0.9 0,0,25

