177628!20190927_150947!0!0
2.56!2.55!2.5!2.45!2.45!2.5!
99!30!69!133!565
463.2 2.45 40 35

030 70 03 57.2 1823,1785,1747
030 70 00 57.2 1713,1683,1667
030 70 00 57.2 1622,1576,1542
030 70 00 57.2 1531,1527,1569
030 70 03 57.2 1683,1838,1979
030 70 07 57.2 2095,2174,2212
030 70 08 57.2 2230,2242,2264
030 70 05 57.2 2298,2332,2365
030 70 03 57.8 2377,2373,2362
030 70 08 57.8 2332,2320,2305
030 70 06 57.8 2279,2242,2200
030 70 00 57.8 2170,2152,2144
030 70 00 57.8 2129,2095,2088
030 70 02 57.8 2163,2309,2463
030 70 06 57.8 2572,2669,2724
030 70 07 58.4 2739,2698,2672
030 70 08 58.4 2657,2646,2617
030 70 06 58.4 2587,2564,2527
030 70 00 58.4 2500,2455,2425
030 70 00 58.4 2384,2350,2320
030 70 00 58.4 2279,2249,2212
030 70 02 0.4 73,43,0
030 70 00 0.4 0,0,0
030 70 00 0.4 0,0,0
030 70 00 0.4 0,0,0
030 70 00 0.4 0,0,0
030 70 00 0.4 0,0,0
030 70 00 0.4 0,0,0
030 70 00 0.4 0,0,0
030 70 06 0.4 0,0,0
030 70 06 0.4 71,481,811
030 70 04 15.2 914,760,394
030 70 05 15.2 0,0,0
030 70 00 15.2 0,0,0
030 70 00 15.2 0,0,0
030 70 00 15.2 0,0,0
030 70 00 15.2 0,0,0
030 70 00 15.2 0,0,0
030 70 00 15.2 0,0,0
030 70 00 15.2 0,0,0
030 70 07 15.2 0,0,0
030 70 08 6.9 0,0,0
030 70 05 6.9 0,0,0
030 70 03 6.9 0,0,0
030 70 01 6.9 0,0,0
030 70 00 6.9 0,0,0
030 70 00 6.9 0,0,0
030 70 00 6.9 0,0,0
030 70 01 6.9 0,0,0
030 70 07 6.9 0,0,0
030 70 08 7.3 0,0,0
030 70 07 7.3 0,0,0
030 70 03 7.3 0,0,0
030 70 01 7.3 0,0,0
030 70 00 7.3 0,0,0
030 70 00 7.3 0,0,0
030 70 00 7.3 0,0,0
030 70 00 7.3 0,0,0
030 70 01 7.3 0,0,0
030 70 08 7.3 0,0,0
030 70 08 7.2 0,0,0
030 70 05 7.2 0,0,0
030 70 02 7.2 0,0,0
030 70 00 7.2 0,0,0
030 70 00 7.2 0,0,0
030 70 00 7.2 0,0,0
030 70 00 7.2 0,0,0
030 70 00 7.2 0,0,0
030 70 04 7.2 0,0,0
030 70 08 7.2 0,0,0
030 70 07 7.2 0,0,0
030 70 03 7.2 0,0,0
030 70 06 1.2 0,350,337
030 70 05 1.2 321,307,292
030 70 03 1.2 273,259,250
030 70 02 1.2 241,230,219
030 70 01 1.2 216,211,198
030 70 00 1.2 179,161,153
030 70 00 1.2 146,148,173
030 70 02 1.2 234,321,399
030 70 08 1.1 450,473,473
030 70 07 1.1 326,314,311
030 70 05 1.1 301,290,275
030 70 03 1.1 260,246,225
030 70 01 1.1 199,180,183
030 70 01 1.1 188,188,175
030 70 01 1.1 162,149,136
030 70 00 1.1 131,144,181
030 70 03 1.1 227,262,276
030 70 04 0.5 275,138,127
030 70 03 0.5 114,102,99
030 70 02 0.5 106,117,117
030 70 02 0.5 104,76,49
030 70 00 0.5 15,0,0
030 70 00 0.5 0,0,0
030 70 00 0.5 0,0,0
030 70 04 2.5 224,462,548
030 70 07 1.0 625,290,272
030 70 06 1.0 254,236,220
030 70 02 1.0 207,188,173
030 70 00 1.0 152,132,107
030 70 00 1.0 84,61,40
030 70 00 1.0 20,1,0
030 70 00 1.0 0,0,0
030 70 00 1.0 0,0,22
030 70 05 1.0 102,167,206
030 70 08 1.0 224,229,292
030 70 07 1.0 276,255,236
030 70 03 1.0 220,209,190
030 70 00 1.0 171,150,133
030 70 00 1.0 115,96,78
030 70 00 1.0 59,43,26
030 70 00 1.0 9,0,0
030 70 00 1.0 0,0,0
030 70 02 1.0 55,134,190
030 70 08 1.0 219,228,269
030 70 07 1.0 255,239,225
030 70 03 1.0 210,190,172
030 70 00 1.0 154,138,122
030 70 00 1.0 105,86,66
030 70 00 1.0 48,31,15
030 70 00 1.0 0,0,0
030 70 00 1.0 0,0,0
030 70 03 1.0 72,151,210
030 70 08 1.1 243,257,305
030 70 08 1.1 294,274,255
030 70 04 1.1 236,220,203
030 70 01 1.1 187,171,156
030 70 00 1.1 136,119,99
030 70 00 1.1 83,66,49
030 70 00 1.1 32,18,6
030 70 00 1.1 0,0,13
030 70 02 1.1 75,155,230
066 99 08 1.1 274,300,306
066 99 08 1.1 312,292,272
066 99 05 1.1 252,239,218
066 99 01 1.1 201,180,167
066 99 00 1.1 150,133,112
066 99 00 1.1 94,74,57
066 99 00 1.1 42,30,14
066 99 00 1.1 0,0,0
066 99 00 1.1 6,69,150
066 99 08 1.1 220,269,293
066 99 08 1.1 296,308,288
066 99 07 1.1 275,255,238
066 99 02 1.1 221,208,194
066 99 00 1.1 172,155,138
066 99 00 1.1 121,102,85
066 99 00 1.1 74,59,47
066 99 00 1.1 28,13,0
066 99 00 1.1 0,28,91
066 99 06 1.1 175,236,276
066 99 08 1.0 291,291,284
066 99 07 1.0 263,245,228
066 99 03 1.0 215,200,185
066 99 00 1.0 170,152,133
066 99 00 1.0 114,100,84
066 99 00 1.0 69,52,37
066 99 00 1.0 20,2,0
066 99 00 1.0 0,0,11
066 99 03 1.0 75,148,206
066 99 08 1.0 244,259,259
066 99 08 1.0 267,247,229
066 99 04 1.0 212,202,189
066 99 01 1.0 177,162,150
066 99 00 1.0 131,118,101
066 99 00 1.0 88,72,57
066 99 00 1.0 43,30,18
066 99 00 1.0 4,0,21
066 99 03 1.0 85,160,222
066 99 08 0.9 253,264,263
066 99 08 0.9 256,242,225
066 99 04 0.9 215,204,193
066 99 01 0.9 178,164,151
066 99 00 0.9 136,121,104
066 99 00 0.9 90,74,55
066 99 00 0.9 40,23,15
066 99 00 0.9 3,11,55
066 99 05 0.9 130,214,275
066 99 08 1.1 316,332,333
066 99 08 1.1 320,306,288
066 99 06 1.1 274,260,247
066 99 02 1.1 234,218,204
066 99 00 1.1 191,176,158
066 99 00 1.1 139,126,115
066 99 00 1.1 107,97,83
066 99 00 1.1 77,102,166
066 99 07 1.1 249,322,372
066 99 08 1.1 397,409,327
066 99 08 1.1 319,302,288
066 99 06 1.1 273,266,255
066 99 03 1.1 242,221,205
066 99 00 1.1 186,169,151
066 99 00 1.1 137,124,115
066 99 00 1.1 102,89,76
066 99 00 1.1 69,95,158
066 99 07 1.1 248,318,360
066 99 08 1.1 379,387,311
066 99 08 1.1 295,281,270
066 99 05 1.1 256,241,231
066 99 02 1.1 215,200,178
066 99 00 1.1 160,141,122
066 99 00 1.1 109,91,74
066 99 00 1.1 62,51,35
066 99 00 1.1 26,51,115
066 99 06 1.1 203,271,311
066 99 08 1.0 325,327,294
066 99 07 1.0 277,260,244
066 99 04 1.0 232,220,210
066 99 01 1.0 193,176,159
066 99 00 1.0 143,128,110
066 99 00 1.0 94,76,61
066 99 00 1.0 48,34,24
066 99 00 1.0 27,68,140
066 99 07 1.0 218,274,304
066 99 08 1.0 313,285,268
066 99 07 1.0 248,234,221
066 99 03 1.0 209,197,184
066 99 00 1.0 168,149,127
066 99 00 1.0 108,89,73
066 99 00 1.0 58,42,26
066 99 00 1.0 9,0,0
066 99 00 1.0 0,27,105
066 99 07 1.0 187,249,284
066 99 08 1.1 303,301,307
066 99 07 1.1 286,263,249
066 99 03 1.1 231,219,199
066 99 00 1.1 184,165,151
066 99 00 1.1 135,116,98
066 99 00 1.1 79,61,42
066 99 00 1.1 27,14,0
066 99 00 1.1 0,16,76
066 99 05 1.1 154,224,263
066 99 08 1.0 283,287,288
066 99 07 1.0 273,252,234
066 99 03 1.0 220,208,193
066 99 01 1.0 176,160,138
066 99 00 1.0 115,95,78
066 99 00 1.0 59,41,24
066 99 00 1.0 9,0,0
066 99 00 1.0 0,0,16
066 99 04 1.0 87,162,212
066 99 08 0.9 237,244,266
066 99 07 0.9 245,224,211
066 99 03 0.9 200,182,159
066 99 00 0.9 140,125,111
066 99 00 0.9 93,73,52
066 99 00 0.9 33,15,0
066 99 00 0.9 0,0,0
066 99 00 0.9 0,0,28
066 99 05 0.9 101,157,191
066 99 08 0.9 205,204,237
066 99 05 0.9 214,186,172
066 99 01 0.9 157,146,131
066 99 00 0.9 118,106,90
066 99 00 0.9 69,52,38
066 99 00 0.9 25,10,0
066 99 00 0.9 0,0,0
066 99 00 0.9 0,36,109
066 99 07 0.9 170,202,216
066 99 08 0.9 251,234,215
066 99 05 0.9 200,189,175
066 99 02 0.9 161,140,121
066 99 00 0.9 105,88,75
066 99 00 0.9 57,45,30
066 99 00 0.9 20,8,0
066 99 00 0.9 0,0,57
066 99 06 0.9 140,206,251
066 99 08 1.0 271,280,275
066 99 08 1.0 279,260,239
066 99 04 1.0 220,206,191
066 99 00 1.0 175,154,138
066 99 00 1.0 122,108,90
066 99 00 1.0 72,58,45
066 99 00 1.0 32,19,17
066 99 00 1.0 46,115,198
066 99 08 1.0 260,297,320
066 99 08 1.1 329,328,300
066 99 07 1.1 281,255,236
066 99 03 1.1 222,208,192
066 99 00 1.1 172,160,140
066 99 00 1.1 125,105,94
066 99 00 1.1 82,66,49
066 99 00 1.1 32,38,81
066 99 04 1.1 155,235,292
066 99 08 1.1 324,341,340
066 99 08 1.1 297,269,248
066 99 04 1.1 232,218,205
066 99 01 1.1 184,170,151
066 99 00 1.1 136,118,101
066 99 00 1.1 88,73,59
066 99 00 1.1 42,27,18
066 99 00 1.1 24,68,140
066 99 07 1.1 218,271,298
067 99 08 1.0 303,280,265
067 99 07 1.0 248,232,214
067 99 02 1.0 196,178,160
067 99 00 1.0 139,122,105
067 99 00 1.0 91,69,53
067 99 00 1.0 36,19,3
067 99 00 1.0 0,0,0
067 99 00 1.0 13,81,158
067 99 08 0.9 212,243,249
067 99 08 0.9 264,241,217
067 99 04 0.9 198,184,172
067 99 01 0.9 157,139,118
067 99 00 0.9 99,81,67
067 99 00 0.9 49,31,12
067 99 00 0.9 0,0,0
067 99 00 0.9 0,0,0
067 99 03 0.9 64,133,178
067 99 08 0.8 195,195,230
067 99 04 0.8 215,199,182
067 99 02 0.8 170,154,139
067 99 01 0.8 120,104,87
067 99 00 0.8 70,51,33
067 99 00 0.8 17,2,0
067 99 00 0.8 0,0,0
067 99 00 0.8 0,17,94
067 99 05 0.8 157,189,202
067 99 07 0.9 203,247,229
067 99 05 0.9 209,192,176
067 99 01 0.9 161,147,130
067 99 00 0.9 115,96,78
067 99 00 0.9 57,42,25
067 99 00 0.9 9,0,0
067 99 00 0.9 0,0,0
067 99 02 0.9 51,129,187
067 99 08 0.9 219,230,264
067 99 07 0.9 248,229,210
067 99 03 0.9 196,182,173
067 99 00 0.9 156,139,119
067 99 00 0.9 106,92,75
067 99 00 0.9 55,38,23
067 99 00 0.9 6,0,0
067 99 00 0.9 0,15,81
067 99 06 0.9 152,200,225
067 99 08 0.9 231,255,241
067 99 05 0.9 220,201,185
067 99 01 0.9 172,159,145
067 99 00 0.9 130,110,93
067 99 00 0.9 71,57,35
067 99 00 0.9 23,6,0
067 99 00 0.9 0,0,0
067 99 00 0.9 4,70,140
067 99 08 0.8 188,211,214
067 99 06 0.8 239,221,203
067 99 03 0.8 185,172,159
067 99 02 0.8 146,132,117
067 99 00 0.8 99,81,66
067 99 00 0.8 46,32,16
067 99 00 0.8 7,0,0
067 99 00 0.8 0,0,26
067 99 03 0.8 95,154,187
067 99 06 0.8 201,200,213
067 99 03 0.8 192,175,163
067 99 02 0.8 153,135,121
067 99 01 0.8 104,88,70
067 99 01 0.8 52,39,27
067 99 01 0.8 17,4,0
067 99 01 0.8 0,0,0
067 99 01 0.8 0,60,138
067 99 04 0.8 192,219,229
067 99 05 0.9 229,259,240
067 99 03 0.9 220,205,192
067 99 02 0.9 179,160,142
067 99 00 0.9 122,104,87
067 99 00 0.9 74,61,50
067 99 00 0.9 34,21,4
067 99 00 0.9 0,0,27
067 99 02 0.9 93,170,221
068 99 07 0.9 246,254,253
068 99 07 0.9 253,237,220
068 99 04 0.9 205,192,177
068 99 01 0.9 160,140,123
068 99 00 0.9 107,90,74
068 99 00 0.9 57,46,32
068 99 00 0.9 21,6,0
068 99 00 0.9 0,16,76
068 99 06 0.9 150,209,241
068 99 08 0.9 249,250,232
068 99 06 0.9 212,194,180
068 99 02 0.9 170,154,142
068 99 00 0.9 125,111,89
068 99 00 0.9 76,62,51
068 99 00 0.9 35,21,7
068 99 00 0.9 0,0,0
068 99 00 0.9 0,26,96
068 99 07 0.9 160,199,216
068 99 07 0.9 217,239,219
068 99 03 0.9 201,185,174
068 99 02 0.9 159,145,127
068 99 01 0.9 115,96,82
068 99 00 0.9 69,56,44
068 99 00 0.9 30,21,9
068 99 00 0.9 0,0,5
068 99 02 0.9 55,125,182
069 99 06 0.8 215,226,235
069 99 04 0.8 222,202,182
069 99 02 0.8 171,162,148
069 99 02 0.8 130,112,95
069 99 01 0.8 77,64,51
069 99 01 0.8 37,20,3
069 99 01 0.8 0,0,0
069 99 01 0.8 0,13,81
069 99 04 0.8 157,210,239
069 99 04 1.0 250,249,273
069 99 04 1.0 253,234,220
069 99 02 1.0 209,196,183
069 99 01 1.0 164,146,129
069 99 00 1.0 114,94,75
069 99 00 1.0 61,52,41
069 99 00 1.0 27,12,11
069 99 01 1.0 44,111,191
069 99 07 1.0 248,280,291
069 99 07 1.0 290,262,241
069 99 05 1.0 223,212,200
069 99 02 1.0 188,174,160
069 99 00 1.0 143,125,108
069 99 00 1.0 91,77,64
069 99 00 1.0 49,36,22
069 99 00 1.0 10,0,0
069 99 00 1.0 34,104,179
069 99 08 0.9 234,260,264
069 99 08 0.9 257,238,221
069 99 05 0.9 206,194,177
069 99 02 0.9 165,146,130
069 99 00 0.9 111,99,87
069 99 00 0.9 72,55,38
069 99 00 0.9 24,11,2
069 99 00 0.9 0,0,0
069 99 01 0.9 27,96,164
069 99 08 0.8 202,221,222
069 99 06 0.8 240,223,204
069 99 03 0.8 184,168,154
069 99 01 0.8 139,125,112
069 99 00 0.8 94,76,61
069 99 00 0.8 50,37,23
069 99 00 0.8 7,0,0
069 99 00 0.8 0,0,8
069 99 02 0.8 69,139,189
069 99 06 0.8 211,213,231
069 99 03 0.8 216,195,179
069 99 02 0.8 166,155,143
069 99 02 0.8 125,109,94
069 99 01 0.8 78,65,47
069 99 01 0.8 36,20,9
069 99 01 0.8 0,0,0
069 99 01 0.8 0,15,83
069 99 03 0.8 158,208,237
069 99 04 0.9 246,244,259
069 99 04 0.9 242,223,208
069 99 02 0.9 195,184,167
069 99 01 0.9 150,132,118
069 99 00 0.9 103,88,71
069 99 00 0.9 61,46,38
069 99 00 0.9 21,7,1
069 99 01 0.9 34,102,182
069 99 06 0.9 235,266,282
069 99 07 1.0 284,272,252
069 99 06 1.0 234,218,206
069 99 02 1.0 192,179,162
069 99 00 1.0 143,128,112
069 99 00 1.0 98,78,60
069 99 00 1.0 46,32,19
069 99 00 1.0 8,0,7
069 99 01 1.0 51,129,201
069 99 08 0.9 246,266,269
069 99 08 0.9 265,251,231
069 99 04 0.9 211,193,184
069 99 01 0.9 174,158,140
069 99 00 0.9 121,107,91
069 99 00 0.9 76,64,49
069 99 00 0.9 37,26,13
069 99 00 0.9 5,0,17
069 99 02 0.9 70,147,200
069 99 08 0.8 230,236,236
069 99 06 0.8 228,210,190
069 99 02 0.8 177,165,149
069 99 01 0.8 133,119,101
069 99 00 0.8 87,72,61
069 99 00 0.8 49,35,20
069 99 00 0.8 5,0,0
069 99 00 0.8 0,1,62
069 99 04 0.8 138,199,234
069 99 07 1.0 249,252,270
069 99 07 1.0 249,226,208
069 99 03 1.0 196,184,171
069 99 00 1.0 154,136,118
069 99 00 1.0 104,90,79
069 99 00 1.0 58,41,24
069 99 00 1.0 15,4,0
069 99 00 1.0 0,35,104
069 99 07 1.0 178,229,253
069 99 08 0.9 262,267,254
069 99 06 0.9 234,217,199
069 99 03 0.9 185,171,152
069 99 00 0.9 136,118,105
069 99 00 0.9 88,72,57
069 99 00 0.9 42,28,17
069 99 00 0.9 0,0,0
069 99 00 0.9 0,46,119
069 99 07 0.9 179,216,231
069 99 08 0.9 231,247,232
069 99 06 0.9 217,203,188
069 99 02 0.9 170,155,136
069 99 00 0.9 119,96,79
069 99 00 0.9 66,58,46
069 99 00 0.9 30,16,3
069 99 00 0.9 0,0,0
069 99 00 0.9 8,76,149
069 99 08 0.8 194,216,216
069 99 06 0.8 239,222,203
069 99 03 0.8 191,176,165
069 99 02 0.8 148,136,122
069 99 00 0.8 106,88,72
069 99 00 0.8 60,47,32
069 99 00 0.8 20,11,1
069 99 00 0.8 0,4,51
069 99 04 0.8 121,187,229
069 99 07 0.9 245,249,246
069 99 07 0.9 231,212,194
069 99 03 0.9 181,164,152
069 99 00 0.9 137,126,109
069 99 00 0.9 98,82,65
069 99 00 0.9 42,27,18
069 99 00 0.9 8,1,6
069 99 01 0.9 48,116,186
069 99 08 0.9 236,267,281
069 99 08 1.0 283,268,247
069 99 05 1.0 225,214,205
069 99 03 1.0 199,183,168
069 99 00 1.0 151,132,117
069 99 00 1.0 102,92,81
069 99 00 1.0 70,58,43
069 99 00 1.0 33,49,102
069 99 06 1.0 180,244,287
069 99 08 0.9 304,310,267
069 99 07 0.9 255,240,231
069 99 04 0.9 221,213,196
069 99 01 0.9 179,160,146
069 99 00 0.9 130,119,105
069 99 00 0.9 93,79,64
069 99 00 0.9 51,35,29
069 99 00 0.9 48,106,183
069 99 08 0.9 250,287,305
069 99 08 0.9 307,269,255
069 99 06 0.9 236,225,213
069 99 03 0.9 205,194,175
069 99 01 0.9 158,141,130
069 99 00 0.9 120,108,95
069 99 00 0.9 81,71,59
069 99 00 0.9 50,65,121
069 99 06 0.9 195,255,288
069 99 08 0.9 304,304,244
069 99 05 0.9 231,219,205
069 99 03 0.9 192,179,167
069 99 02 0.9 152,134,118
069 99 00 0.9 103,91,74
069 99 00 0.9 59,47,39
069 99 00 0.9 27,19,35
069 99 02 0.9 85,163,235
069 99 07 0.9 284,310,321
069 99 07 1.0 321,293,272
069 99 06 1.0 254,237,227
069 99 03 1.0 214,199,181
069 99 00 1.0 165,148,133
069 99 00 1.0 119,105,93
069 99 00 1.0 82,68,53
069 99 00 1.0 42,60,118
069 99 06 1.0 198,271,313
069 99 08 1.0 339,351,305
069 99 08 1.0 290,269,256
069 99 05 1.0 246,229,216
069 99 01 1.0 197,185,172
069 99 00 1.0 154,139,121
069 99 00 1.0 108,95,79
069 99 00 1.0 66,50,37
069 99 00 1.0 25,35,84
069 99 05 1.0 164,241,288
069 99 08 1.0 310,316,285
069 99 08 1.0 272,252,235
069 99 04 1.0 220,208,196
069 99 01 1.0 180,161,141
069 99 00 1.0 124,112,99
069 99 00 1.0 88,72,58
069 99 00 1.0 42,27,12
069 99 00 1.0 1,17,67
069 99 05 1.0 142,205,240
069 99 08 0.8 249,249,240
069 99 04 0.8 226,204,191
069 99 02 0.8 179,173,157
069 99 01 0.8 143,123,106
069 99 00 0.8 89,79,66
069 99 00 0.8 54,36,21
069 99 00 0.8 9,0,0
069 99 00 0.8 20,76,151
069 99 06 0.8 209,246,263
069 99 07 0.9 263,256,236
069 99 05 0.9 219,205,191
069 99 02 0.9 175,162,143
069 99 00 0.9 127,110,95
069 99 00 0.9 82,64,49
069 99 00 0.9 33,22,7
069 99 00 0.9 0,0,22
069 99 03 0.9 87,166,227
069 99 08 1.0 264,284,294
069 99 08 1.0 294,275,251
069 99 05 1.0 238,224,214
069 99 02 1.0 198,184,163
069 99 00 1.0 145,129,117
069 99 00 1.0 107,91,77
069 99 00 1.0 62,51,37
069 99 00 1.0 32,56,116
069 99 06 1.0 196,260,296
069 99 08 0.9 309,310,267
069 99 07 0.9 249,230,218
069 99 04 0.9 209,199,182
069 99 01 0.9 165,151,137
069 99 00 0.9 119,99,83
069 99 00 0.9 70,57,43
069 99 00 0.9 27,14,1
069 99 00 0.9 9,54,126
069 99 07 0.9 202,249,271
069 99 08 0.9 277,269,257
069 99 07 0.9 240,224,212
069 99 03 0.9 204,192,176
069 99 00 0.9 158,142,124
069 99 00 0.9 110,93,81
069 99 00 0.9 68,55,43
069 99 00 0.9 27,15,16
069 99 01 0.9 55,122,191
069 99 08 0.9 233,256,261
069 99 07 0.9 241,222,204
069 99 03 0.9 192,178,165
069 99 01 0.9 151,140,128
069 99 00 0.9 109,91,77
069 99 00 0.9 66,52,37
069 99 00 0.9 24,14,4
069 99 00 0.9 0,0,39
069 99 03 0.9 111,190,238
069 99 07 1.0 267,277,277
069 99 07 1.0 278,259,242
069 99 04 1.0 223,210,198
069 99 01 1.0 189,175,160
069 99 00 1.0 140,123,107
069 99 00 1.0 93,80,68
069 99 00 1.0 55,40,24
069 99 00 1.0 19,48,112
069 99 06 1.0 192,255,291
069 99 08 1.0 306,310,284
069 99 08 1.0 270,254,242
069 99 04 1.0 228,211,194
069 99 01 1.0 182,165,150
069 99 00 1.0 130,117,101
069 99 00 1.0 88,72,58
069 99 00 1.0 45,35,19
069 99 00 1.0 12,36,101
069 99 06 1.0 181,236,266
069 99 08 0.9 276,275,251
069 99 07 0.9 235,218,206
069 99 03 0.9 194,182,168
069 99 00 0.9 153,136,119
069 99 00 0.9 105,91,74
069 99 00 0.9 52,37,22
069 99 00 0.9 13,0,0
069 99 00 0.9 0,10,76
069 99 06 0.9 153,203,225
069 99 08 0.9 232,247,231
069 99 04 0.9 213,201,191
069 99 02 0.9 177,163,146
069 99 01 0.9 131,114,100
069 99 00 0.9 84,71,59
069 99 00 0.9 45,28,14
069 99 00 0.9 3,0,0
069 99 01 0.9 20,88,160
069 99 06 0.9 213,234,245
069 99 07 0.9 240,237,221
069 99 05 0.9 207,197,182
069 99 02 0.9 166,150,138
069 99 00 0.9 121,108,90
069 99 00 0.9 76,59,45
069 99 00 0.9 30,15,0
069 99 00 0.9 0,0,20
069 99 03 0.9 86,166,226
069 99 08 1.0 257,272,272
069 99 08 1.0 279,261,246
069 99 05 1.0 230,218,205
069 99 01 1.0 194,180,164
069 99 00 1.0 142,126,111
069 99 00 1.0 101,89,72
069 99 00 1.0 57,40,30
069 99 00 1.0 25,48,101
069 99 06 1.0 178,240,277
069 99 08 0.9 288,259,239
069 99 06 0.9 209,178,159
069 99 02 0.9 155,159,157
069 99 01 0.9 146,133,120

