100001!20190906_112338!0!0
1.52!2.42!2.45!1.23!1.25!1.75!
97!67!98!0!187
216.6 1.8 162 55

092 98 00 2.5 247,114,0
092 98 00 2.5 0,0,0
092 98 00 2.5 0,0,0
092 98 03 2.6 147,445,514
092 98 05 2.6 725,592,522
092 98 03 2.6 521,565,630
092 98 08 2.6 683,681,626
092 98 04 2.6 552,478,435
092 98 00 2.6 414,414,398
092 98 00 2.6 365,423,692
092 97 05 3.2 1087,1354,1343
092 97 06 3.2 822,713,715
092 97 06 3.2 798,912,1037
092 97 08 3.2 1135,1176,1156
092 97 05 3.2 1113,1102,1116
092 97 08 3.2 1124,1106,1088
092 97 07 3.2 1118,1305,1635
092 97 06 3.2 2002,2244,2334
092 97 07 3.2 2371,2421,2508
092 97 03 3.2 2618,2717,2783
092 97 06 6.8 2798,2079,2056
092 97 04 6.8 2050,2050,2049
092 97 05 6.8 2026,1982,1956
092 97 05 6.8 2063,2319,2597
097 97 07 2.7 2730,2698,660
097 97 05 2.7 571,499,475
097 97 08 2.7 506,564,578
097 97 08 2.7 561,518,472
097 97 03 2.7 412,359,314
097 97 00 2.7 325,484,748
097 97 05 2.6 976,1043,686
097 97 05 2.6 619,569,544
097 97 07 2.6 557,601,639
097 97 08 2.6 669,702,722
097 97 08 2.6 726,726,739
097 97 07 2.6 787,937,1161
097 98 06 3.1 1359,1431,846
097 98 06 3.1 762,723,760
097 98 03 3.1 854,941,1002
097 98 06 3.1 1030,1020,1005
097 98 07 3.1 987,962,905
097 98 05 3.1 878,980,1194
097 98 07 2.7 1397,1465,721
097 98 05 2.7 687,643,556
097 98 04 2.7 452,364,297
097 98 00 2.7 219,123,26
097 98 01 2.7 0,0,0
097 98 01 2.7 0,0,0
097 98 02 2.7 132,261,324
097 98 03 2.7 386,460,525
097 98 03 2.7 576,629,686
097 98 04 2.7 748,808,877
092 98 04 5.0 933,936,1269
092 98 06 5.0 1158,1158,1228
092 98 06 5.0 1179,905,547
092 98 00 5.0 224,0,0
092 98 00 5.0 0,0,0
092 98 01 5.0 0,0,0
092 98 00 5.0 0,0,0
092 98 00 5.0 0,0,0
092 98 00 5.0 0,0,0
092 98 01 5.0 0,0,0
092 98 00 5.0 0,0,0
092 98 01 5.0 0,0,0
092 98 00 5.0 0,0,0
092 98 00 5.0 0,0,0
092 98 02 5.0 0,0,0
092 98 01 5.0 0,0,0
092 98 00 5.0 0,0,0
092 98 00 5.0 0,0,0
092 98 00 5.0 0,0,0
092 98 00 5.0 0,0,0
092 98 07 5.0 0,0,0
092 98 04 5.0 0,0,0
092 98 02 5.0 0,0,0
092 98 03 5.0 0,0,0
092 98 00 5.0 0,0,0
092 98 00 5.0 0,0,0
092 98 04 5.0 0,0,0
092 98 06 5.0 0,0,0
092 98 05 5.0 0,0,0
092 98 03 5.0 0,0,0
092 98 00 5.0 0,0,0
092 98 02 5.0 0,0,0
092 98 07 2.9 0,860,840
092 98 05 2.9 835,835,847
092 98 08 2.9 851,837,790
092 98 04 2.9 734,673,623
092 98 00 2.9 571,539,581
092 98 01 2.9 736,923,1018
092 98 05 1.6 455,393,344
092 98 03 1.6 308,270,237
092 98 01 1.6 177,97,0
092 98 00 1.6 0,0,0
092 98 00 1.6 0,0,0
092 98 01 1.6 0,0,0
092 98 01 1.0 261,150,37
092 98 00 1.0 0,0,9
092 98 00 1.0 17,0,0
092 98 00 1.0 0,0,0
092 98 00 1.0 0,0,0
092 98 00 1.0 0,0,0
092 98 05 1.5 401,264,118
092 98 00 1.5 8,0,0
092 98 01 1.5 0,0,0
092 98 01 1.5 0,0,0
092 98 00 1.5 0,0,0
092 98 00 1.5 0,0,0
092 98 03 1.5 0,338,207
092 98 00 1.5 95,48,61
092 98 00 1.5 98,102,53
092 98 00 1.5 0,0,0
092 98 01 1.5 0,0,0
092 98 00 1.5 0,0,0
093 98 02 1.4 11,0,260
093 98 01 1.4 105,0,0
093 98 01 1.4 0,0,0
093 98 00 1.4 0,0,0
093 98 00 1.4 0,0,0
093 98 00 1.4 0,0,0
093 98 00 1.8 0,0,0
093 98 02 1.8 466,329,260
093 98 00 1.8 270,272,222
093 98 00 1.8 175,198,338
093 98 02 1.8 509,668,740
093 98 04 1.8 752,548,485
093 98 06 1.8 452,464,529
093 98 07 1.8 590,644,702
093 98 08 1.0 739,761,297
093 98 08 1.0 282,270,278
093 98 08 1.0 283,263,216
093 98 03 1.0 150,82,15
093 98 00 1.0 0,0,0
093 98 01 1.0 0,0,0
093 98 00 1.0 0,0,0
093 98 00 1.0 0,0,0
090 97 00 1.3 0,311,214
090 97 00 1.3 115,19,0
090 97 00 1.3 0,64,177
090 97 00 0.8 177,142,0
090 97 00 0.8 0,0,0
090 97 00 0.8 0,0,0
090 97 01 0.8 0,0,0
090 97 00 0.8 0,0,0
090 97 00 2.8 0,0,0
090 97 08 2.8 633,335,287
090 97 00 2.8 369,470,530
098 97 03 0.9 564,560,246
098 97 03 0.9 190,131,71
098 97 00 0.9 31,94,259
098 97 06 1.3 433,479,388
098 97 05 1.3 305,257,223
098 97 02 1.3 217,226,242
098 97 02 1.3 226,196,159
098 97 00 1.3 128,95,65
098 97 00 1.3 120,287,491
098 97 05 1.6 600,585,476
098 97 03 1.6 458,449,428
098 97 08 1.6 402,395,383
098 97 05 1.6 355,307,267
098 97 00 1.6 229,208,185
098 97 00 1.6 167,143,131
098 97 00 1.6 214,395,585
098 97 07 1.6 682,693,722
090 97 06 2.1 781,835,842
090 97 05 2.1 695,682,681
090 97 08 2.1 666,629,581
090 97 03 2.1 527,478,436
090 97 00 2.1 406,385,359
090 97 00 2.1 329,292,361
090 97 01 2.1 539,747,851
090 97 05 2.1 863,875,915
090 97 03 2.0 939,638,620
090 97 08 2.0 616,620,607
090 97 06 2.0 580,540,507
090 97 02 2.0 469,436,398
090 97 00 2.0 364,332,296
090 97 00 2.0 261,217,180
090 97 00 2.0 232,422,652
090 97 05 2.0 793,823,839
090 97 05 2.0 887,951,1014
090 97 06 2.7 1058,1076,891
090 97 05 2.7 868,828,777
090 97 05 2.7 729,692,662
090 97 01 2.7 632,596,563
090 97 00 2.7 526,493,456
090 97 00 2.7 424,389,385
090 97 00 2.7 508,751,996
090 97 06 2.7 1117,1145,1184
087 97 08 2.8 1248,1285,1283
087 97 05 2.8 897,906,917
087 97 07 2.8 910,892,865
087 97 07 2.8 843,815,796
087 97 03 2.8 774,755,725
087 97 01 2.8 693,657,620
087 97 00 2.8 588,556,529
087 97 00 2.8 513,609,842
087 97 06 2.8 1111,1280,1331
087 97 07 2.8 1365,1432,1514
087 97 08 2.8 1578,1628,1669
087 97 08 3.7 1692,1161,1107
087 97 05 3.7 1038,973,903
087 97 02 3.7 840,785,735
087 97 00 3.7 689,644,595
087 97 00 3.7 531,467,415
087 97 01 3.7 382,336,299
087 97 00 3.7 378,620,912
087 97 06 2.6 1090,1118,819
087 97 08 2.6 846,881,892
087 97 06 2.6 889,897,908
087 97 03 2.6 911,896,866
087 97 08 2.6 829,793,774
087 97 03 2.6 752,726,679
087 97 00 2.6 634,585,534
087 97 00 2.6 480,429,445
087 97 00 2.6 603,869,1100
087 97 07 2.6 1201,1217,1245
087 97 08 2.6 1288,1326,1348
087 97 08 2.6 1371,1414,1451
084 97 07 3.4 1474,1468,1033
084 97 03 3.4 1015,1019,1034
084 97 08 3.4 1061,1091,1115
084 97 08 3.4 1103,1043,981
084 97 04 3.4 1039,1223,1446
084 98 07 2.0 1575,1596,578
084 98 05 2.0 512,403,276
084 98 02 2.0 187,164,175
084 98 00 2.0 167,127,82
084 98 00 2.0 44,14,0
084 98 00 2.0 0,0,0
084 98 00 2.0 0,96,327
084 98 06 2.0 524,608,635
084 98 07 2.5 651,658,724
084 98 04 2.5 674,633,609
084 98 03 2.5 577,523,455
084 98 01 2.5 387,324,270
084 98 00 2.5 216,164,155
084 98 00 2.5 261,452,631
084 98 04 2.5 718,748,770
083 98 02 2.1 777,599,541
083 98 06 2.1 495,470,451
083 98 02 2.1 410,352,289
083 98 00 2.1 229,185,142
083 98 00 2.1 101,55,95
083 98 00 2.1 247,460,613
083 98 05 2.1 683,725,768
083 98 04 2.4 786,713,666
083 98 05 2.4 625,595,566
083 98 03 2.4 522,460,393
083 98 00 2.4 330,276,227
083 98 00 2.4 173,109,84
083 98 01 2.4 175,353,527
083 98 05 2.4 619,660,693
083 97 04 2.1 706,601,538
083 97 05 2.1 475,426,386
083 97 00 2.1 333,257,172
083 97 00 2.1 84,7,0
083 97 00 2.1 0,0,0
083 97 00 2.1 0,0,0
083 97 01 2.1 71,85,72
083 97 03 2.1 55,21,0
083 97 00 2.1 0,0,0
083 97 00 2.1 0,0,0
083 97 00 2.1 0,0,0
083 97 00 2.1 0,0,0
083 97 00 2.1 0,0,0
083 97 00 2.1 0,0,0
074 97 05 1.4 426,411,383
074 97 02 1.4 327,260,205
074 97 00 1.4 170,130,74
074 97 00 1.4 5,0,0
074 97 01 1.4 0,0,0
074 97 00 1.4 0,0,0
074 97 01 1.4 0,0,0
074 97 04 1.2 319,266,212
074 97 00 1.2 148,71,0
074 97 00 1.2 0,0,0
074 97 00 1.2 0,0,0
074 97 00 1.2 0,0,0
074 97 00 1.2 0,0,0
074 97 00 1.2 0,0,0
074 97 00 0.9 274,217,162
074 97 00 0.9 116,54,4
074 97 00 0.9 0,0,0
074 97 02 0.9 0,0,0
074 97 00 0.9 0,0,0
074 97 00 0.9 0,0,0
074 97 00 0.9 0,0,0
072 97 02 1.2 0,0,334
072 97 03 1.2 278,245,223
072 97 00 1.2 189,162,134
072 97 00 1.2 100,44,0
072 97 00 1.2 0,0,0
072 97 02 1.2 0,0,0
072 97 01 1.2 0,0,0
072 97 00 1.2 0,0,0
072 97 06 1.3 36,408,333
072 97 03 1.3 280,247,222
072 97 00 1.3 210,204,188
072 97 00 1.3 147,90,29
072 97 00 1.3 0,0,0
072 97 02 1.3 0,0,0
072 97 02 1.3 0,0,0
072 97 02 1.5 84,220,205
072 97 08 1.5 413,343,301
072 97 01 1.5 288,290,303
072 97 01 1.5 299,261,201
072 97 00 1.5 134,74,33
072 97 00 1.5 2,0,0
072 97 00 1.5 0,0,113
073 97 04 1.6 323,459,461
073 97 05 1.6 471,416,388
073 97 07 1.6 381,387,402
073 97 06 1.6 407,384,336
073 97 01 1.6 282,230,193
073 97 00 1.6 165,139,110
073 97 00 1.6 84,162,359
073 97 04 1.9 589,711,699
073 97 06 1.9 554,513,496
073 97 07 1.9 505,521,546
073 97 07 1.9 556,538,494
073 97 03 1.9 439,390,354
073 97 00 1.9 325,297,268
073 97 00 1.9 283,431,692
073 97 05 1.9 958,1106,1147
073 97 05 1.9 1156,1164,1187
073 98 07 2.8 1201,1212,1206
073 98 05 2.8 916,844,743
073 98 03 2.8 644,574,534
073 98 00 2.8 482,368,174
073 98 00 2.8 40,97,299
071 98 00 1.3 458,455,313
071 98 00 1.3 212,143,108
071 98 00 1.3 72,43,0
071 98 00 1.3 0,0,0
071 98 00 1.3 0,0,0
071 98 00 1.3 0,0,0
071 98 00 1.3 0,0,6
071 98 04 2.4 0,700,624
071 98 05 2.4 576,554,548
071 98 00 2.4 557,547,510
071 98 00 2.4 437,365,294
071 98 00 2.4 238,191,148
071 98 01 2.4 229,480,802
071 98 05 2.6 1007,1023,810
071 98 05 2.6 755,725,725
071 98 08 2.6 744,771,784
071 98 07 2.6 759,700,627
071 98 01 2.6 557,498,447
071 98 00 2.6 445,624,943
073 98 04 2.9 1264,1404,1399
073 98 05 2.9 925,893,869
073 98 03 2.9 857,868,899
073 98 06 2.9 900,848,749
073 98 02 2.9 643,559,495
073 98 00 2.9 465,539,795
073 98 03 2.7 1118,1329,1348
073 98 04 2.7 840,795,747
073 98 07 2.7 695,665,665
073 98 06 2.7 654,617,549
073 98 01 2.7 464,377,300
073 98 00 2.7 234,172,136
073 98 00 2.7 264,563,889
073 98 06 2.7 1038,1011,803
073 98 06 2.7 735,691,668
073 98 06 2.7 672,674,645
073 98 04 2.7 576,482,385
073 98 00 2.7 301,233,178
073 98 01 2.7 133,75,60
073 98 00 2.7 213,522,839
073 98 05 2.7 997,1026,1042
073 98 08 2.7 1084,1143,1188
073 98 08 2.7 1218,1246,1271
071 98 05 3.7 1270,1185,1140
071 98 07 3.7 1102,1070,1028
071 98 03 3.7 979,925,871
071 98 00 3.7 812,743,756
071 98 00 3.7 971,1333,1643
071 98 07 3.2 1760,1749,1009
071 98 04 3.2 1001,992,968
071 98 05 3.2 956,947,922
071 98 08 3.2 863,781,693
071 98 00 3.2 611,551,504
071 98 00 3.2 465,418,360
071 98 01 3.2 297,227,160
071 98 00 3.2 82,32,169
071 98 02 3.2 499,878,1071
071 98 05 3.2 1071,983,946
071 98 06 3.2 932,923,934
071 98 06 3.2 949,949,911
071 98 07 3.2 844,763,686
071 98 00 3.2 618,569,528
071 98 00 3.2 493,450,398
071 98 00 3.2 335,260,170
071 98 00 3.2 128,294,647
074 98 06 3.3 1020,1191,1168
074 98 06 3.3 968,913,897
074 98 01 3.3 910,938,962
074 98 06 3.3 955,905,828
074 98 03 3.3 751,676,610
074 98 00 3.3 555,510,472
074 98 00 3.3 417,352,276
074 98 00 3.3 202,126,58
074 98 00 3.3 150,468,916
074 98 04 4.1 1259,1383,1374
074 98 06 4.1 1291,1283,1298
074 98 06 4.1 1305,1320,1318
074 98 06 4.1 1290,1220,1129
074 98 05 4.1 1035,953,892
074 98 00 4.1 842,791,736
074 98 00 4.1 668,593,511
074 98 00 4.1 431,359,274
074 98 00 4.1 212,352,714
074 98 06 4.1 1158,1417,1457
074 98 06 3.9 1176,1113,1088
074 98 04 3.9 1105,1132,1166
074 98 03 3.9 1175,1144,1070
074 98 05 3.9 965,871,787
074 98 00 3.9 728,670,620
074 98 00 3.9 557,474,380
074 98 00 3.9 283,187,83
074 98 00 3.9 0,0,121
074 98 01 3.9 497,891,1066
071 98 06 3.6 1041,1008,913
071 98 06 3.6 864,868,906
071 98 07 3.6 943,937,875
071 98 04 3.6 771,654,545
071 98 00 3.6 461,401,357
071 98 00 3.6 313,263,196
071 98 00 3.6 122,41,0
071 98 00 3.6 0,0,73
071 98 02 3.6 493,913,1106
071 98 07 4.0 1104,1216,1172
071 98 08 4.0 1167,1188,1223
071 98 06 4.0 1256,1254,1205
071 98 06 4.0 1118,1018,929
071 98 00 4.0 863,816,771
071 98 00 4.0 727,675,616
071 98 01 4.0 547,475,396
071 98 00 4.0 346,481,837
071 98 06 4.0 1282,1569,1641
071 98 06 4.0 1250,1207,1193
071 98 08 4.0 1212,1237,1272
071 98 08 4.0 1285,1255,1181
071 98 06 4.0 1087,1001,933
071 98 00 4.0 885,840,799
071 98 00 4.0 749,696,629
071 98 00 4.0 539,483,619
071 98 03 4.0 974,1392,1638
071 98 08 3.8 1679,1144,1104
071 98 07 3.8 1091,1101,1120
071 98 04 3.8 1137,1127,1066
071 98 07 3.8 975,870,779
071 98 00 3.8 707,653,604
071 98 00 3.8 555,493,421
071 98 00 3.8 335,238,130
071 98 00 3.8 78,248,643
071 98 06 3.8 1092,1352,1406
071 98 08 4.2 1309,1310,1334
071 98 03 4.2 1351,1354,1359
071 98 07 4.2 1349,1310,1236
071 98 07 4.2 1149,1060,983
071 98 00 4.2 923,873,823
071 98 00 4.2 758,684,613
071 98 00 4.2 547,475,390
071 98 00 4.2 305,372,674
071 98 03 4.2 1122,1474,1599
071 98 08 4.2 1592,1278,1288
071 98 04 4.2 1307,1310,1321
071 98 08 4.2 1325,1295,1235
071 98 06 4.2 1156,1076,1010
071 98 00 4.2 957,920,875
071 98 00 4.2 832,796,763
071 98 00 4.2 735,699,661
071 98 00 4.2 700,949,1370
071 98 01 4.2 1787,2001,2033
076 98 07 4.5 1357,1368,1384
076 98 04 4.5 1371,1336,1348
076 98 06 4.5 1369,1370,1328
076 98 07 4.5 1290,1264,1237
076 98 05 4.5 1189,1119,1023
076 98 00 4.5 895,751,609
076 98 00 4.5 477,353,231
076 98 00 4.5 149,256,582
076 98 03 4.5 988,1236,1288
076 98 08 3.7 1118,1120,1140
076 98 05 3.7 1142,1116,1090
076 98 08 3.7 1067,1032,964
076 98 02 3.7 873,769,671
076 98 00 3.7 582,512,454
076 98 00 3.7 376,272,145
076 98 00 3.7 33,0,0
076 98 00 3.7 0,0,0
076 98 00 3.7 52,470,774
076 98 04 3.9 861,1170,1142
076 98 06 3.9 1153,1162,1157
076 98 05 3.9 1137,1126,1094
076 98 06 3.9 1029,933,830
076 98 00 3.9 734,655,583
076 98 01 3.9 519,441,361
076 98 00 3.9 260,161,67
076 98 00 3.9 0,0,0
076 98 00 3.9 0,307,691
074 98 07 3.6 893,905,1027
074 98 05 3.6 987,979,988
074 98 08 3.6 1000,1021,1021
074 98 07 3.6 981,918,832
074 98 01 3.6 736,638,572
074 98 00 3.6 528,478,407
074 98 00 3.6 318,217,116
074 98 00 3.6 21,0,0
074 98 01 3.6 0,249,697
074 98 05 4.2 1040,1168,1161
074 98 05 4.2 1288,1301,1325
074 98 08 4.2 1340,1366,1382
074 98 07 4.2 1358,1268,1161
074 98 04 4.2 1072,995,931
074 98 00 4.2 873,830,777
074 98 00 4.2 726,652,561
074 98 00 4.2 438,309,180
074 98 00 4.2 100,249,615
074 98 05 4.2 1050,1303,1348
074 98 07 4.0 1197,1161,1176
074 98 05 4.0 1210,1237,1263
074 98 04 4.0 1295,1306,1264
074 98 06 4.0 1178,1075,982
074 98 00 4.0 899,828,751
074 98 00 4.0 666,561,446
074 98 00 4.0 331,221,115
074 98 00 4.0 19,82,372
074 98 03 4.0 790,1096,1184
069 98 05 3.8 1118,1043,994
069 98 07 3.8 981,998,1026
069 98 08 3.8 1036,993,902
069 98 02 3.8 785,664,562
069 98 01 3.8 493,442,402
069 98 00 3.8 349,288,228
069 98 00 3.8 157,80,94
069 98 00 3.8 343,770,1166
069 98 08 4.2 1352,1372,1292
069 98 05 4.2 1289,1316,1341
069 98 08 4.2 1371,1387,1371
069 98 05 4.2 1304,1210,1101
069 98 02 4.2 992,890,803
069 98 00 4.2 725,644,562
069 98 00 4.2 471,378,279
069 98 00 4.2 233,390,740
069 98 06 4.2 1149,1389,1450
069 98 06 4.0 1209,1211,1225
069 98 07 4.0 1224,1202,1184
069 98 07 4.0 1159,1105,1016
069 98 03 4.0 915,823,732
069 98 00 4.0 646,562,499
069 98 00 4.0 429,354,265
069 98 00 4.0 169,62,54
069 98 00 4.0 278,699,1099
067 98 05 4.2 1292,1312,1261
067 98 02 4.2 1260,1269,1258
067 98 07 4.2 1246,1234,1202
067 98 06 4.2 1136,1041,943
067 98 00 4.2 846,764,694
067 98 00 4.2 629,564,494
067 98 00 4.2 422,349,272
067 98 00 4.2 339,617,1039
067 98 08 4.0 1366,1476,1465
067 98 07 4.0 1173,1162,1165
067 98 06 4.0 1178,1207,1215
067 98 03 4.0 1195,1139,1041
067 98 04 4.0 932,838,782
067 98 00 4.0 723,670,611
067 98 01 4.0 552,470,377
067 98 00 4.0 373,608,1041
067 98 05 4.0 1473,1697,1752
067 98 05 4.0 1765,1795,1815
067 98 04 4.9 1453,1428,1411
067 98 05 4.9 1372,1309,1216
067 98 04 4.9 1115,1022,942
067 98 00 4.9 866,772,709
067 98 00 4.9 663,608,503
067 98 00 4.9 371,262,314
067 98 00 4.9 597,1022,1341
069 98 05 3.9 1430,1125,1046
069 98 05 3.9 981,925,890
069 98 06 3.9 893,899,861
069 98 03 3.9 764,626,481
069 98 00 3.9 331,215,128
069 98 00 3.9 45,0,0
069 98 00 3.9 0,0,0
069 98 00 3.9 0,108,462
069 98 06 3.7 638,669,1128
069 98 07 3.7 1105,1024,883
069 98 03 3.7 727,607,508
069 98 01 3.7 405,294,197
069 98 00 3.7 172,159,163
069 98 00 3.7 126,78,0
069 98 00 3.7 0,0,0
069 98 00 3.7 0,235,564
069 98 07 3.7 749,836,863
069 98 06 3.7 1064,896,695
069 98 01 3.7 552,466,386
069 98 00 3.7 257,93,0

