176927!20191007_131055!1!3
3.25!2.95!3.03!3.11!2.83!3.15!
97!54!62!0!601
499.8 3.24 47 166

054 97 00 4.0 0,0,0
054 97 01 4.0 0,0,0
054 97 01 4.0 0,0,565
054 97 07 4.0 1624,2622,3153
056 97 04 8.2 3361,3387,3675
056 97 04 8.2 3406,3093,2875
056 97 05 8.2 2780,2733,2632
056 97 03 8.2 2435,2167,1876
056 97 00 8.2 1611,1394,1222
056 97 00 8.2 1081,964,860
056 97 00 8.2 766,670,583
056 97 01 8.2 490,402,312
056 97 01 8.2 244,282,681
056 97 03 8.2 1594,2682,3527
056 97 06 8.2 3902,4026,4009
056 97 06 8.2 3604,3324,3046
056 97 04 8.2 2872,2801,2738
056 97 04 8.2 2617,2406,2136
056 97 00 8.2 1836,1561,1325
056 97 00 8.2 1139,979,849
056 97 00 8.2 733,632,536
056 97 00 8.2 448,361,264
056 97 00 8.2 173,109,161
056 97 00 8.2 598,1518,2598
056 97 03 8.2 3392,3738,3832
056 97 05 8.0 3666,3446,3135
056 97 03 8.0 2858,2705,2647
056 97 04 8.0 2582,2437,2194
056 97 00 8.0 1902,1604,1336
056 97 00 8.0 1121,949,808
056 97 00 8.0 684,582,486
056 97 00 8.0 388,293,206
056 97 00 8.0 126,40,0
056 97 01 8.0 0,88,750
056 97 03 8.0 1759,2746,3288
055 97 05 7.6 3456,3421,3303
055 97 05 7.6 2980,2630,2387
055 97 04 7.6 2281,2237,2161
055 97 01 7.6 1989,1753,1483
055 97 00 7.6 1233,1022,844
055 97 00 7.6 704,587,499
055 97 00 7.6 422,348,275
055 97 02 7.6 201,124,39
055 97 00 7.6 0,0,0
055 97 00 7.6 246,989,1872
055 97 05 6.2 2549,2773,2806
055 97 05 6.2 2525,2144,1790
055 97 03 6.2 1564,1460,1387
055 97 00 6.2 1303,1172,1010
055 97 00 6.2 828,645,486
055 97 00 6.2 352,240,144
055 97 01 6.2 67,4,0
055 97 00 6.2 0,0,0
055 97 00 6.2 0,0,0
055 97 00 6.2 8,865,1918
055 97 07 6.2 2750,3094,3165
055 97 06 7.5 3446,3208,2877
055 97 05 7.5 2563,2366,2267
055 97 03 7.5 2183,2053,1856
055 97 00 7.5 1625,1395,1203
055 97 00 7.5 1045,917,807
055 97 01 7.5 718,638,565
055 97 00 7.5 495,418,346
055 97 00 7.5 264,209,231
055 97 00 7.5 591,1435,2423
056 97 04 6.8 3149,3378,3340
056 97 05 6.8 2925,2593,2245
056 97 05 6.8 2022,1952,1948
056 97 03 6.8 1900,1764,1566
056 97 00 6.8 1335,1117,919
056 97 00 6.8 768,640,539
056 97 01 6.8 452,386,332
056 97 00 6.8 279,222,160
056 97 00 6.8 105,133,447
056 97 03 6.8 1247,2217,2977
056 97 08 6.8 3254,3245,2953
056 97 06 6.8 2622,2239,1939
056 97 03 6.8 1790,1728,1681
056 97 00 6.8 1573,1412,1212
056 97 00 6.8 1010,819,650
056 97 00 6.8 507,403,334
056 97 01 6.8 282,227,163
056 97 00 6.8 83,0,0
056 97 00 6.8 26,609,1676
056 97 06 6.8 2839,3608,3915
056 97 07 8.7 4007,4021,3841
056 97 05 8.7 3567,3332,3207
056 97 04 8.7 3166,3107,2974
056 97 03 8.7 2749,2467,2163
056 97 00 8.7 1887,1656,1467
056 97 00 8.7 1320,1196,1095
056 97 00 8.7 998,902,798
056 97 00 8.7 697,620,702
056 97 01 8.7 1289,2416,3669
056 97 04 8.7 4529,4890,5011
057 97 04 9.6 5000,4232,3972
057 97 07 9.6 3716,3568,3523
057 97 07 9.6 3487,3376,3174
057 97 02 9.6 2899,2596,2289
057 97 00 9.6 2008,1763,1544
057 97 00 9.6 1362,1205,1073
057 97 00 9.6 947,823,705
057 97 00 9.6 626,748,1440
057 97 04 9.6 2582,3732,4393
057 97 06 8.8 4611,4632,3892
057 97 05 8.8 3652,3363,3136
057 97 07 8.8 3031,2995,2945
057 97 06 8.8 2819,2607,2346
057 97 00 8.8 2067,1803,1552
057 97 00 8.8 1337,1148,996
057 97 01 8.8 861,740,614
057 97 02 8.8 485,364,298
057 97 00 8.8 566,1457,2659
057 97 05 8.4 3657,4053,4085
057 97 05 8.4 3630,3332,2969
057 97 04 8.4 2717,2661,2722
057 97 03 8.4 2740,2640,2427
057 97 01 8.4 2158,1878,1621
057 97 00 8.4 1387,1184,1000
057 97 00 8.4 823,657,501
057 97 01 8.4 367,230,94
057 97 01 8.4 0,0,0
057 97 00 8.4 639,1791,2983
058 97 04 8.6 3638,3786,3827
058 97 07 8.6 3617,3290,2965
058 97 06 8.6 2780,2773,2835
058 97 03 8.6 2840,2731,2503
058 97 00 8.6 2193,1837,1499
058 97 01 8.6 1205,982,801
058 97 00 8.6 652,519,401
058 97 00 8.6 292,185,82
058 97 00 8.6 0,0,299
058 97 01 8.6 1303,2614,3667
058 97 07 9.2 4076,4123,4098
058 97 05 9.2 3922,3640,3317
058 97 05 9.2 3072,2965,2938
058 97 07 9.2 2895,2768,2527
058 97 01 9.2 2206,1847,1515
058 97 00 9.2 1227,990,784
058 97 00 9.2 615,486,382
058 97 00 9.2 288,188,90
058 97 00 9.2 0,0,227
058 97 02 9.2 1117,2324,3324
058 97 07 8.3 3701,3710,3644
058 97 03 8.3 3464,3205,2930
058 97 06 8.3 2720,2580,2434
058 97 01 8.3 2226,1951,1645
058 97 00 8.3 1340,1068,844
058 97 00 8.3 665,509,375
058 97 00 8.3 255,149,50
058 97 01 8.3 0,0,0
058 97 00 8.3 0,167,1087
058 97 05 8.3 2177,2967,3171
059 97 05 7.5 3285,2998,2595
059 97 05 7.5 2163,1816,1606
059 97 00 7.5 1490,1411,1291
059 97 00 7.5 1131,924,725
059 97 00 7.5 536,384,252
059 97 00 7.5 145,49,0
059 97 00 7.5 0,0,0
059 97 00 7.5 0,0,0
059 97 00 7.5 0,748,1861
059 97 06 7.7 2789,3140,3103
059 97 04 7.7 3276,2915,2490
059 97 04 7.7 2116,1871,1743
059 97 01 7.7 1667,1566,1402
059 97 00 7.7 1187,969,775
059 97 01 7.7 610,477,357
059 97 00 7.7 262,176,97
059 97 01 7.7 13,0,0
059 97 01 7.7 0,0,0
059 97 01 7.7 725,1812,2750
059 97 04 7.4 3128,3070,3080
059 97 06 7.4 2699,2267,1895
059 97 01 7.4 1657,1534,1461
059 97 00 7.4 1370,1243,1074
059 97 00 7.4 901,724,569
059 97 01 7.4 431,314,221
059 97 00 7.4 144,77,14
059 97 00 7.4 0,0,0
059 97 00 7.4 0,3,692
059 97 05 7.4 1677,2501,2773
060 97 08 6.4 2794,2401,1953
060 97 03 6.4 1571,1333,1212
060 97 00 6.4 1154,1077,980
060 97 00 6.4 840,691,536
060 97 00 6.4 389,262,145
060 97 00 6.4 49,0,0
060 97 00 6.4 0,0,0
060 97 01 6.4 0,0,0
060 97 02 6.4 547,1452,2226
060 97 04 6.0 2565,2735,2434
060 97 06 6.0 2019,1618,1337
060 97 00 6.0 1193,1115,1053
060 97 00 6.0 963,848,711
060 97 00 6.0 565,423,288
060 97 00 6.0 179,99,34
060 97 00 6.0 0,0,0
060 97 00 6.0 0,0,0
060 97 03 6.0 313,1363,2546
060 97 07 8.1 3361,3587,3773
060 97 06 8.1 3596,3284,2890
060 97 04 8.1 2537,2332,2256
060 97 01 8.1 2200,2095,1915
060 97 00 8.1 1688,1452,1236
060 97 00 8.1 1053,907,788
060 97 00 8.1 691,605,522
060 97 01 8.1 439,360,290
060 97 00 8.1 265,518,1459
060 97 05 8.1 2780,3932,4411
062 97 06 9.0 4473,4142,3944
062 97 06 9.0 3615,3239,2974
062 97 06 9.0 2887,2900,2882
062 97 06 9.0 2768,2526,2225
062 97 01 9.0 1897,1617,1383
062 97 00 9.0 1201,1043,906
062 97 01 9.0 784,683,583
062 97 00 9.0 481,378,329
062 97 01 9.0 583,1492,2752
062 97 06 8.5 3822,4255,4281
062 97 05 8.5 3828,3569,3207
062 97 07 8.5 2844,2631,2568
062 97 05 8.5 2564,2499,2337
062 97 00 8.5 2076,1779,1486
062 97 00 8.5 1234,1022,848
062 97 01 8.5 714,597,503
062 97 00 8.5 409,317,219
062 97 00 8.5 137,210,842
062 97 04 8.5 1982,3154,3791
062 97 05 8.1 3885,3630,3374
062 97 05 8.1 3009,2613,2344
062 97 03 8.1 2243,2223,2168
062 97 00 8.1 2019,1793,1527
062 97 00 8.1 1269,1033,831
062 97 00 8.1 651,498,375
062 97 01 8.1 284,210,138
062 97 00 8.1 54,0,0
062 97 00 8.1 0,201,1170
062 97 06 8.1 2390,3312,3589
062 97 07 8.1 3652,3389,2986
062 97 05 8.1 2543,2203,2060
062 97 00 8.1 2046,2039,1947
062 97 00 8.1 1759,1510,1258
062 97 00 8.1 1027,834,668
062 97 00 8.1 536,422,324
062 97 00 8.1 233,153,71
062 97 00 8.1 0,0,0
062 97 01 8.1 0,1,832
062 97 06 8.1 2002,3022,3426
062 97 07 7.9 3398,3381,3000
062 97 06 7.9 2553,2176,1967
062 97 00 7.9 1902,1875,1789
062 97 00 7.9 1618,1392,1164
062 97 00 7.9 960,783,628
062 97 00 7.9 504,406,316
062 97 00 7.9 238,164,94
062 97 00 7.9 20,0,0
062 97 00 7.9 0,0,451
062 97 04 7.9 1445,2493,3094
062 97 06 7.2 3170,3122,2744
062 97 06 7.2 2299,1925,1715
062 97 00 7.2 1637,1610,1552
062 97 00 7.2 1435,1266,1079
062 97 00 7.2 900,735,589
062 97 01 7.2 469,373,294
062 97 00 7.2 217,147,86
062 97 00 7.2 21,0,0
062 97 00 7.2 0,0,355
062 97 06 7.2 1310,2367,3027
061 97 06 7.1 3138,3113,2750
061 97 05 7.1 2327,1960,1748
061 97 00 7.1 1661,1617,1546
061 97 00 7.1 1418,1243,1057
061 97 00 7.1 886,735,599
061 97 00 7.1 476,378,304
061 97 00 7.1 238,179,112
061 97 00 7.1 52,0,0
061 97 00 7.1 0,3,664
061 97 04 7.1 1799,2993,3685
061 97 06 8.5 3885,3852,3791
061 97 06 8.5 3489,3131,2862
061 97 04 8.5 2741,2720,2677
061 97 05 8.5 2541,2316,2052
061 97 00 8.5 1811,1610,1442
061 97 00 8.5 1281,1131,989
061 97 00 8.5 866,751,643
061 97 00 8.5 547,458,377
061 97 00 8.5 314,380,939
061 97 06 8.5 2021,3203,3943
061 97 07 8.2 4133,3767,3569
061 97 04 8.2 3256,2895,2631
061 97 06 8.2 2542,2549,2537
061 97 03 8.2 2420,2211,1950
061 97 00 8.2 1679,1442,1236
061 97 00 8.2 1065,915,775
061 97 00 8.2 647,523,418
061 97 00 8.2 320,234,150
061 97 01 8.2 95,180,744
061 97 04 8.2 1796,2930,3624
061 97 05 7.9 3797,3627,3412
061 97 05 7.9 3074,2691,2422
061 97 05 7.9 2349,2383,2376
061 97 04 7.9 2261,2054,1804
061 97 00 7.9 1552,1329,1133
061 97 00 7.9 966,822,702
061 97 00 7.9 610,523,445
061 97 00 7.9 354,269,180
061 97 01 7.9 131,276,960
061 97 05 7.9 2012,3003,3464
061 97 04 7.3 3477,3108,2725
061 97 05 7.3 2316,2036,1968
061 97 06 7.3 2012,2041,1965
061 97 01 7.3 1801,1594,1369
061 97 00 7.3 1149,948,784
061 97 00 7.3 653,550,464
061 97 00 7.3 390,310,223
061 97 00 7.3 127,42,27
061 97 00 7.3 372,1336,2608
061 97 08 7.3 3643,4096,4202
061 97 03 9.0 4155,3995,3721
061 97 07 9.0 3447,3292,3266
061 97 04 9.0 3259,3196,3040
061 97 03 9.0 2806,2509,2208
061 97 00 9.0 1938,1712,1521
061 97 00 9.0 1370,1258,1166
061 97 00 9.0 1072,982,890
061 97 00 9.0 805,748,965
061 97 03 9.0 1794,2994,4093
061 97 07 8.9 4644,4826,4837
061 97 08 8.9 3961,3700,3411
061 97 05 8.9 3254,3256,3301
061 97 04 8.9 3270,3120,2890
061 97 02 8.9 2612,2333,2069
061 97 00 8.9 1826,1615,1443
061 97 00 8.9 1328,1237,1137
061 97 00 8.9 991,823,651
061 97 01 8.9 521,554,1092
061 97 03 8.9 2062,3072,3624
061 97 05 7.1 3706,3022,2677
061 97 06 7.1 2288,2020,1966
061 97 04 7.1 2045,2116,2086
061 97 04 7.1 1943,1710,1433
061 97 00 7.1 1141,864,632
061 97 00 7.1 459,335,226
061 97 00 7.1 123,22,0
061 97 00 7.1 0,0,0
061 97 00 7.1 414,1567,2847
061 97 05 7.1 3673,4001,4111
061 97 04 9.6 4084,4193,3924
061 97 08 9.6 3699,3607,3617
061 97 06 9.6 3609,3504,3305
061 97 03 9.6 3040,2752,2454
061 97 00 9.6 2188,1966,1789
061 97 00 9.6 1636,1495,1353
061 97 00 9.6 1198,1033,862
061 97 00 9.6 735,834,1581
061 97 06 9.6 2802,4019,4688
061 97 07 9.6 4928,5003,4973
061 97 06 9.6 4079,3793,3542
061 97 06 9.6 3427,3427,3405
061 97 07 9.6 3302,3101,2829
061 97 00 9.6 2523,2209,1928
061 97 01 9.6 1672,1453,1260
061 97 00 9.6 1095,937,789
061 97 00 9.6 627,470,323
061 97 00 9.6 209,304,1027
061 97 05 9.6 2231,3436,4080
061 97 06 9.1 4261,4247,3903
061 97 05 9.1 3613,3285,3067
061 97 03 9.1 3031,3064,3045
061 97 05 9.1 2907,2669,2369
061 97 00 9.1 2047,1739,1470
061 97 01 9.1 1236,1040,869
061 97 00 9.1 719,573,433
061 97 00 9.1 297,164,43
061 97 00 9.1 0,423,1495
061 97 04 9.1 2839,3847,4264
061 97 04 9.8 4379,4368,4234
061 97 05 9.8 3962,3670,3489
061 97 08 9.8 3452,3442,3365
061 97 06 9.8 3180,2926,2616
061 97 01 9.8 2294,1984,1710
061 97 00 9.8 1460,1250,1069
061 97 00 9.8 923,777,628
061 97 00 9.8 472,322,203
061 97 00 9.8 229,840,2016
061 97 06 9.8 3320,4143,4437
061 97 06 9.7 4497,4251,4029
061 97 04 9.7 3700,3399,3260
061 97 04 9.7 3241,3226,3114
061 97 03 9.7 2898,2607,2282
061 97 00 9.7 1958,1662,1403
061 97 00 9.7 1189,1009,856
061 97 00 9.7 711,564,410
061 97 00 9.7 256,117,0
061 97 01 9.7 0,402,1444
061 97 03 9.7 2712,3618,3926
061 97 05 8.9 3926,3819,3534
061 97 04 8.9 3176,2905,2820
061 97 05 8.9 2839,2823,2702
061 97 02 8.9 2488,2211,1906
061 97 00 8.9 1598,1306,1044
061 97 00 8.9 828,648,503
061 97 00 8.9 364,247,127
061 97 00 8.9 1,0,0
061 97 00 8.9 0,357,1531
061 97 04 8.9 2829,3633,3869
061 97 03 9.3 3856,3981,3675
061 97 06 9.3 3304,3031,2957
061 97 03 9.3 2995,2990,2858
061 97 03 9.3 2583,2240,1875
061 97 00 9.3 1550,1275,1064
061 97 00 9.3 897,756,623
061 97 00 9.3 493,364,230
061 97 00 9.3 91,0,0
061 97 01 9.3 0,554,1753
061 97 07 9.3 3053,3840,4082
060 97 06 9.5 4078,4105,3820
060 97 04 9.5 3450,3143,3010
060 97 07 9.5 2997,2969,2846
060 97 02 9.5 2610,2306,1980
060 97 00 9.5 1680,1420,1198
060 97 00 9.5 1006,843,705
060 97 00 9.5 589,483,378
060 97 01 9.5 268,155,47
060 97 00 9.5 18,422,1434
060 97 05 9.5 2675,3560,3851
060 97 06 8.6 3810,3588,3224
060 97 04 8.6 2829,2570,2514
060 97 08 8.6 2550,2545,2421
060 97 01 8.6 2200,1894,1562
060 97 00 8.6 1250,1006,828
060 97 00 8.6 685,560,438
060 97 01 8.6 319,203,79
060 97 00 8.6 0,0,0
060 97 00 8.6 309,1378,2659
060 97 04 9.1 3573,3899,3928
060 97 04 9.1 3987,3709,3324
060 97 07 9.1 3001,2849,2837
060 97 08 9.1 2815,2706,2485
060 97 00 9.1 2197,1885,1596
060 97 00 9.1 1355,1145,972
060 97 00 9.1 825,707,586
060 97 00 9.1 459,319,184
060 97 01 9.1 72,83,590
060 97 00 9.1 1706,3013,3931
060 97 03 9.5 4269,4324,4181
060 97 05 9.5 3925,3567,3273
060 97 07 9.5 3149,3156,3140
060 97 07 9.5 3032,2819,2531
060 97 00 9.5 2218,1908,1636
060 97 00 9.5 1401,1206,1045
060 97 00 9.5 910,789,673
060 97 00 9.5 544,411,286
060 97 01 9.5 250,618,1625
060 97 03 9.5 2896,3881,4274
060 97 05 9.1 4325,3959,3672
060 97 04 9.1 3337,3102,3050
060 97 05 9.1 3088,3088,2973
060 97 03 9.1 2762,2486,2189
060 97 00 9.1 1905,1646,1430
060 97 00 9.1 1234,1070,920
060 97 01 9.1 770,623,470
060 97 01 9.1 338,241,402
060 97 01 9.1 1214,2453,3618
060 97 05 9.1 4186,4321,4031
060 97 04 9.1 3827,3503,3191
060 97 03 9.1 3034,3028,3044
060 97 04 9.1 2983,2809,2556
060 97 01 9.1 2260,1976,1731
060 97 00 9.1 1515,1319,1132
060 97 01 9.1 961,804,644
060 97 01 9.1 494,345,225
060 97 00 9.1 213,709,1825
060 97 04 9.1 3153,4108,4500
060 97 04 10.0 4614,4382,4178
060 97 06 10.0 3851,3554,3409
060 97 07 10.0 3399,3389,3295
060 97 05 10.0 3091,2821,2523
060 97 00 10.0 2237,1974,1735
060 97 00 10.0 1521,1322,1136
060 97 00 10.0 945,763,592
060 97 00 10.0 448,427,902
060 97 02 10.0 1983,3267,4175
060 97 04 9.5 4531,4601,4114
060 97 07 9.5 3859,3498,3183
060 97 05 9.5 3036,3031,3028
060 97 07 9.5 2944,2747,2476
060 97 00 9.5 2168,1858,1575
060 97 00 9.5 1330,1125,947
060 97 00 9.5 779,615,441
060 97 00 9.5 274,122,87
060 97 00 9.5 565,1661,2960
060 97 05 9.5 3863,4192,4240
060 97 08 9.5 4055,3782,3419
060 97 07 9.5 3117,2978,2950
060 97 07 9.5 2918,2796,2574
060 97 00 9.5 2283,1957,1633
060 97 00 9.5 1332,1084,886
060 97 00 9.5 719,571,426
060 97 00 9.5 282,120,0
060 97 00 9.5 0,0,214
060 97 01 9.5 1299,2601,3520
061 97 03 9.2 3821,3810,3859
061 97 04 9.2 3506,3094,2788
061 97 04 9.2 2670,2665,2637
061 97 02 9.2 2512,2290,2009
061 97 00 9.2 1700,1393,1100
061 97 00 9.2 847,629,460
061 97 00 9.2 319,195,72
061 97 00 9.2 0,0,0
061 97 00 9.2 0,112,1147
061 97 03 9.2 2401,3316,3617
061 97 05 8.9 3580,3676,3302
061 97 07 8.9 2866,2523,2370
061 97 01 8.9 2338,2299,2166
061 97 00 8.9 1939,1653,1357
061 97 00 8.9 1077,836,617
061 97 00 8.9 439,295,178
061 97 00 8.9 74,0,0
061 97 02 8.9 0,0,0
061 97 00 8.9 0,683,1971
061 97 05 8.9 3128,3639,3712
061 97 07 9.2 4017,3752,3366
061 97 06 9.2 2982,2714,2578
061 97 02 9.2 2488,2363,2157
061 97 00 9.2 1886,1607,1357
061 97 00 9.2 1144,953,778
061 97 00 9.2 615,455,317
061 97 00 9.2 201,99,4
061 97 00 9.2 0,0,0
061 97 00 9.2 336,1353,2520
061 97 08 8.2 3320,3533,3578
061 97 05 8.2 3262,2831,2408
061 97 05 8.2 2127,2010,1957
061 97 00 8.2 1877,1726,1532
061 97 00 8.2 1318,1104,901
061 97 00 8.2 715,543,391
061 97 00 8.2 262,154,53
061 97 00 8.2 0,0,0
061 97 00 8.2 0,11,905
061 97 06 8.2 2136,3191,3610
061 97 05 8.6 3612,3661,3317
061 97 06 8.6 2899,2554,2370
061 97 04 8.6 2306,2253,2139
061 97 00 8.6 1961,1735,1496
061 97 00 8.6 1265,1056,872
061 97 00 8.6 704,561,440
061 97 00 8.6 340,244,155
061 97 00 8.6 64,0,61
061 97 00 8.6 686,1898,3242
061 97 08 9.7 4092,4358,4364
061 97 08 9.7 4228,3937,3572
061 97 05 9.7 3286,3156,3129
061 97 03 9.7 3085,2961,2738
061 97 00 9.7 2467,2183,1910
061 97 00 9.7 1655,1419,1219
061 97 00 9.7 1043,901,774
061 97 00 9.7 663,545,432
061 97 01 9.7 340,391,988
061 97 06 9.7 2168,3474,4306
061 97 06 9.4 4552,4526,4018
061 97 07 9.4 3713,3366,3124
061 97 06 9.4 3056,3068,3046
061 97 06 9.4 2922,2706,2432
061 97 00 9.4 2140,1856,1589
061 97 01 9.4 1360,1160,989
061 97 00 9.4 840,719,605
061 97 01 9.4 488,367,252
061 97 00 9.4 201,480,1420
061 97 05 9.4 2663,3682,4058
061 97 07 8.7 4036,3623,3281
061 97 07 8.7 2921,2667,2577
061 97 06 8.7 2575,2554,2439
061 97 01 8.7 2246,2004,1752
061 97 00 8.7 1496,1256,1038
061 97 00 8.7 849,685,547
061 97 00 8.7 425,323,222
061 97 00 8.7 115,12,2
061 97 00 8.7 416,1502,2865
061 97 07 8.7 3942,4395,4518
061 97 08 10.1 4497,4360,4080
061 97 06 10.1 3773,3553,3458
061 97 06 10.1 3419,3363,3234
061 97 03 10.1 3036,2774,2473
061 97 00 10.1 2160,1859,1597
061 97 00 10.1 1382,1210,1063
061 97 00 10.1 923,783,637
061 97 00 10.1 495,379,400
061 97 00 10.1 901,1994,3256
061 97 07 9.4 4145,4476,4509
061 97 06 9.4 4024,3754,3419
061 97 07 9.4 3148,3011,2974
061 97 07 9.4 2936,2833,2633
061 97 00 9.4 2347,2006,1666
061 97 00 9.4 1358,1111,907
061 97 00 9.4 757,616,485
061 97 00 9.4 352,220,88
061 97 00 9.4 0,0,62
061 97 02 9.4 891,2160,3359
061 97 05 9.4 3951,4066,4090

