176927!20190911_131935!0!0
2.84!3.33!3.14!3.2!3.12!3.16!
96!56!59!257!257
540.6 3.31 71 119

056 96 01 1.9 183,117,47
056 96 01 1.9 0,0,165
056 96 03 1.9 534,957,1240
058 96 03 2.7 1358,1387,1385
058 96 04 2.7 1375,1313,1261
058 96 03 2.7 1247,1256,1256
058 96 05 2.7 1222,1166,1092
058 96 02 2.7 1009,926,852
058 96 00 2.7 794,741,687
058 96 02 2.7 628,566,507
058 96 01 2.7 446,380,311
058 96 00 2.7 247,178,112
058 96 00 2.7 69,147,430
058 96 03 2.7 855,1246,1470
058 96 03 3.0 1562,1595,1589
058 96 04 3.0 1475,1416,1374
058 96 03 3.0 1357,1357,1337
058 96 05 3.0 1295,1231,1157
058 96 01 3.0 1079,994,919
058 96 00 3.0 844,773,712
058 96 01 3.0 653,597,531
058 96 00 3.0 472,404,341
058 96 00 3.0 264,199,126
058 96 00 3.0 98,211,532
058 96 04 3.0 970,1337,1538
058 96 03 3.0 1625,1664,1664
058 96 05 3.0 1511,1442,1391
058 96 04 3.0 1375,1363,1336
058 96 07 3.0 1285,1216,1132
058 96 00 3.0 1045,960,884
058 96 00 3.0 819,753,692
058 96 00 3.0 627,570,509
058 96 00 3.0 444,368,289
058 96 00 3.0 217,146,78
058 96 00 3.0 15,18,202
058 96 03 3.0 581,1001,1275
058 96 08 2.7 1369,1383,1351
058 96 05 2.7 1301,1237,1205
058 96 07 2.7 1207,1217,1211
058 96 07 2.7 1176,1118,1042
058 96 01 2.7 959,872,789
058 96 00 2.7 714,657,609
058 96 01 2.7 552,491,428
058 96 00 2.7 373,308,242
058 96 00 2.7 165,101,43
058 96 00 2.7 58,255,643
058 96 05 2.7 1073,1359,1482
058 96 05 2.9 1516,1514,1440
058 96 04 2.9 1383,1330,1310
058 96 04 2.9 1308,1300,1267
058 96 04 2.9 1208,1140,1057
058 96 00 2.9 977,894,818
058 96 01 2.9 751,693,638
058 96 01 2.9 573,510,449
058 96 00 2.9 390,320,246
058 96 00 2.9 174,129,194
058 96 00 2.9 484,917,1326
058 96 03 2.9 1563,1666,1710
058 96 05 3.1 1712,1545,1482
058 96 06 3.1 1428,1414,1406
058 96 07 3.1 1392,1343,1282
058 96 03 3.1 1205,1121,1033
058 96 00 3.1 947,871,807
058 96 00 3.1 740,670,599
058 96 00 3.1 526,457,383
058 96 00 3.1 305,227,143
058 96 00 3.1 75,56,218
058 96 02 3.1 593,1042,1377
058 96 05 3.0 1527,1579,1587
058 96 07 3.0 1510,1458,1403
058 96 06 3.0 1381,1379,1373
058 96 06 3.0 1341,1278,1209
058 96 02 3.0 1127,1041,955
058 96 00 3.0 884,817,755
058 96 00 3.0 691,633,567
058 96 00 3.0 504,441,389
058 96 00 3.0 324,258,189
058 96 00 3.0 132,153,368
058 96 01 3.0 762,1156,1389
058 96 05 2.6 1456,1456,1288
058 96 04 2.6 1223,1159,1122
058 96 06 2.6 1126,1126,1114
058 96 07 2.6 1057,994,906
058 96 00 2.6 820,726,653
058 96 00 2.6 581,519,454
058 96 00 2.6 400,337,278
058 96 00 2.6 211,142,72
058 96 00 2.6 5,0,0
058 96 00 2.6 0,276,726
058 96 02 2.6 1149,1391,1503
058 96 08 3.3 1563,1587,1654
058 96 07 3.3 1592,1536,1510
058 96 04 3.3 1500,1484,1442
058 96 07 3.3 1375,1296,1205
058 96 00 3.3 1126,1040,970
058 96 01 3.3 894,831,763
058 96 00 3.3 703,636,566
058 96 00 3.3 495,424,354
058 96 00 3.3 270,209,251
058 96 00 3.3 519,948,1371
058 96 05 3.3 1633,1738,1775
058 96 07 3.1 1557,1520,1455
058 96 06 3.1 1403,1375,1377
058 96 03 3.1 1363,1329,1259
058 96 04 3.1 1178,1091,1004
058 96 00 3.1 921,846,778
058 96 00 3.1 718,657,597
058 96 00 3.1 533,458,386
058 96 00 3.1 311,238,160
058 96 00 3.1 99,120,346
058 96 00 3.1 733,1138,1372
058 96 05 2.7 1463,1464,1333
058 96 07 2.7 1257,1185,1151
058 96 08 2.7 1145,1142,1128
058 96 06 2.7 1088,1025,943
058 96 00 2.7 851,764,680
058 96 01 2.7 608,548,490
058 96 00 2.7 432,374,321
058 96 00 2.7 262,193,122
058 96 00 2.7 68,122,386
058 96 03 2.7 804,1202,1437
058 96 04 3.0 1543,1582,1574
058 96 04 3.0 1465,1403,1364
058 96 03 3.0 1337,1331,1309
058 96 05 3.0 1265,1195,1109
058 96 01 3.0 1014,923,838
058 96 01 3.0 773,710,647
058 96 01 3.0 583,517,451
058 96 00 3.0 375,296,228
058 96 00 3.0 226,398,764
058 96 02 3.0 1181,1480,1612
058 96 04 2.9 1658,1654,1385
058 96 05 2.9 1309,1246,1223
058 96 05 2.9 1215,1201,1162
058 96 03 2.9 1091,996,888
058 96 00 2.9 783,690,607
058 96 01 2.9 536,460,391
058 96 00 2.9 323,257,184
058 96 00 2.9 102,17,0
058 96 00 2.9 0,92,458
058 96 05 2.9 887,1189,1311
058 96 06 2.8 1336,1390,1325
058 96 04 2.8 1246,1195,1186
058 96 05 2.8 1193,1187,1141
058 96 03 2.8 1065,967,870
058 96 00 2.8 777,698,623
058 96 01 2.8 562,496,439
058 96 00 2.8 381,325,261
058 96 00 2.8 189,110,37
058 96 00 2.8 37,229,607
058 96 03 2.8 1012,1270,1358
059 96 05 2.6 1356,1281,1198
059 96 06 2.6 1113,1058,1050
059 96 07 2.6 1048,1038,988
059 96 03 2.6 920,833,740
059 96 00 2.6 646,559,485
059 96 00 2.6 418,356,294
059 96 00 2.6 230,164,98
059 96 00 2.6 27,0,0
059 96 00 2.6 5,328,794
059 96 04 2.6 1197,1423,1511
059 96 05 3.2 1545,1619,1566
059 96 05 3.2 1496,1455,1449
059 96 05 3.2 1447,1424,1371
059 96 05 3.2 1293,1201,1100
059 96 00 3.2 1008,925,850
059 96 01 3.2 787,720,657
059 96 00 3.2 592,528,464
059 96 00 3.2 396,320,241
059 96 00 3.2 196,301,637
059 96 06 3.2 1104,1505,1712
059 96 05 3.2 1783,1804,1587
059 96 05 3.2 1535,1466,1413
059 96 05 3.2 1392,1382,1364
059 96 07 3.2 1313,1237,1142
059 96 00 3.2 1043,942,850
059 96 00 3.2 773,702,630
059 96 00 3.2 559,486,420
059 96 00 3.2 347,281,207
059 96 00 3.2 132,56,0
059 96 00 3.2 0,178,578
059 96 03 3.2 1024,1323,1433
059 96 05 2.9 1441,1434,1362
059 96 05 2.9 1290,1245,1245
059 96 08 2.9 1258,1249,1208
059 96 05 2.9 1136,1051,961
059 96 00 2.9 871,788,713
059 96 01 2.9 655,594,535
059 96 00 2.9 474,408,345
059 96 00 2.9 275,213,149
059 96 00 2.9 83,27,64
059 96 00 2.9 312,726,1133
059 96 06 2.8 1366,1444,1436
059 96 05 2.8 1369,1299,1229
059 96 05 2.8 1193,1180,1178
059 96 07 2.8 1155,1110,1037
059 96 01 2.8 949,855,764
059 96 00 2.8 687,612,549
059 96 00 2.8 488,435,374
059 96 00 2.8 306,230,152
059 96 00 2.8 71,0,0
059 96 00 2.8 0,162,601
059 96 06 2.8 1078,1397,1529
059 96 06 3.3 1580,1586,1637
059 96 06 3.3 1557,1493,1462
059 96 05 3.3 1462,1450,1409
059 96 06 3.3 1343,1261,1169
059 96 00 3.3 1064,966,871
059 96 00 3.3 789,718,643
059 96 00 3.3 580,502,438
059 96 00 3.3 367,301,231
059 96 00 3.3 169,113,98
059 96 00 3.3 240,617,1098
059 96 06 3.3 1482,1663,1724
059 96 06 3.2 1730,1604,1539
059 96 07 3.2 1472,1433,1429
059 96 04 3.2 1431,1413,1359
059 96 05 3.2 1286,1191,1105
059 96 00 3.2 1016,938,862
059 96 01 3.2 796,741,686
059 96 00 3.2 632,569,506
059 96 00 3.2 439,369,299
059 96 00 3.2 234,168,161
059 96 00 3.2 331,701,1110
059 96 06 2.6 1375,1459,1459
059 96 05 2.6 1262,1186,1106
059 96 04 2.6 1063,1055,1061
059 96 08 2.6 1051,1020,944
059 96 01 2.6 853,749,653
059 96 00 2.6 566,489,418
059 96 00 2.6 355,286,220
059 96 00 2.6 150,78,8
059 96 00 2.6 0,0,0
059 96 00 2.6 0,0,0
059 96 01 2.6 379,871,1204
059 96 07 2.6 1343,1392,1396
059 96 03 3.4 1675,1610,1543
059 96 06 3.4 1514,1508,1504
059 96 08 3.4 1468,1404,1319
059 96 01 3.4 1223,1127,1033
059 96 00 3.4 946,872,801
059 96 00 3.4 728,651,577
059 96 00 3.4 507,444,371
059 96 00 3.4 295,210,125
059 96 01 3.4 59,79,324
059 96 01 3.4 771,1232,1516
057 96 04 3.1 1620,1647,1580
057 96 06 3.1 1517,1440,1370
057 96 02 3.1 1344,1338,1327
057 96 08 3.1 1280,1204,1109
057 96 00 3.1 1005,896,795
057 96 00 3.1 712,629,562
057 96 00 3.1 488,420,340
057 96 00 3.1 270,194,125
057 96 00 3.1 46,0,0
057 96 01 3.1 0,0,217
057 96 05 3.1 668,1065,1262
057 97 02 2.8 1294,1412,1341
057 97 06 2.8 1254,1178,1146
057 97 08 2.8 1146,1150,1124
057 97 05 2.8 1074,991,904
057 97 00 2.8 804,721,631
057 97 00 2.8 553,481,417
057 97 00 2.8 357,293,228
057 97 00 2.8 159,88,13
057 97 00 2.8 0,0,0
057 97 00 2.8 180,634,1111
057 97 05 2.8 1399,1513,1541
057 97 06 3.3 1533,1604,1532
057 97 06 3.3 1474,1453,1453
057 97 07 3.3 1447,1410,1336
057 97 03 3.3 1242,1149,1056
057 97 00 3.3 975,902,835
057 97 00 3.3 771,704,644
057 97 00 3.3 580,516,443
057 97 00 3.3 365,285,218
057 97 00 3.3 231,450,884
057 97 06 3.3 1365,1690,1827
057 97 06 3.3 1876,1884,1639
057 97 07 3.3 1560,1492,1457
057 97 03 3.3 1457,1447,1410
057 97 06 3.3 1345,1253,1160
057 97 00 3.3 1058,969,882
057 97 00 3.3 806,728,663
057 97 00 3.3 600,539,465
057 97 00 3.3 392,316,246
057 97 00 3.3 169,101,57
057 97 00 3.3 183,551,1043
057 97 05 3.3 1444,1627,1678
057 97 06 3.2 1611,1568,1507
057 97 06 3.2 1450,1433,1448
057 97 03 3.2 1454,1431,1376
057 97 06 3.2 1308,1228,1139
057 97 00 3.2 1057,985,931
057 97 00 3.2 876,826,769
057 97 01 3.2 708,639,572
057 97 00 3.2 500,424,344
057 97 00 3.2 282,298,539
057 97 03 3.2 980,1452,1756
057 97 07 3.2 1878,1922,1924
057 97 06 3.3 1614,1545,1495
057 97 06 3.3 1489,1511,1511
057 97 05 3.3 1477,1408,1331
057 97 02 3.3 1247,1169,1089
057 97 00 3.3 1024,960,903
057 97 01 3.3 843,779,713
057 97 00 3.3 634,574,503
057 97 00 3.3 438,365,335
057 97 00 3.3 454,815,1307
057 97 06 3.3 1721,1940,2025
057 97 07 3.5 2072,2076,1710
057 97 05 3.5 1644,1604,1602
057 97 03 3.5 1608,1590,1535
057 97 05 3.5 1467,1379,1295
057 97 00 3.5 1208,1132,1057
057 97 00 3.5 985,922,863
057 97 01 3.5 795,717,635
057 97 00 3.5 562,478,396
057 97 00 3.5 311,237,176
057 97 00 3.5 224,520,1005
057 97 04 3.5 1477,1743,1842
057 97 04 3.4 1869,1865,1642
057 97 04 3.4 1585,1551,1565
057 97 03 3.4 1579,1565,1516
057 97 05 3.4 1445,1365,1282
057 97 01 3.4 1199,1123,1046
057 97 00 3.4 982,919,860
057 97 01 3.4 793,724,654
057 97 00 3.4 574,494,413
057 97 00 3.4 334,262,212
057 97 00 3.4 307,644,1125
057 97 03 3.4 1544,1760,1838
057 97 03 3.3 1860,1624,1558
057 97 07 3.3 1484,1439,1436
057 97 04 3.3 1444,1426,1375
057 97 05 3.3 1294,1199,1101
057 97 00 3.3 1003,917,839
057 97 00 3.3 774,703,634
057 97 00 3.3 559,489,411
057 97 00 3.3 329,247,158
057 97 01 3.3 72,0,0
057 97 00 3.3 122,530,1041
057 97 06 3.3 1441,1626,1696
057 97 05 3.5 1714,1744,1682
057 97 04 3.5 1610,1555,1539
057 97 04 3.5 1527,1492,1429
057 97 03 3.5 1338,1239,1138
057 97 00 3.5 1039,953,866
057 97 01 3.5 798,725,662
057 97 00 3.5 591,529,470
057 97 00 3.5 421,359,299
057 97 00 3.5 218,134,62
057 97 00 3.5 165,527,1029
057 97 03 3.5 1432,1620,1667
057 97 04 3.2 1659,1549,1483
057 97 06 3.2 1422,1395,1403
057 97 07 3.2 1403,1375,1316
057 97 04 3.2 1242,1155,1061
057 97 00 3.2 967,885,812
057 97 00 3.2 742,673,596
057 97 00 3.2 529,463,402
057 97 00 3.2 332,258,178
057 97 00 3.2 106,94,282
057 97 03 3.2 666,1099,1376
057 97 08 2.8 1467,1454,1307
057 97 06 2.8 1216,1130,1073
057 97 07 2.8 1059,1055,1047
057 97 04 2.8 1003,936,843
057 97 00 2.8 742,635,526
057 97 00 2.8 422,320,233
057 97 00 2.8 143,60,0
057 97 01 2.8 0,0,0
057 97 00 2.8 0,0,0
057 97 03 2.8 309,860,1229
057 97 07 2.8 1387,1446,1473
057 97 06 3.7 1856,1797,1726
057 97 07 3.7 1683,1663,1643
057 97 07 3.7 1604,1536,1449
057 97 01 3.7 1349,1247,1142
057 97 01 3.7 1043,948,867
057 97 00 3.7 785,714,635
057 97 00 3.7 559,472,376
057 97 01 3.7 288,241,401
057 97 02 3.7 816,1339,1727
057 97 07 3.4 1893,1934,1928
057 97 06 3.4 1640,1564,1491
057 97 04 3.4 1456,1456,1454
057 97 08 3.4 1418,1351,1262
057 97 01 3.4 1168,1064,968
057 97 01 3.4 879,811,752
057 97 00 3.4 687,628,556
057 97 00 3.4 485,401,315
057 97 00 3.4 253,313,615
057 97 04 3.4 1072,1472,1668
057 97 05 2.9 1697,1417,1335
057 97 06 2.9 1236,1154,1126
057 97 08 2.9 1138,1141,1112
057 97 04 2.9 1045,965,863
057 97 00 2.9 761,652,564
057 97 00 2.9 475,401,330
057 97 00 2.9 269,203,139
057 97 00 2.9 67,0,0
057 97 00 2.9 178,623,1150
057 97 06 2.9 1523,1687,1748
056 97 06 3.6 1768,1773,1709
056 97 06 3.6 1632,1589,1575
056 97 03 3.6 1568,1538,1478
056 97 06 3.6 1396,1307,1211
056 97 00 3.6 1118,1029,951
056 97 00 3.6 880,805,737
056 97 00 3.6 664,594,515
056 97 00 3.6 435,383,477
056 97 02 3.6 833,1326,1757
056 97 08 3.6 1971,2054,2076
056 97 06 3.4 1671,1598,1510
056 97 05 3.4 1450,1431,1421
056 97 08 3.4 1394,1336,1249
056 97 01 3.4 1146,1042,946
056 97 01 3.4 860,777,703
056 97 00 3.4 628,558,485
056 97 00 3.4 406,320,237
056 97 00 3.4 148,87,127
056 97 00 3.4 427,896,1342
056 97 04 3.1 1574,1631,1534
056 97 07 3.1 1467,1384,1305
056 97 03 3.1 1278,1284,1289
056 97 08 3.1 1265,1203,1123
056 97 01 3.1 1029,934,841
056 97 00 3.1 753,672,600
056 97 00 3.1 541,481,412
056 97 00 3.1 339,257,178
056 97 00 3.1 101,63,193
056 97 03 3.1 568,1063,1457
057 97 08 3.3 1635,1683,1671
057 97 07 3.3 1552,1475,1404
057 97 05 3.3 1375,1378,1378
057 97 06 3.3 1350,1279,1188
057 97 01 3.3 1089,998,914
057 97 00 3.3 834,761,692
057 97 00 3.3 629,561,494
057 97 00 3.3 427,353,270
057 97 00 3.3 186,137,255
057 97 03 3.3 630,1142,1561
057 97 06 3.3 1767,1840,1869
057 97 06 3.5 1713,1644,1555
057 97 06 3.5 1500,1484,1488
057 97 08 3.5 1461,1401,1316
057 97 02 3.5 1219,1120,1020
057 97 00 3.5 931,857,781
057 97 00 3.5 706,626,549
057 97 00 3.5 472,391,301
057 97 00 3.5 211,125,65
057 97 01 3.5 154,511,1027
057 97 05 3.5 1469,1681,1738
057 97 06 3.4 1740,1630,1557
057 97 06 3.4 1473,1435,1429
057 97 08 3.4 1422,1386,1327
057 97 04 3.4 1242,1135,1023
057 97 00 3.4 928,846,767
057 97 00 3.4 692,618,553
057 97 00 3.4 482,419,338
057 97 00 3.4 258,162,80
057 97 01 3.4 2,8,222
057 97 03 3.4 655,1119,1400
057 97 04 3.0 1473,1462,1399
057 97 05 3.0 1310,1219,1168
057 97 05 3.0 1157,1163,1140
057 97 03 3.0 1088,1001,906
057 97 00 3.0 801,703,603
057 97 01 3.0 519,436,368
057 97 00 3.0 295,221,141
057 97 00 3.0 69,0,0
057 97 01 3.0 0,0,0
057 97 01 3.0 0,341,880
057 97 05 3.0 1270,1441,1494
057 97 04 3.7 1492,1745,1664
057 97 06 3.7 1583,1537,1525
057 97 07 3.7 1518,1487,1416
057 97 03 3.7 1321,1217,1110
057 97 00 3.7 1008,914,836
057 97 00 3.7 761,689,612
057 97 00 3.7 540,456,372
057 97 00 3.7 283,193,97
057 97 00 3.7 4,0,222
057 97 03 3.7 701,1232,1571
057 97 07 3.5 1696,1714,1725
057 97 04 3.5 1658,1573,1493
057 97 04 3.5 1458,1454,1437
057 97 04 3.5 1393,1312,1219
057 97 01 3.5 1117,1016,918
057 97 01 3.5 821,730,647
057 97 00 3.5 571,494,409
057 97 00 3.5 321,226,137
057 97 01 3.5 47,0,0
057 97 01 3.5 0,100,554
057 97 03 3.5 1038,1344,1433
057 97 04 3.2 1420,1495,1406
057 97 05 3.2 1319,1267,1255
057 97 08 3.2 1257,1245,1196
057 97 03 3.2 1118,1015,907
057 97 00 3.2 800,696,611
057 97 00 3.2 532,460,385
057 97 00 3.2 314,245,166
057 97 00 3.2 80,0,0
057 97 01 3.2 0,0,0
057 97 02 3.2 275,826,1296
057 97 08 3.2 1522,1593,1601
057 97 06 3.7 1797,1730,1653
057 97 06 3.7 1605,1589,1587
057 97 04 3.7 1566,1511,1423
057 97 03 3.7 1319,1209,1108
057 97 00 3.7 1009,927,854
057 97 00 3.7 785,711,630
057 97 00 3.7 541,462,376
057 97 00 3.7 299,202,114
057 97 00 3.7 62,181,573
057 97 04 3.7 1110,1565,1780
057 97 08 3.6 1839,1837,1741
057 97 06 3.6 1670,1591,1539
057 97 03 3.6 1529,1525,1498
057 97 07 3.6 1431,1341,1237
057 97 00 3.6 1131,1024,917
057 97 00 3.6 824,739,667
057 97 00 3.6 590,514,428
057 97 00 3.6 343,257,171
057 97 01 3.6 77,0,0
057 97 00 3.6 0,177,657
057 97 06 3.6 1162,1450,1538
057 97 06 3.3 1529,1580,1492
057 97 05 3.3 1406,1361,1363
057 97 08 3.3 1373,1361,1310
057 97 04 3.3 1227,1132,1025
057 97 00 3.3 929,833,753
057 97 00 3.3 672,607,538
057 97 00 3.3 469,394,316
057 97 00 3.3 240,158,71
057 97 01 3.3 0,0,55
057 97 01 3.3 460,1010,1458
057 97 07 3.6 1664,1728,1726
057 97 06 3.6 1759,1686,1612
057 97 07 3.6 1578,1577,1580
057 97 04 3.6 1557,1498,1412
057 97 03 3.6 1305,1198,1103
057 97 00 3.6 1018,937,859
057 97 00 3.6 788,718,649
057 97 00 3.6 576,500,417
057 97 00 3.6 330,242,166
057 97 01 3.6 168,417,905
057 97 05 3.6 1447,1809,1965
057 97 04 3.8 2023,2029,1838
057 97 06 3.8 1767,1698,1669
057 97 07 3.8 1664,1660,1617
057 97 06 3.8 1553,1463,1362
057 97 00 3.8 1252,1145,1054
057 97 00 3.8 975,903,830
057 97 00 3.8 751,675,598
057 97 00 3.8 505,409,314
057 97 00 3.8 236,152,109
057 97 00 3.8 213,592,1115
057 97 07 3.8 1561,1777,1829
057 97 06 3.5 1712,1662,1589
057 97 06 3.5 1520,1497,1506
057 97 04 3.5 1512,1483,1421
057 97 05 3.5 1341,1239,1139
057 97 00 3.5 1034,951,872
057 97 00 3.5 804,739,674
057 97 00 3.5 600,529,447
057 97 00 3.5 366,278,195
057 97 01 3.5 115,92,280
057 97 03 3.5 727,1251,1641
057 97 07 3.6 1798,1847,1739
057 97 05 3.6 1689,1615,1561
057 97 04 3.6 1544,1551,1547
057 97 05 3.6 1511,1445,1356
057 97 02 3.6 1259,1155,1057
057 97 00 3.6 970,897,833
057 97 00 3.6 766,690,615
057 97 00 3.6 540,468,391
057 97 00 3.6 306,223,151
057 97 00 3.6 188,484,1003
057 97 03 3.6 1538,1861,2000
057 97 04 3.9 2057,2067,1881
057 97 04 3.9 1818,1774,1764
057 97 04 3.9 1764,1753,1711
057 97 04 3.9 1644,1548,1443
057 97 01 3.9 1341,1248,1166
057 97 01 3.9 1090,1022,947
057 97 00 3.9 875,796,716
057 97 00 3.9 637,558,474
057 97 00 3.9 385,304,282
057 97 01 3.9 462,893,1413
057 97 05 3.9 1796,1945,1981
057 97 04 3.5 1677,1626,1555
057 97 04 3.5 1510,1508,1524
057 97 03 3.5 1528,1497,1435
057 97 04 3.5 1346,1248,1151
057 97 00 3.5 1063,978,904
057 97 01 3.5 840,777,708
057 97 00 3.5 632,555,480
057 97 00 3.5 397,313,228
057 97 00 3.5 165,201,484

