176927!20190928_014132!0!0
2.42!1.1!0.84!0.54!0.56!0.58!
92!30!59!601!41
29.4 0.41 420 31

030 70 03 1.6 365,358,335
030 70 02 1.6 306,272,238
030 70 01 1.6 208,182,165
030 70 00 1.6 144,128,113
030 70 00 1.6 102,89,71
030 70 00 1.6 48,30,21
030 70 01 1.6 56,147,280
030 70 04 1.5 395,460,472
030 70 05 1.5 431,394,363
030 70 03 1.5 343,344,353
030 70 03 1.5 368,367,353
030 70 02 1.5 331,305,277
030 70 01 1.5 243,214,192
030 70 00 1.5 178,161,149
030 70 00 1.5 135,119,97
030 70 00 1.5 76,54,37
030 70 00 1.5 42,110,237
030 70 05 1.5 376,469,502
030 70 05 1.6 499,444,411
030 70 04 1.6 382,369,377
030 70 03 1.6 394,402,395
030 70 03 1.6 377,347,316
030 70 01 1.6 281,253,224
030 70 00 1.6 202,182,167
030 70 00 1.6 149,135,116
030 70 00 1.6 95,71,52
030 70 00 1.6 45,86,200
030 70 05 1.6 355,487,554
030 70 03 1.8 573,517,488
030 70 07 1.8 451,425,420
030 70 05 1.8 436,445,447
030 70 04 1.8 432,414,383
030 70 01 1.8 349,318,294
030 70 00 1.8 274,257,239
030 70 00 1.8 227,206,186
030 70 00 1.8 161,143,121
030 70 00 1.8 96,75,79
030 70 01 1.8 151,280,421
058 93 06 1.6 509,533,447
058 93 05 1.6 414,378,346
058 93 03 1.6 334,337,349
058 93 03 1.6 352,342,313
058 93 02 1.6 276,240,207
058 93 00 1.6 177,145,119
058 93 00 1.6 96,77,57
058 93 00 1.6 39,23,11
058 93 00 1.6 8,4,0
058 93 00 1.6 0,0,0
058 93 00 1.6 0,0,0
058 93 00 1.6 0,0,0
058 93 00 1.6 0,0,0
058 93 00 1.6 0,0,0
058 93 00 1.6 0,0,0
058 93 00 1.6 0,0,0
058 93 00 1.6 0,0,0
058 93 00 1.6 0,0,0
058 93 00 1.6 0,0,0
058 93 00 1.6 0,0,0
058 93 04 1.6 0,0,0
058 93 03 2.0 0,579,548
058 93 07 2.0 523,511,519
058 93 06 2.0 535,547,549
058 93 05 2.0 540,517,487
058 93 02 2.0 457,431,417
058 93 00 2.0 402,391,376
058 93 00 2.0 367,350,339
058 93 00 2.0 322,309,290
058 93 00 2.0 271,272,327
058 93 04 2.0 445,582,677
058 93 05 1.5 716,710,418
058 93 06 1.5 375,340,327
058 93 04 1.5 337,351,362
058 93 04 1.5 359,341,312
058 93 01 1.5 279,252,224
058 93 00 1.5 201,181,163
058 93 00 1.5 145,132,123
058 93 00 1.5 111,90,64
058 93 00 1.5 47,66,153
058 93 06 1.5 289,423,500
059 93 05 1.6 523,460,431
059 93 04 1.6 397,374,368
059 93 03 1.6 377,389,393
059 93 03 1.6 384,362,330
059 93 02 1.6 299,273,249
059 93 01 1.6 228,204,187
059 93 00 1.6 172,158,139
059 93 00 1.6 122,102,82
059 93 00 1.6 53,42,81
059 93 02 1.6 192,339,469
059 93 03 1.8 539,564,563
059 93 07 1.8 497,467,438
059 93 05 1.8 429,432,435
059 93 04 1.8 432,417,394
059 93 01 1.8 363,333,304
059 93 00 1.8 280,257,238
059 93 00 1.8 222,204,186
059 93 00 1.8 165,148,133
059 93 00 1.8 115,92,67
059 93 00 1.8 51,76,165
059 93 05 1.8 299,422,492
059 93 07 1.6 510,449,419
059 93 04 1.6 389,359,350
059 93 03 1.6 353,360,355
059 93 02 1.6 336,308,278
059 93 01 1.6 246,218,192
059 93 00 1.6 168,147,126
059 93 00 1.6 108,84,60
059 93 00 1.6 31,6,0
059 93 00 1.6 0,0,0
059 93 00 1.6 0,0,29
059 93 04 1.6 157,261,310
058 93 05 1.4 319,412,386
058 93 03 1.4 353,322,308
058 93 02 1.4 307,308,300
058 93 02 1.4 277,248,217
058 93 01 1.4 187,157,129
058 93 00 1.4 102,84,65
058 93 00 1.4 45,24,2
058 93 00 1.4 0,0,0
058 93 00 1.4 0,0,0
058 93 00 1.4 0,0,0
058 93 03 1.4 62,199,285
058 93 04 1.6 315,320,473
058 93 05 1.6 453,424,407
058 93 03 1.6 408,416,417
058 93 03 1.6 405,388,364
058 93 02 1.6 335,305,281
058 93 01 1.6 263,249,240
058 93 01 1.6 229,215,196
058 93 00 1.6 177,157,131
058 93 00 1.6 104,76,54
058 93 00 1.6 29,10,0
058 93 00 1.6 0,0,0
058 93 00 1.6 0,0,0
058 93 00 1.6 0,0,0
058 93 00 1.6 0,0,0
058 93 00 1.6 0,0,0
058 93 00 1.6 0,0,0
058 93 00 1.6 0,0,0
058 93 00 1.6 0,0,0
058 93 00 1.6 0,0,0
058 93 00 1.6 0,0,0
058 93 02 1.6 0,0,0
058 93 04 1.6 93,129,129
058 93 04 1.6 113,87,66
058 93 05 1.6 62,84,109
058 93 05 1.6 124,121,106
058 93 03 1.6 89,63,39
058 93 02 1.6 11,0,0
058 93 01 1.6 0,0,0
058 93 01 1.6 0,0,0
058 93 01 1.6 0,0,0
058 93 01 1.6 0,0,128
058 93 03 1.6 296,401,439
058 93 03 3.1 441,925,899
058 93 05 3.1 875,862,868
058 93 04 3.1 884,900,901
058 93 04 3.1 887,865,840
058 93 02 3.1 817,793,776
058 93 01 3.1 760,752,737
058 93 01 3.1 728,714,712
058 93 01 3.1 701,690,670
058 93 01 3.1 654,676,772
058 93 04 3.1 937,1102,1208
058 93 04 2.0 1248,1246,565
058 93 07 2.0 525,497,493
058 93 06 2.0 507,524,532
058 93 06 2.0 531,515,489
058 93 03 2.0 458,434,414
058 93 00 2.0 396,380,369
058 93 00 2.0 358,347,335
058 93 00 2.0 325,307,290
058 93 00 2.0 269,254,279
058 93 02 2.0 383,545,695
058 93 04 1.9 779,799,530
058 93 04 1.9 494,455,424
058 93 08 1.9 416,424,438
058 93 08 1.9 444,433,405
058 93 02 1.9 368,339,317
058 93 00 1.9 294,271,252
058 93 00 1.9 239,221,202
058 93 00 1.9 181,155,128
058 93 00 1.9 99,77,55
058 93 00 1.9 33,10,0
058 93 00 1.9 0,0,0
058 93 00 1.9 0,0,0
058 93 00 1.9 0,0,0
058 93 00 1.9 0,0,0
058 93 00 1.9 0,0,0
058 93 00 1.9 0,0,0
058 93 00 1.9 0,0,0
058 93 00 1.9 0,0,0
058 93 00 1.9 0,0,0
058 93 04 1.9 0,179,285
058 93 04 2.7 316,785,751
058 93 04 2.7 714,693,705
058 93 08 2.7 730,755,763
058 93 08 2.7 758,739,715
058 93 06 2.7 688,664,641
058 93 01 2.7 622,610,598
058 93 00 2.7 589,581,569
058 93 00 2.7 559,543,529
058 93 00 2.7 512,528,614
058 93 06 2.7 768,919,1004
058 93 06 1.8 1018,484,442
058 93 08 1.8 398,363,354
058 93 06 1.8 362,375,381
058 93 05 1.8 374,357,326
058 93 00 1.8 289,254,228
058 93 00 1.8 204,183,163
058 93 00 1.8 154,150,144
058 93 00 1.8 127,106,86
058 93 00 1.8 105,202,370
058 93 05 1.8 536,631,652
058 93 05 1.9 550,520,482
058 93 08 1.9 449,434,446
058 93 08 1.9 463,472,458
058 93 05 1.9 437,406,377
058 93 00 1.9 349,326,307
058 93 00 1.9 291,280,271
058 93 00 1.9 260,248,234
058 93 00 1.9 214,192,182
058 93 00 1.9 228,356,534
058 93 07 1.9 679,751,762
058 93 05 2.0 565,537,502
058 93 08 2.0 478,470,479
058 93 08 2.0 489,489,472
058 93 05 2.0 448,416,390
058 93 00 2.0 363,346,329
058 93 00 2.0 316,299,281
058 93 00 2.0 266,252,241
058 93 00 2.0 226,205,180
058 93 00 2.0 176,237,368
058 93 05 2.0 520,621,654
058 93 05 1.7 470,439,396
058 93 05 1.7 354,326,323
058 93 03 1.7 328,325,304
058 93 01 1.7 271,230,187
058 93 00 1.7 147,114,83
058 93 00 1.7 54,25,0
058 93 00 1.7 0,0,0
058 93 00 1.7 0,0,0
058 93 00 1.7 0,0,0
058 93 02 1.7 0,111,174
058 93 08 1.4 183,378,341
058 93 04 1.4 297,256,229
058 93 01 1.4 219,214,200
058 93 00 1.4 173,139,99
058 93 00 1.4 52,8,0
058 93 00 1.4 0,0,0
058 93 00 1.4 0,0,0
058 93 00 1.4 0,0,0
058 93 00 1.4 0,0,0
058 93 00 1.4 0,0,0
058 93 06 1.3 0,0,355
058 93 05 1.3 324,290,260
058 93 02 1.3 242,231,229
058 93 01 1.3 221,204,173
058 93 00 1.3 137,99,67
058 93 00 1.3 38,17,0
058 93 00 1.3 0,0,0
058 93 00 1.3 0,0,0
058 93 00 1.3 0,0,0
058 93 00 1.3 0,0,0
058 93 05 1.3 64,137,159
058 93 07 1.3 360,333,293
058 93 03 1.3 257,240,240
058 93 02 1.3 244,240,230
058 93 01 1.3 205,174,139
058 93 00 1.3 107,77,52
058 93 00 1.3 27,11,0
058 93 00 1.3 0,0,0
058 93 00 1.3 0,0,0
058 93 00 1.3 0,0,57
058 93 06 1.3 175,241,262
059 93 08 1.4 407,385,355
059 93 05 1.4 330,323,332
059 93 04 1.4 342,346,334
059 93 03 1.4 317,289,259
059 93 00 1.4 227,200,179
059 93 00 1.4 162,145,133
059 93 00 1.4 118,102,80
059 93 00 1.4 58,41,45
059 93 00 1.4 105,221,355
059 93 08 1.5 443,474,468
059 93 08 1.5 404,369,336
059 93 04 1.5 321,322,334
059 93 04 1.5 339,330,301
059 93 01 1.5 263,230,198
059 93 00 1.5 167,136,110
059 93 00 1.5 88,68,46
059 93 00 1.5 18,0,0
059 93 00 1.5 0,35,150
059 93 06 1.5 263,327,339
059 93 07 1.3 357,325,279
059 93 03 1.3 242,219,215
059 93 01 1.3 214,208,188
059 93 00 1.3 158,118,79
059 93 00 1.3 42,11,0
059 93 00 1.3 0,0,0
059 93 00 1.3 0,0,0
059 93 00 1.3 0,0,0
059 93 02 1.3 0,93,142
059 93 07 1.1 145,308,276
059 93 03 1.1 238,208,197
059 93 02 1.1 197,200,192
059 93 01 1.1 173,147,114
059 93 00 1.1 80,47,21
059 93 00 1.1 0,0,0
059 93 00 1.1 0,0,0
059 93 00 1.1 0,0,0
059 93 00 1.1 0,0,34
059 93 05 1.0 109,138,273
059 93 07 1.0 242,200,165
059 93 00 1.0 141,128,127
059 93 00 1.0 122,112,88
059 93 00 1.0 60,30,0
059 93 00 1.0 0,0,0
059 93 00 1.0 0,0,0
059 93 00 1.0 0,0,0
059 93 00 1.0 0,0,0
059 93 01 1.0 0,0,56
059 93 08 1.1 77,317,300
059 93 07 1.1 270,238,215
059 93 02 1.1 210,218,220
059 93 02 1.1 216,199,174
059 93 00 1.1 145,121,98
059 93 00 1.1 78,59,47
059 93 00 1.1 27,13,0
059 93 00 1.1 0,0,0
059 93 00 1.1 0,0,0
059 93 04 1.1 115,234,306
059 93 00 1.3 332,331,390
059 93 07 1.3 368,345,339
059 93 05 1.3 347,369,380
059 93 05 1.3 381,362,345
059 93 02 1.3 320,306,289
059 93 01 1.3 278,269,259
059 93 00 1.3 251,243,233
059 93 00 1.3 224,215,203
059 93 00 1.3 189,184,228
059 93 03 1.3 334,473,589
059 93 03 1.6 649,665,468
059 93 05 1.6 442,415,405
059 93 04 1.6 415,434,455
059 93 04 1.6 460,457,436
059 93 03 1.6 410,378,356
059 93 02 1.6 338,322,303
059 93 01 1.6 286,271,259
059 93 01 1.6 245,231,209
059 93 00 1.6 186,179,225
059 93 03 1.6 339,480,591
059 93 02 1.5 636,640,442
059 93 05 1.5 411,382,365
059 93 03 1.5 374,386,398
059 93 03 1.5 392,376,354
059 93 02 1.5 325,291,261
059 93 01 1.5 237,217,196
059 93 00 1.5 181,169,159
059 93 01 1.5 144,130,109
059 93 00 1.5 90,83,127
059 93 02 1.5 243,394,513
059 93 03 1.6 562,565,470
059 93 05 1.6 448,420,399
059 93 04 1.6 396,408,425
059 93 03 1.6 431,424,403
059 93 02 1.6 379,353,328
059 93 01 1.6 307,289,276
059 93 01 1.6 259,247,236
059 93 01 1.6 224,204,176
059 93 00 1.6 146,113,81
059 93 00 1.6 56,35,19
059 93 00 1.6 8,0,0
059 93 00 1.6 0,0,0
059 93 00 1.6 0,0,0
059 93 00 1.6 0,0,0
059 93 00 1.6 0,0,0
059 93 00 1.6 0,0,0
059 93 00 1.6 0,0,0
059 93 00 1.6 0,0,0
059 93 00 1.6 0,0,0
059 93 04 1.6 0,0,0
059 93 05 1.4 403,367,331
059 93 03 1.4 300,283,286
059 93 02 1.4 296,303,302
059 93 02 1.4 286,262,237
059 93 01 1.4 211,187,162
059 93 01 1.4 142,126,112
059 93 00 1.4 98,78,63
059 93 00 1.4 47,37,27
059 93 01 1.4 56,134,244
059 93 05 1.2 333,375,378
059 93 07 1.2 335,311,288
059 93 04 1.2 273,271,281
059 93 04 1.2 293,295,290
059 93 03 1.2 279,260,241
059 93 01 1.2 224,216,203
059 93 01 1.2 195,185,180
059 93 00 1.2 174,164,157
059 93 00 1.2 147,157,200
059 93 04 1.2 289,391,468
059 93 08 1.2 497,345,325
059 93 06 1.2 300,282,274
059 93 04 1.2 284,297,306
059 93 04 1.2 300,285,266
059 93 02 1.2 247,228,207
059 93 00 1.2 185,173,161
059 93 00 1.2 154,144,133
059 93 00 1.2 119,104,108
059 93 01 1.2 154,247,356
059 92 08 1.2 441,471,476
059 92 08 1.2 360,343,323
059 92 05 1.2 310,312,320
059 92 04 1.2 326,326,317
059 92 03 1.2 301,278,253
059 92 01 1.2 235,219,206
059 92 00 1.2 194,184,171
059 92 00 1.2 156,140,123
059 92 00 1.2 111,132,210
059 92 05 1.2 334,451,525
059 92 02 1.5 556,567,564
059 92 06 1.5 437,422,414
059 92 04 1.5 424,432,437
059 92 04 1.5 428,414,392
059 92 02 1.5 370,349,334
059 92 02 1.5 316,301,288
059 92 01 1.5 279,272,258
059 92 01 1.5 245,228,209
059 92 01 1.5 194,199,257
059 92 03 1.5 366,484,563
059 92 06 1.3 587,587,382
059 92 04 1.3 358,337,322
059 92 03 1.3 322,322,319
059 92 03 1.3 303,272,242
059 92 01 1.3 206,176,138
059 92 00 1.3 107,81,59
059 92 00 1.3 40,15,0
059 92 00 1.3 0,0,0
059 92 00 1.3 0,0,0
059 92 00 1.3 0,31,133
059 92 05 1.2 195,211,344
059 92 05 1.2 329,307,280
059 92 03 1.2 266,262,256
059 92 02 1.2 241,217,185
059 92 00 1.2 151,119,91
059 92 00 1.2 69,46,27
059 92 00 1.2 5,0,0
059 92 00 1.2 0,0,0
059 92 00 1.2 0,0,0
059 92 00 1.2 0,0,0
059 92 02 1.2 0,71,159
059 93 08 1.4 204,219,415
059 93 07 1.4 393,372,359
059 93 04 1.4 357,362,364
059 93 04 1.4 361,342,316
059 93 01 1.4 287,263,246
059 93 00 1.4 228,212,196
059 93 00 1.4 183,170,155
059 93 00 1.4 139,120,101
059 93 00 1.4 83,68,52
059 93 00 1.4 35,36,85
059 93 03 1.4 188,307,393
059 93 08 1.4 431,436,389
059 93 07 1.4 365,336,320
059 93 04 1.4 318,328,334
059 93 03 1.4 324,304,272
059 93 01 1.4 242,213,187
059 93 00 1.4 166,145,129
059 93 00 1.4 111,97,76
059 93 00 1.4 60,41,21
059 93 00 1.4 0,0,0
059 93 00 1.4 0,14,131
059 93 06 1.4 268,361,408
059 93 07 1.5 412,463,437
059 93 04 1.5 416,399,402
059 93 03 1.5 415,420,415
059 93 03 1.5 398,373,342
059 93 02 1.5 312,288,269
059 93 01 1.5 249,229,210
059 93 00 1.5 194,179,158
059 93 00 1.5 142,122,106
059 93 00 1.5 78,57,56
059 93 01 1.5 121,252,404
059 93 03 1.5 511,562,574
059 93 04 1.7 572,502,474
059 93 06 1.7 453,454,467
059 93 05 1.7 477,473,461
059 93 03 1.7 439,413,387
059 93 01 1.7 360,337,318
059 93 00 1.7 303,291,281
059 93 00 1.7 266,247,227
059 93 00 1.7 210,193,174
059 93 00 1.7 158,167,234
059 93 04 1.7 360,491,577
059 93 04 1.5 604,440,413
059 93 07 1.5 375,343,326
059 93 04 1.5 329,341,341
059 93 03 1.5 333,305,275
059 93 01 1.5 239,207,176
059 93 00 1.5 152,129,109
059 93 00 1.5 86,69,51
059 93 00 1.5 34,11,0
059 93 00 1.5 0,0,0
059 93 01 1.5 44,173,288
059 93 08 1.4 351,371,426
059 93 07 1.4 404,367,337
059 93 04 1.4 328,337,350
059 93 03 1.4 344,325,296
059 93 01 1.4 267,235,210
059 93 00 1.4 185,166,145
059 93 00 1.4 129,112,95
059 93 00 1.4 74,55,36
059 93 00 1.4 17,0,0
059 93 00 1.4 0,56,182
059 93 07 1.4 319,404,438
058 93 06 1.6 441,457,437
058 93 04 1.6 413,401,407
058 93 03 1.6 421,427,416
058 93 03 1.6 397,375,348
058 93 02 1.6 326,296,281
058 93 01 1.6 265,255,240
058 93 01 1.6 227,213,198
058 93 01 1.6 183,162,138
058 93 00 1.6 114,109,152
058 93 02 1.6 255,388,494
058 93 03 1.5 542,549,423
058 93 05 1.5 392,356,345
058 93 03 1.5 348,363,368
058 93 03 1.5 361,340,313
058 93 02 1.5 281,256,224
058 93 01 1.5 200,175,156
058 93 00 1.5 139,121,107
058 93 00 1.5 85,66,39
058 93 00 1.5 19,0,0
058 93 00 1.5 44,163,312
058 93 04 1.6 416,462,467
058 93 06 1.6 470,448,419
058 93 04 1.6 401,399,411
058 93 03 1.6 416,412,394
058 93 02 1.6 369,339,313
058 93 01 1.6 286,264,242
058 93 01 1.6 225,213,196
058 93 01 1.6 184,167,152
058 93 00 1.6 135,115,95
058 93 00 1.6 84,114,221
058 93 04 1.6 373,510,582
057 93 03 1.8 609,610,517
057 93 08 1.8 491,474,469
057 93 06 1.8 480,493,496
057 93 05 1.8 487,464,438
057 93 02 1.8 414,393,376
057 93 01 1.8 363,351,341
057 93 00 1.8 327,313,295
057 93 00 1.8 274,250,226
057 93 00 1.8 203,181,159
057 93 00 1.8 142,128,115
057 93 00 1.8 101,78,59
057 93 00 1.8 37,20,0
057 93 00 1.8 0,0,0
057 93 00 1.8 0,0,0
057 93 00 1.8 0,0,0
057 93 00 1.8 0,0,0
057 93 00 1.8 0,0,0
057 93 00 1.8 0,0,0
057 93 00 1.8 0,0,0
057 93 05 1.8 0,144,250
057 93 06 2.1 287,284,622
057 93 07 2.1 595,579,582
057 93 07 2.1 599,619,626
057 93 07 2.1 624,606,583
057 93 03 2.1 555,530,509
057 93 01 2.1 491,472,456
057 93 00 2.1 444,429,415
057 93 00 2.1 404,395,375
057 93 00 2.1 355,350,411
057 93 04 2.1 548,719,847
057 93 05 1.9 905,912,557
057 93 04 1.9 533,507,493
057 93 08 1.9 499,522,538
057 93 08 1.9 541,531,510
057 93 05 1.9 485,460,436
057 93 00 1.9 416,401,392
057 93 00 1.9 385,377,368
057 93 00 1.9 354,342,326
057 93 00 1.9 318,332,415
057 93 06 1.9 563,716,813
057 93 07 1.8 838,512,483
057 93 06 1.8 447,417,409
057 93 08 1.8 427,446,452
057 93 07 1.8 439,414,384
057 93 02 1.8 355,326,303
057 93 00 1.8 281,268,257
057 93 00 1.8 246,232,215
057 93 00 1.8 198,175,154
057 93 00 1.8 148,200,324
057 93 05 1.8 486,613,675
057 93 06 1.8 685,528,503
057 93 08 1.8 468,444,435
057 93 07 1.8 442,444,437
057 93 05 1.8 421,392,360
057 93 00 1.8 324,293,270

