176927!20191006_140903!1!3
3.18!3.08!3.2!3.13!3.3!3.21!
98!60!67!0!601
531.0 3.46 41 125

063 98 02 1.4 333,335,323
063 98 01 1.4 298,275,242
063 98 00 1.4 215,187,165
063 98 00 1.4 141,126,104
063 98 00 1.4 90,69,55
063 98 00 1.4 37,20,0
063 98 00 1.4 0,0,55
063 98 04 1.4 203,347,405
063 98 08 1.4 398,402,366
063 98 05 1.4 320,266,216
063 98 00 1.4 181,163,151
063 98 00 1.4 128,92,40
063 98 00 1.4 0,0,0
063 98 00 1.4 0,0,0
063 98 02 1.4 0,0,0
063 98 02 1.4 0,0,0
063 98 01 1.4 0,0,0
063 98 00 1.4 0,0,3
063 98 04 2.0 95,100,626
063 98 08 2.0 586,532,465
063 98 02 2.0 408,374,363
063 98 00 2.0 354,343,310
063 98 00 2.0 264,211,162
063 98 00 2.0 117,72,38
063 98 00 2.0 6,0,0
063 98 00 2.0 0,0,0
063 98 00 2.0 0,0,45
063 98 06 1.8 244,382,411
063 98 05 1.8 545,489,424
063 98 03 1.8 363,321,312
063 98 01 1.8 317,320,309
063 98 01 1.8 282,245,203
063 98 00 1.8 160,126,101
063 98 00 1.8 91,91,90
063 98 00 1.8 87,70,58
063 98 00 1.8 90,221,403
063 98 05 1.7 552,604,532
063 98 05 1.7 500,464,423
063 98 07 1.7 387,367,366
063 98 04 1.7 368,361,347
063 98 01 1.7 323,285,245
063 98 00 1.7 208,180,155
063 98 00 1.7 139,130,125
063 98 00 1.7 107,93,112
063 98 02 1.7 228,421,602
063 98 08 1.7 694,717,719
063 98 05 2.0 724,623,597
063 98 07 2.0 567,550,550
063 98 05 2.0 549,541,515
063 98 02 2.0 483,450,422
063 98 00 2.0 396,378,361
063 98 00 2.0 351,335,324
063 98 00 2.0 308,314,396
063 98 05 2.0 559,744,863
063 98 06 2.0 911,936,962
065 98 04 2.1 976,653,619
065 98 08 2.1 601,605,617
065 98 07 2.1 613,599,575
065 98 03 2.1 552,519,488
065 98 00 2.1 449,411,360
065 98 00 2.1 314,264,225
065 98 00 2.1 185,152,142
065 98 00 2.1 217,384,572
065 98 04 2.1 693,740,762
065 98 03 2.0 780,776,609
065 98 07 2.0 567,539,529
065 98 04 2.0 527,519,495
065 98 02 2.0 461,414,368
065 98 00 2.0 323,292,266
065 98 00 2.0 250,232,216
065 98 00 2.0 191,162,121
065 98 00 2.0 77,65,165
065 98 04 2.0 358,561,665
065 98 05 1.9 676,596,565
065 98 07 1.9 531,487,453
065 98 03 1.9 442,437,431
065 98 02 1.9 412,390,362
065 98 00 1.9 320,275,234
065 98 00 1.9 203,175,151
065 98 00 1.9 126,98,66
065 98 00 1.9 37,26,89
065 98 02 1.9 233,411,530
065 98 03 1.7 569,538,516
065 98 06 1.7 479,433,389
065 98 04 1.7 365,359,351
065 98 01 1.7 330,299,264
065 98 00 1.7 229,189,150
065 98 00 1.7 119,90,67
065 98 00 1.7 46,28,5
065 98 00 1.7 0,0,0
065 98 01 1.7 78,253,405
067 98 04 1.7 474,478,511
067 98 06 1.7 485,445,405
067 98 05 1.7 380,380,385
067 98 04 1.7 377,351,320
067 98 00 1.7 293,264,235
067 98 00 1.7 208,190,175
067 98 00 1.7 166,157,146
067 98 00 1.7 124,100,112
067 98 02 1.7 214,379,522
067 98 04 1.7 586,595,603
067 98 04 1.6 611,500,456
067 98 07 1.6 410,384,384
067 98 04 1.6 375,357,321
067 98 00 1.6 287,249,217
067 98 00 1.6 187,166,141
067 98 00 1.6 120,98,82
067 98 00 1.6 60,33,9
067 98 00 1.6 20,115,280
067 98 06 1.6 440,526,549
067 98 04 1.8 562,566,552
067 98 08 1.8 509,466,430
067 98 04 1.8 420,411,393
067 98 01 1.8 364,329,298
067 98 00 1.8 265,233,205
067 98 00 1.8 179,152,124
067 98 00 1.8 104,89,76
067 98 00 1.8 54,28,2
067 98 00 1.8 19,123,293
067 98 03 1.8 449,523,537
067 98 03 1.7 538,540,525
067 98 08 1.7 487,446,421
067 98 04 1.7 410,400,384
067 98 01 1.7 359,321,281
067 98 00 1.7 247,220,196
067 98 00 1.7 174,155,135
067 98 00 1.7 113,89,65
067 98 00 1.7 47,25,4
067 98 00 1.7 0,0,0
067 98 01 1.7 71,243,395
067 98 04 1.6 461,466,511
067 98 06 1.6 504,481,435
067 98 06 1.6 391,369,369
067 98 03 1.6 366,346,306
067 98 00 1.6 261,218,180
067 98 00 1.6 148,116,87
067 98 00 1.6 58,25,0
067 98 00 1.6 0,0,0
067 98 00 1.6 0,0,0
067 98 00 1.6 0,0,0
067 98 02 1.6 0,129,253
067 98 03 1.7 275,513,484
067 98 08 1.7 449,399,348
067 98 01 1.7 317,308,303
067 98 00 1.7 283,246,197
067 98 00 1.7 146,104,63
067 98 00 1.7 28,0,0
067 98 00 1.7 0,0,0
067 98 00 1.7 0,0,0
067 98 00 1.7 0,0,0
067 98 00 1.7 0,0,67
066 98 03 1.7 205,242,532
066 98 06 1.7 492,444,388
066 98 03 1.7 340,312,304
066 98 00 1.7 300,284,252
066 98 00 1.7 209,163,123
066 98 00 1.7 82,45,12
066 98 00 1.7 0,0,0
066 98 00 1.7 0,0,0
066 98 00 1.7 0,0,0
066 98 02 1.7 0,159,282
066 98 02 1.6 310,491,449
066 98 07 1.6 400,346,303
066 98 00 1.6 285,282,280
066 98 00 1.6 262,231,189
066 98 00 1.6 145,104,68
066 98 00 1.6 37,11,0
066 98 00 1.6 0,0,0
066 98 00 1.6 0,0,0
066 98 00 1.6 0,143,320
066 98 04 1.7 413,429,537
066 98 03 1.7 514,480,438
066 98 06 1.7 405,395,394
066 98 04 1.7 393,377,351
066 98 00 1.7 316,279,250
066 98 00 1.7 224,207,189
066 98 00 1.7 180,168,153
066 98 00 1.7 138,130,178
066 98 04 1.7 310,484,618
066 98 07 1.7 673,688,699
067 98 03 1.8 705,562,526
067 98 08 1.8 488,469,464
067 98 06 1.8 458,442,416
067 98 01 1.8 386,357,331
067 98 00 1.8 305,280,264
067 98 00 1.8 251,242,226
067 98 00 1.8 208,185,188
067 98 01 1.8 272,429,594
067 98 05 1.8 683,716,733
067 98 04 1.8 754,756,547
067 98 08 1.8 503,469,456
067 98 06 1.8 456,447,427
067 98 02 1.8 396,362,328
067 98 00 1.8 302,279,255
067 98 00 1.8 233,214,196
067 98 00 1.8 174,155,138
067 98 00 1.8 116,85,61
067 98 00 1.8 93,226,405
067 98 05 1.8 554,613,628
067 98 04 1.8 636,639,561
067 98 08 1.8 515,472,447
067 98 05 1.8 439,430,405
067 98 01 1.8 373,334,297
067 98 00 1.8 257,220,188
067 98 00 1.8 167,142,120
067 98 00 1.8 94,70,43
067 98 00 1.8 14,0,0
067 98 00 1.8 0,0,0
067 98 00 1.8 0,81,265
062 98 05 1.7 401,444,548
062 98 04 1.7 530,508,470
062 98 07 1.7 427,395,386
062 98 02 1.7 374,357,327
062 98 00 1.7 292,246,203
062 98 00 1.7 164,130,95
062 98 00 1.7 68,44,19
062 98 00 1.7 0,0,0
062 98 00 1.7 0,0,0
062 98 00 1.7 0,0,0
062 98 00 1.7 0,0,182
062 98 06 1.9 335,391,393
062 98 05 1.9 604,579,536
062 98 05 1.9 483,443,426
062 98 02 1.9 418,405,378
062 98 01 1.9 348,310,272
062 98 00 1.9 231,191,155
062 98 00 1.9 126,99,74
062 98 00 1.9 42,17,0
062 98 00 1.9 0,0,0
062 98 00 1.9 0,0,158
062 98 07 1.6 324,419,437
062 98 07 1.6 515,485,439
062 98 06 1.6 389,353,339
062 98 02 1.6 335,325,304
062 98 00 1.6 268,227,186
062 98 00 1.6 144,105,69
062 98 00 1.6 45,25,5
062 98 00 1.6 0,0,0
062 98 00 1.6 0,0,112
062 98 04 1.6 290,420,467
062 98 04 1.7 472,545,521
062 98 08 1.7 479,439,409
062 98 04 1.7 396,384,370
062 98 00 1.7 344,310,269
062 98 00 1.7 228,189,156
062 98 00 1.7 132,107,86
062 98 00 1.7 64,43,13
062 98 00 1.7 0,10,134
062 98 06 1.7 313,476,551
062 98 06 1.8 571,579,563
062 98 06 1.8 530,486,448
062 98 05 1.8 431,424,413
062 98 02 1.8 392,360,326
062 98 00 1.8 288,259,229
062 98 00 1.8 204,180,159
062 98 00 1.8 147,131,110
062 98 00 1.8 84,77,136
062 98 04 1.8 275,437,549
062 98 04 1.5 580,499,476
062 98 07 1.5 445,413,393
062 98 04 1.5 398,414,417
062 98 04 1.5 402,376,351
062 98 01 1.5 326,305,285
062 98 00 1.5 274,266,266
062 98 00 1.5 263,258,249
062 98 00 1.5 238,261,354
062 98 06 1.5 508,657,737
062 98 05 1.5 764,773,781
061 98 04 1.7 535,514,496
061 98 08 1.7 501,515,523
061 98 08 1.7 510,488,462
061 98 03 1.7 439,421,397
061 98 00 1.7 376,360,353
061 98 00 1.7 348,338,327
061 98 00 1.7 310,305,367
061 98 05 1.7 509,680,801
061 98 08 1.7 857,884,912
061 98 06 1.9 928,924,595
061 98 08 1.9 579,584,596
061 98 07 1.9 594,573,548
061 98 03 1.9 522,498,476
061 98 01 1.9 456,440,425
061 98 00 1.9 407,390,369
061 98 00 1.9 350,327,308
061 98 00 1.9 289,271,271
061 98 01 1.9 349,503,670
061 98 05 1.9 768,801,814
061 98 03 1.8 833,837,555
061 98 08 1.8 520,503,504
061 98 08 1.8 511,501,476
061 98 04 1.8 445,416,391
061 98 00 1.8 365,339,314
061 98 00 1.8 289,266,240
061 98 00 1.8 220,199,174
061 98 00 1.8 141,109,78
061 98 00 1.8 52,23,0
061 98 00 1.8 0,0,32
061 98 03 1.8 184,337,420
060 98 01 1.5 438,477,462
060 98 07 1.5 432,390,342
060 98 02 1.5 311,288,277
060 98 00 1.5 250,220,175
060 98 00 1.5 131,79,34
060 98 00 1.5 0,0,0
060 98 00 1.5 0,0,0
060 98 00 1.5 0,0,0
060 98 01 1.5 0,0,0
060 98 02 1.5 0,0,0
060 98 00 1.5 0,0,0
060 98 07 1.6 25,47,505
060 98 08 1.6 477,436,380
060 98 02 1.6 336,310,299
060 98 00 1.6 289,270,242
060 98 00 1.6 204,155,106
060 98 00 1.6 66,37,7
060 98 00 1.6 0,0,0
060 98 00 1.6 0,0,0
060 98 00 1.6 0,0,0
060 98 00 1.6 0,0,0
060 98 05 1.6 27,148,181
060 98 06 1.4 439,394,339
060 98 03 1.4 285,256,254
060 98 01 1.4 261,256,240
060 98 01 1.4 218,184,148
060 98 00 1.4 105,70,32
060 98 00 1.4 9,0,0
060 98 00 1.4 0,0,0
060 98 00 1.4 0,0,0
060 98 01 1.4 30,190,328
060 98 04 1.5 381,378,452
060 98 05 1.5 423,387,359
060 98 03 1.5 350,354,356
060 98 03 1.5 344,332,311
060 98 02 1.5 293,269,251
060 98 01 1.5 236,225,221
060 98 01 1.5 220,218,213
060 98 01 1.5 201,208,284
060 98 04 1.5 431,592,694
060 98 03 1.5 734,747,761
060 98 04 1.7 760,548,522
060 98 07 1.7 517,525,539
060 98 06 1.7 537,524,505
060 98 04 1.7 488,471,453
060 98 02 1.7 441,427,419
060 98 01 1.7 415,413,404
060 98 00 1.7 386,392,474
060 98 06 1.7 624,789,892
060 98 06 1.7 940,969,1000
060 98 04 2.0 1018,1014,616
060 98 08 2.0 611,624,639
060 98 08 2.0 640,626,607
060 98 05 2.0 586,569,553
060 98 02 2.0 541,533,527
060 98 02 2.0 525,522,514
060 98 01 2.0 500,480,491
060 98 03 2.0 576,730,890
060 98 05 2.0 990,1040,1078
060 98 05 2.1 1117,1142,658
060 98 05 2.1 649,653,674
060 98 08 2.1 692,693,685
060 98 07 2.1 669,649,636
060 98 04 2.1 624,616,604
060 98 02 2.1 594,582,568
060 98 01 2.1 556,544,529
060 98 00 2.1 513,494,480
060 98 00 2.1 498,591,744
060 98 06 2.1 890,967,990
060 98 03 1.7 1000,1019,1023
060 98 05 1.7 537,518,516
060 98 08 1.7 517,513,488
060 98 05 1.7 446,391,335
060 98 00 1.7 279,225,182
060 98 00 1.7 140,107,64
060 98 00 1.7 23,0,0
060 98 01 1.7 0,0,0
060 98 01 1.7 0,0,0
060 98 00 1.7 0,0,0
060 98 06 1.6 122,188,174
060 98 07 1.6 438,385,333
060 98 01 1.6 285,256,245
060 98 00 1.6 238,221,187
060 98 00 1.6 144,97,51
060 98 00 1.6 7,0,0
060 98 00 1.6 0,0,0
060 98 00 1.6 0,0,0
060 98 00 1.6 0,0,0
060 98 00 1.6 0,0,0
060 98 02 1.6 0,0,51
060 98 07 1.5 43,406,340
060 98 02 1.5 276,224,190
060 98 01 1.5 177,177,165
060 98 00 1.5 142,104,61
060 98 00 1.5 12,0,0
060 98 00 1.5 0,0,0
060 98 00 1.5 0,0,0
060 98 00 1.5 0,0,0
060 98 00 1.5 0,0,0
060 98 04 1.2 38,44,334
060 98 03 1.2 265,190,134
060 98 00 1.2 111,114,117
060 98 01 1.2 107,86,56
060 98 00 1.2 21,0,0
060 98 00 1.2 0,0,0
060 98 00 1.2 0,0,0
060 98 00 1.2 0,0,0
060 98 01 1.2 0,69,183
060 98 06 1.4 211,414,375
060 98 03 1.4 332,288,257
060 98 02 1.4 247,254,255
060 98 02 1.4 241,219,186
060 98 01 1.4 151,117,86
060 98 00 1.4 62,43,33
060 98 00 1.4 21,7,0
060 98 00 1.4 34,152,316
061 98 03 1.6 453,512,520
061 98 04 1.6 514,499,467
061 98 06 1.6 431,406,399
061 98 04 1.6 401,392,373
061 98 02 1.6 345,316,284
061 98 00 1.6 258,236,220
061 98 00 1.6 207,190,173
061 98 00 1.6 157,181,284
061 98 06 1.6 441,586,659
061 98 04 1.6 680,688,690
061 98 08 1.6 525,498,472
061 98 08 1.6 460,463,462
061 98 06 1.6 448,416,385
061 98 00 1.6 355,334,311
061 98 00 1.6 292,278,267
061 98 00 1.6 251,232,217
061 98 00 1.6 248,353,513
061 98 05 1.6 646,720,741
061 98 04 1.7 756,760,527
061 98 06 1.7 496,463,448
061 98 07 1.7 447,445,432
061 98 03 1.7 405,367,338
061 98 00 1.7 312,291,268
061 98 00 1.7 252,241,229
061 98 00 1.7 213,195,176
061 98 00 1.7 154,152,222
061 98 05 1.7 373,542,648
062 98 06 1.7 679,680,682
062 98 03 1.7 526,498,470
062 98 08 1.7 455,455,449
062 98 05 1.7 433,401,366
062 98 00 1.7 327,298,273
062 98 00 1.7 251,231,209
062 98 00 1.7 186,161,135
062 98 00 1.7 111,80,52
062 98 00 1.7 25,0,0
062 98 00 1.7 0,10,154
062 98 04 1.6 324,435,459
062 98 04 1.6 486,462,432
062 98 05 1.6 387,346,321
062 98 02 1.6 317,309,283
062 98 00 1.6 245,199,161
062 98 00 1.6 124,95,65
062 98 00 1.6 39,15,0
062 98 00 1.6 0,0,0
062 98 00 1.6 0,0,0
062 98 00 1.6 0,0,0
062 98 00 1.6 0,0,0
062 98 06 1.4 121,197,195
062 98 05 1.4 405,357,298
062 98 02 1.4 257,229,228
062 98 01 1.4 222,210,180
062 98 01 1.4 139,90,44
062 98 00 1.4 7,0,0
062 98 00 1.4 0,0,0
062 98 00 1.4 0,0,0
062 98 00 1.4 0,0,0
062 98 00 1.4 0,0,0
062 98 03 1.4 0,98,132
061 98 06 1.4 444,405,353
061 98 02 1.4 297,251,227
061 98 01 1.4 222,218,202
061 98 01 1.4 170,127,79
061 98 00 1.4 29,0,0
061 98 00 1.4 0,0,0
061 98 00 1.4 0,0,0
061 98 00 1.4 0,0,0
061 98 01 1.4 0,61,182
061 98 06 1.3 210,401,343
061 98 03 1.3 284,238,213
061 98 01 1.3 201,196,186
061 98 01 1.3 165,138,106
061 98 00 1.3 78,47,17
061 98 00 1.3 0,0,0
061 98 00 1.3 0,0,0
061 98 00 1.3 0,0,58
061 98 04 1.3 222,345,382
061 98 05 1.4 456,426,391
061 98 03 1.4 349,317,303
061 98 02 1.4 309,311,303
061 98 02 1.4 281,248,217
061 98 01 1.4 183,156,129
061 98 00 1.4 114,106,98
061 98 00 1.4 82,65,76
061 98 02 1.4 165,314,458
062 98 04 1.5 525,540,472
062 98 06 1.5 468,451,415
062 98 03 1.5 377,353,350
062 98 02 1.5 345,325,293
062 98 01 1.5 257,222,190
062 98 00 1.5 166,147,134
062 98 00 1.5 118,103,81
062 98 00 1.5 62,82,185
062 98 04 1.5 343,477,533
062 98 04 1.5 538,475,474
062 98 05 1.5 457,424,385
062 98 03 1.5 364,357,356
062 98 02 1.5 340,313,285
062 98 01 1.5 262,242,220
062 98 01 1.5 204,188,184
062 98 01 1.5 173,161,139
062 98 00 1.5 119,127,212
062 98 04 1.5 370,522,593
062 98 03 1.5 599,481,489
062 98 06 1.5 480,449,412
062 98 03 1.5 395,401,399
062 98 03 1.5 383,351,318
062 98 01 1.5 290,262,241
062 98 01 1.5 221,204,189
062 98 00 1.5 175,158,143
062 98 00 1.5 126,112,89
062 98 00 1.5 88,159,308
063 98 04 1.5 465,550,563
063 98 05 1.5 475,470,457
063 98 04 1.5 422,393,377
063 98 03 1.5 374,367,344
063 98 02 1.5 315,278,242
063 98 00 1.5 202,173,150
063 98 00 1.5 134,115,89
063 98 00 1.5 63,34,11
063 98 00 1.5 0,0,0
063 98 00 1.5 0,0,0
063 98 03 1.5 144,300,366
063 98 05 1.4 356,427,390
063 98 03 1.4 347,304,274
063 98 02 1.4 269,264,255
063 98 01 1.4 230,201,159
063 98 00 1.4 113,71,35
063 98 00 1.4 9,0,0
063 98 00 1.4 0,0,0
063 98 00 1.4 0,0,0
063 98 00 1.4 0,0,0
063 98 03 1.3 63,176,199
063 98 05 1.3 385,320,254
063 98 02 1.3 201,174,170
063 98 01 1.3 174,171,154
063 98 01 1.3 118,78,37
063 98 00 1.3 0,0,0
063 98 00 1.3 0,0,0
063 98 00 1.3 0,0,0
063 98 00 1.3 0,0,0
063 98 01 1.3 0,0,132
063 98 04 1.5 193,476,432
063 98 04 1.5 381,326,285
063 98 02 1.5 265,268,272
063 98 02 1.5 267,240,201
063 98 01 1.5 155,113,71
063 98 00 1.5 39,12,0
063 98 00 1.5 0,0,0
063 98 00 1.5 0,0,0
063 98 00 1.5 0,78,241
063 98 04 1.4 330,340,439
063 98 05 1.4 397,346,303
063 98 02 1.4 277,278,281
063 98 02 1.4 273,253,225
063 98 01 1.4 194,157,123
063 98 00 1.4 92,73,60
063 98 00 1.4 54,42,26
063 98 00 1.4 14,12,84
063 98 03 1.4 221,385,489
063 98 03 1.5 520,507,486
063 98 07 1.5 453,413,388
063 98 04 1.5 381,388,388
063 98 03 1.5 376,353,321
063 98 01 1.5 292,263,238
063 98 00 1.5 219,209,198
063 98 00 1.5 184,167,151
063 98 00 1.5 158,254,423
063 98 06 1.5 601,703,733
063 98 05 1.8 741,740,585
063 98 08 1.8 559,536,521
063 98 06 1.8 528,528,519
063 98 04 1.8 494,466,439
063 98 01 1.8 414,391,374
063 98 00 1.8 356,339,325
063 98 00 1.8 313,299,295
063 98 01 1.8 355,506,690
063 98 06 1.8 828,890,916
063 98 05 2.0 937,948,651
063 98 07 2.0 625,604,600
063 98 07 2.0 607,602,589
063 98 04 2.0 564,544,516
063 98 02 2.0 494,472,457
063 98 00 2.0 438,422,403
063 98 00 2.0 394,382,370
063 98 00 2.0 351,343,407
063 98 05 2.0 567,766,915

