100001!20190823_161743!0!0
2.33!2.4!2.4!2.39!2.33!2.37!
99!30!60!308!1681
312.0 2.27 134 75

030 70 03 0.9 216,208,200
030 70 01 0.9 190,183,175
030 70 00 0.9 165,148,134
030 70 00 0.9 121,110,97
030 70 00 0.9 86,76,67
030 70 00 0.9 57,46,36
030 70 00 0.9 47,97,173
030 70 07 0.9 254,308,345
030 70 08 1.1 366,378,336
030 70 08 1.1 326,306,295
030 70 05 1.1 283,278,263
030 70 02 1.1 249,234,222
030 70 00 1.1 207,188,172
030 70 00 1.1 158,144,125
030 70 00 1.1 107,90,77
030 70 00 1.1 67,58,53
030 70 00 1.1 45,38,32
030 70 00 1.1 50,103,179
030 70 08 1.1 249,297,327
030 70 08 1.0 338,338,295
030 70 08 1.0 282,273,260
030 70 05 1.0 256,243,237
030 70 02 1.0 223,207,187
030 70 00 1.0 167,153,137
030 70 00 1.0 122,102,85
030 70 00 1.0 67,52,36
030 70 00 1.0 26,18,9
030 70 00 1.0 0,0,15
030 70 02 1.0 75,153,216
030 70 08 0.9 251,268,274
030 70 08 0.9 278,269,256
030 70 06 0.9 251,243,235
030 70 03 0.9 222,209,193
030 70 01 0.9 180,164,151
030 70 00 0.9 132,115,96
030 70 00 0.9 81,66,50
030 70 00 0.9 37,24,12
030 70 00 0.9 0,0,0
030 70 00 0.9 17,87,172
030 70 08 0.9 244,291,321
056 99 08 1.1 340,343,351
056 99 06 1.1 337,325,313
056 99 04 1.1 303,291,278
056 99 02 1.1 263,250,230
056 99 01 1.1 210,193,179
056 99 00 1.1 161,140,124
056 99 00 1.1 107,94,79
056 99 00 1.1 68,51,34
056 99 00 1.1 21,34,87
056 99 04 1.1 174,262,330
056 99 08 1.1 374,397,405
056 99 07 1.2 380,366,353
056 99 05 1.2 339,331,321
056 99 03 1.2 312,297,277
056 99 01 1.2 259,243,229
056 99 00 1.2 208,188,170
056 99 00 1.2 155,141,125
056 99 00 1.2 107,86,72
056 99 00 1.2 57,45,31
056 99 00 1.2 40,83,163
056 99 06 1.2 252,319,358
056 99 08 1.1 378,387,351
056 99 06 1.1 340,328,319
056 99 04 1.1 307,295,282
056 99 02 1.1 271,258,243
056 99 01 1.1 224,206,190
056 99 00 1.1 175,157,140
056 99 00 1.1 123,111,96
056 99 00 1.1 80,63,47
056 99 00 1.1 28,14,14
056 99 01 1.1 57,127,208
056 99 07 1.1 265,299,313
056 99 07 1.0 315,294,279
056 99 07 1.0 266,257,251
056 99 04 1.0 244,233,218
056 99 01 1.0 201,183,168
056 99 00 1.0 149,132,111
056 99 00 1.0 98,80,63
056 99 00 1.0 44,30,14
056 99 00 1.0 3,0,0
056 99 00 1.0 0,0,34
056 99 05 1.0 121,209,267
056 99 08 1.2 304,326,334
056 99 07 1.2 366,351,337
056 99 04 1.2 325,315,307
056 99 03 1.2 292,276,257
056 99 01 1.2 243,229,216
056 99 00 1.2 199,179,161
056 99 00 1.2 146,133,112
056 99 00 1.2 91,71,55
056 99 00 1.2 40,24,18
056 99 00 1.2 20,62,135
056 99 06 1.2 226,298,348
056 99 08 1.2 376,389,385
056 99 07 1.2 361,348,338
056 99 04 1.2 325,316,306
056 99 03 1.2 293,279,259
056 99 01 1.2 237,220,202
056 99 00 1.2 189,172,154
056 99 00 1.2 138,119,102
056 99 00 1.2 79,61,47
056 99 00 1.2 37,17,3
056 99 00 1.2 8,57,138
056 99 06 1.2 229,294,337
056 99 08 1.2 361,370,370
056 99 06 1.2 353,343,330
056 99 04 1.2 321,310,297
056 99 02 1.2 283,267,249
056 99 01 1.2 238,226,210
056 99 00 1.2 195,175,161
056 99 00 1.2 139,123,107
056 99 00 1.2 90,70,53
056 99 00 1.2 37,18,2
056 99 00 1.2 11,60,138
056 99 05 1.2 218,274,303
056 99 07 1.0 315,314,308
056 99 07 1.0 293,287,278
056 99 05 1.0 272,255,249
056 99 02 1.0 235,224,205
056 99 00 1.0 188,173,159
056 99 00 1.0 147,129,112
056 99 00 1.0 88,72,55
056 99 00 1.0 43,23,6
056 99 00 1.0 0,0,0
056 99 01 1.0 32,114,202
056 99 08 1.0 273,310,334
056 99 08 1.1 340,340,350
056 99 06 1.1 338,324,317
056 99 04 1.1 307,302,282
056 99 02 1.1 269,248,238
056 99 01 1.1 220,203,188
056 99 00 1.1 175,162,144
056 99 00 1.1 120,100,81
056 99 00 1.1 71,55,43
056 99 00 1.1 26,17,31
056 99 01 1.1 90,180,273
056 99 08 1.1 335,376,400
056 99 08 1.3 413,393,381
056 99 06 1.3 372,365,357
056 99 04 1.3 347,334,318
056 99 02 1.3 303,290,274
056 99 01 1.3 255,238,224
056 99 00 1.3 211,196,179
056 99 00 1.3 163,146,133
056 99 00 1.3 115,98,77
056 99 00 1.3 63,49,57
056 99 01 1.3 100,179,266
056 99 07 1.3 338,384,413
056 99 08 1.2 426,426,370
056 99 06 1.2 359,352,346
056 99 04 1.2 337,328,315
056 99 02 1.2 303,288,276
056 99 01 1.2 263,248,233
056 99 00 1.2 215,197,177
056 99 00 1.2 166,153,141
056 99 00 1.2 120,103,86
056 99 00 1.2 73,58,56
056 99 00 1.2 84,152,231
056 99 06 1.2 294,337,364
056 99 08 1.0 376,374,309
056 99 05 1.0 298,288,281
056 99 04 1.0 277,270,259
056 99 02 1.0 245,225,208
056 99 01 1.0 188,176,161
056 99 00 1.0 144,131,118
056 99 00 1.0 105,87,66
056 99 00 1.0 51,34,24
056 99 00 1.0 1,0,0
056 99 00 1.0 22,94,178
056 99 07 1.0 249,300,335
056 99 08 1.2 349,349,358
056 99 06 1.2 345,336,327
056 99 04 1.2 318,304,292
056 99 02 1.2 273,259,239
056 99 01 1.2 227,210,194
056 99 00 1.2 176,155,134
056 99 00 1.2 117,104,90
056 99 00 1.2 78,63,46
056 99 00 1.2 29,15,16
056 99 01 1.2 50,122,212
056 99 07 1.2 282,332,360
055 99 08 1.2 380,380,361
055 99 06 1.2 348,339,331
055 99 04 1.2 322,310,294
055 99 02 1.2 284,270,255
055 99 01 1.2 235,214,198
055 99 00 1.2 183,168,148
055 99 00 1.2 128,110,94
055 99 00 1.2 79,64,50
055 99 00 1.2 34,16,1
055 99 00 1.2 12,56,129
055 99 05 1.2 200,251,283
055 99 07 1.0 301,310,306
055 99 08 1.0 297,286,283
055 99 06 1.0 276,267,250
055 99 02 1.0 237,226,211
055 99 00 1.0 196,180,165
055 99 00 1.0 143,120,104
055 99 00 1.0 91,74,53
055 99 00 1.0 29,9,0
055 99 00 1.0 0,0,0
055 99 00 1.0 0,0,50
055 99 06 1.0 114,161,192
055 99 08 0.9 210,212,271
055 99 07 0.9 260,254,243
055 99 04 0.9 233,222,208
055 99 01 0.9 195,177,160
055 99 00 0.9 142,126,109
055 99 00 0.9 97,81,66
055 99 00 0.9 45,28,9
055 99 00 0.9 0,0,0
055 99 00 0.9 0,0,0
055 99 00 0.9 0,0,1
055 99 06 0.9 70,137,182
055 99 08 1.0 216,228,230
055 99 08 1.0 301,294,285
055 99 06 1.0 276,267,257
055 99 03 1.0 244,228,219
055 99 01 1.0 203,190,171
055 99 00 1.0 157,136,115
055 99 00 1.0 95,80,63
055 99 00 1.0 50,36,26
055 99 00 1.0 12,0,0
055 99 00 1.0 0,0,17
055 99 03 1.0 81,148,201
055 99 08 0.9 236,250,253
055 99 08 0.9 280,269,263
055 99 06 0.9 258,251,240
055 99 03 0.9 231,218,201
055 99 00 0.9 179,158,136
055 99 00 0.9 117,95,79
055 99 00 0.9 59,39,18
055 99 00 0.9 0,0,0
055 99 00 0.9 0,0,0
055 99 00 0.9 0,0,0
055 99 00 0.9 0,5,41
055 99 07 0.6 66,75,76
055 99 04 0.6 167,154,145
055 99 02 0.6 141,140,128
055 99 01 0.6 104,42,0
055 99 00 0.6 0,52,221
030 70 08 0.8 461,238,228
030 70 04 0.8 222,214,207
030 70 03 0.8 194,185,169
030 70 02 0.8 157,140,124
030 70 00 0.8 112,96,83
030 70 00 0.8 69,55,44
030 70 00 0.8 27,14,0
030 70 00 0.8 0,0,0
030 70 00 0.8 0,0,0
030 70 02 0.8 56,137,195
030 70 07 0.8 242,271,293
030 70 08 1.1 297,348,344
030 70 06 1.1 345,342,337
030 70 04 1.1 333,328,317
030 70 03 1.1 300,289,282
030 70 02 1.1 278,273,268
030 70 01 1.1 260,250,241
030 70 01 1.1 232,220,211
030 70 00 1.1 204,196,190
030 70 00 1.1 183,208,266
030 70 04 1.1 355,442,508
030 70 08 1.1 557,583,597
030 70 08 1.3 595,408,401
030 70 07 1.3 398,393,385
030 70 04 1.3 375,364,353
030 70 03 1.3 340,321,308
030 70 01 1.3 294,286,274
030 70 01 1.3 261,247,235
030 70 00 1.3 222,207,195
030 70 00 1.3 182,171,157
030 70 00 1.3 166,212,290
030 70 05 1.3 373,435,475
030 70 08 1.1 498,505,347
030 70 07 1.1 338,333,327
030 70 05 1.1 321,313,301
030 70 03 1.1 288,274,261
030 70 02 1.1 246,228,213
030 70 00 1.1 195,180,160
030 70 00 1.1 146,128,115
030 70 00 1.1 99,87,72
030 70 00 1.1 60,57,92
030 70 01 1.1 165,257,333
030 70 08 1.1 383,414,430
056 99 08 1.2 433,371,358
056 99 06 1.2 346,341,333
056 99 04 1.2 323,309,296
056 99 02 1.2 281,263,244
056 99 01 1.2 229,216,199
056 99 00 1.2 182,164,150
056 99 00 1.2 135,112,91
056 99 00 1.2 69,59,44
056 99 00 1.2 39,60,129
056 99 03 1.2 218,304,362
056 99 08 1.2 405,427,437
056 99 08 1.3 393,379,366
056 99 05 1.3 351,344,332
056 99 03 1.3 322,309,295
056 99 02 1.3 279,257,239
056 99 00 1.3 220,205,188
056 99 00 1.3 171,157,140
056 99 00 1.3 122,104,83
056 99 00 1.3 62,44,27
056 99 00 1.3 24,50,119
056 99 03 1.3 213,296,351
056 99 08 1.2 382,397,396
056 99 07 1.2 367,354,344
056 99 05 1.2 331,321,308
056 99 03 1.2 295,283,268
056 99 01 1.2 251,228,211
056 99 00 1.2 196,185,166
056 99 00 1.2 144,130,117
056 99 00 1.2 102,81,59
056 99 00 1.2 43,22,7
056 99 00 1.2 0,15,68
056 99 02 1.2 149,225,278
056 99 07 1.0 305,314,319
056 99 08 1.0 310,300,286
056 99 06 1.0 276,263,251
056 99 03 1.0 236,224,208
056 99 01 1.0 198,180,166
056 99 00 1.0 145,126,111
056 99 00 1.0 95,83,62
056 99 00 1.0 45,25,10
056 99 00 1.0 0,0,0
056 99 00 1.0 0,42,129
056 99 07 1.0 215,271,308
056 99 08 1.2 326,327,350
056 99 06 1.2 336,322,312
056 99 04 1.2 308,304,296
056 99 03 1.2 278,261,241
056 99 01 1.2 226,208,194
056 99 00 1.2 177,162,145
056 99 00 1.2 128,109,91
056 99 00 1.2 75,55,38
056 99 00 1.2 21,9,3
056 99 00 1.2 34,108,204
056 99 06 1.2 284,337,369
056 99 08 1.3 387,388,381
056 99 07 1.3 367,358,351
056 99 04 1.3 341,333,322
056 99 03 1.3 313,296,278
056 99 02 1.3 258,243,226
056 99 00 1.3 212,193,176
056 99 00 1.3 157,141,125
056 99 00 1.3 110,89,69
056 99 00 1.3 50,38,44
056 99 00 1.3 88,174,264
056 99 07 1.3 334,377,406
055 99 08 1.2 415,415,364
055 99 06 1.2 355,342,335
055 99 04 1.2 328,315,302
055 99 02 1.2 283,273,261
055 99 01 1.2 242,221,202
055 99 00 1.2 192,177,162
055 99 00 1.2 146,131,117
055 99 00 1.2 101,91,78
055 99 00 1.2 58,39,45
055 99 00 1.2 100,186,268
055 99 06 1.2 319,349,360
055 99 07 1.1 362,318,310
055 99 05 1.1 302,290,281
055 99 03 1.1 270,261,249
055 99 02 1.1 235,218,201
055 99 00 1.1 185,171,158
055 99 00 1.1 141,123,105
055 99 00 1.1 94,81,66
055 99 00 1.1 42,24,8
055 99 00 1.1 0,0,25
055 99 01 1.1 107,200,279
055 99 08 1.1 330,367,386
055 99 08 1.3 386,389,379
055 99 06 1.3 375,366,360
055 99 04 1.3 346,336,320
055 99 02 1.3 306,291,275
055 99 01 1.3 256,236,220
055 99 00 1.3 207,193,181
055 99 00 1.3 162,144,125
055 99 00 1.3 108,91,72
055 99 00 1.3 56,52,82
055 99 01 1.3 156,251,336
055 99 08 1.3 394,433,456
055 99 08 1.4 463,410,396
055 99 06 1.4 384,374,370
055 99 04 1.4 362,351,339
055 99 03 1.4 325,309,286
055 99 01 1.4 269,252,236
055 99 00 1.4 216,198,181
055 99 00 1.4 167,152,136
055 99 00 1.4 120,99,81
055 99 00 1.4 65,54,72
055 99 00 1.4 130,220,312
055 99 07 1.4 375,422,447
055 99 08 1.3 460,401,394
055 99 07 1.3 387,376,362
055 99 04 1.3 349,338,326
055 99 02 1.3 310,294,276
055 99 01 1.3 261,245,230
055 99 00 1.3 211,194,173
055 99 00 1.3 154,138,124
055 99 00 1.3 109,93,73
055 99 00 1.3 54,37,37
055 99 00 1.3 76,150,240
055 99 06 1.3 308,352,377
055 99 08 1.2 387,347,339
055 99 06 1.2 330,328,320
055 99 04 1.2 309,299,281
055 99 02 1.2 269,249,236
055 99 01 1.2 217,201,184
055 99 00 1.2 168,147,130
055 99 00 1.2 113,99,80
055 99 00 1.2 65,53,38
055 99 00 1.2 22,5,12
055 99 00 1.2 60,137,214
055 99 06 1.2 265,295,313
055 99 07 1.0 314,306,296
055 99 08 1.0 288,282,276
055 99 05 1.0 271,255,238
055 99 02 1.0 221,208,193
055 99 00 1.0 175,156,140
055 99 00 1.0 125,111,91
055 99 00 1.0 72,57,41
055 99 00 1.0 22,2,0
055 99 00 1.0 0,0,45
055 99 03 1.0 134,219,282
055 99 08 1.0 325,351,362
055 99 08 1.3 360,378,369
055 99 06 1.3 359,350,339
055 99 04 1.3 328,317,304
055 99 02 1.3 291,272,255
055 99 01 1.3 238,223,205
055 99 00 1.3 187,169,151
055 99 00 1.3 138,124,106
055 99 00 1.3 89,73,61
055 99 00 1.3 65,108,191
055 99 05 1.3 286,360,408
055 99 08 1.3 436,451,455
055 99 08 1.3 392,385,375
055 99 05 1.3 365,355,345
055 99 03 1.3 331,314,296
055 99 02 1.3 281,266,253
055 99 00 1.3 234,219,200
055 99 00 1.3 183,166,147
055 99 00 1.3 129,109,95
055 99 00 1.3 79,64,51
055 99 00 1.3 71,134,227
055 99 06 1.3 310,366,400
055 99 08 1.2 420,425,364
055 99 06 1.2 347,338,328
055 99 04 1.2 321,305,291
055 99 02 1.2 278,263,245
055 99 01 1.2 225,205,185
055 99 00 1.2 163,145,128
055 99 00 1.2 113,91,73
055 99 00 1.2 53,38,19
055 99 00 1.2 1,0,0
055 99 00 1.2 0,57,143
055 99 05 1.2 216,259,280
055 99 07 1.0 289,307,298
055 99 07 1.0 283,273,262
055 99 04 1.0 253,242,228
055 99 01 1.0 208,192,176
055 99 00 1.0 162,144,122
055 99 00 1.0 104,85,70
055 99 00 1.0 53,37,16
055 99 00 1.0 0,0,0
055 99 00 1.0 0,0,0
055 99 01 1.0 41,127,191
055 99 08 1.0 226,241,247
055 99 08 1.0 305,294,281
055 99 06 1.0 267,256,248
055 99 03 1.0 236,219,199
055 99 00 1.0 180,161,141
055 99 00 1.0 124,105,89
055 99 00 1.0 70,53,34
055 99 00 1.0 17,3,0
055 99 00 1.0 0,0,0
055 99 00 1.0 0,0,5
055 99 03 1.0 93,179,237
055 99 08 1.0 269,283,286
055 99 07 1.2 358,344,330
055 99 04 1.2 316,309,302
055 99 03 1.2 288,272,253
055 99 01 1.2 236,221,205
055 99 00 1.2 187,165,149
055 99 00 1.2 132,117,95
055 99 00 1.2 76,59,40
055 99 00 1.2 25,6,0
055 99 00 1.2 7,61,140
055 99 05 1.2 227,289,329
055 99 08 1.2 348,355,354
055 99 07 1.2 342,326,313
055 99 04 1.2 308,296,283
055 99 02 1.2 266,252,236
055 99 01 1.2 217,201,179
055 99 00 1.2 163,144,129
055 99 00 1.2 114,98,80
055 99 00 1.2 61,42,24
055 99 00 1.2 9,0,0
055 99 00 1.2 9,79,167
055 99 06 1.2 245,292,318
055 99 08 1.1 326,326,332
055 99 06 1.1 322,313,307
055 99 04 1.1 298,284,273
055 99 02 1.1 259,245,228
055 99 01 1.1 214,198,184
055 99 00 1.1 167,152,133
055 99 00 1.1 114,98,83
055 99 00 1.1 70,54,38
055 99 00 1.1 26,31,71
055 99 02 1.1 141,220,275
055 99 07 1.0 304,317,316
055 99 08 1.0 282,269,262
055 99 06 1.0 254,245,232
055 99 03 1.0 217,199,182
055 99 00 1.0 164,148,132
055 99 00 1.0 118,104,89
055 99 00 1.0 73,56,39
055 99 00 1.0 20,5,0
055 99 00 1.0 0,0,0
055 99 00 1.0 0,25,123
055 99 07 1.0 212,275,318
055 99 08 1.3 340,349,404
055 99 07 1.3 397,388,376
055 99 05 1.3 364,353,342
055 99 03 1.3 331,314,299
055 99 01 1.3 281,264,248
055 99 00 1.3 229,215,198
055 99 00 1.3 182,160,143
055 99 00 1.3 125,112,98
055 99 00 1.3 83,70,80
055 99 00 1.3 137,227,323
055 99 07 1.3 391,436,465
055 99 08 1.3 477,480,398
055 99 07 1.3 389,374,364
055 99 04 1.3 353,344,335
055 99 03 1.3 322,304,283
055 99 01 1.3 263,248,230
055 99 00 1.3 211,189,172
055 99 00 1.3 153,135,117
055 99 00 1.3 103,88,73
055 99 00 1.3 55,40,59
055 99 00 1.3 124,221,314
055 99 07 1.3 372,404,419
055 99 08 1.3 423,379,372
055 99 06 1.3 368,364,354
055 99 04 1.3 345,330,319
055 99 02 1.3 302,285,267
055 99 01 1.3 248,234,221
055 99 00 1.3 208,191,175
055 99 00 1.3 155,138,118
055 99 00 1.3 102,84,70
055 99 00 1.3 63,82,138
055 99 03 1.3 219,297,346
055 99 08 1.0 372,379,314
055 99 08 1.0 306,294,284
055 99 06 1.0 270,261,252
055 99 03 1.0 243,230,211
055 99 00 1.0 196,180,165
055 99 00 1.0 145,129,112
055 99 00 1.0 99,91,85
055 99 00 1.0 81,74,67
055 99 00 1.0 55,39,21
055 99 00 1.0 21,59,133
055 99 06 1.0 219,285,329
055 99 08 1.1 350,356,335
055 99 08 1.1 326,316,306
055 99 07 1.1 295,280,261
055 99 03 1.1 242,226,204
055 99 00 1.1 180,152,133
055 99 00 1.1 112,96,74
055 99 00 1.1 53,33,10
055 99 00 1.1 0,0,0
055 99 00 1.1 0,0,0
055 99 00 1.1 0,0,56
055 99 06 1.1 139,200,243
055 99 08 1.2 264,273,378
055 99 07 1.2 373,362,355
055 99 05 1.2 348,336,320
055 99 03 1.2 303,287,271
055 99 01 1.2 254,236,219
055 99 00 1.2 198,183,163
055 99 00 1.2 145,127,109
055 99 00 1.2 88,63,40
055 99 00 1.2 24,13,6
055 99 00 1.2 29,90,179
055 99 05 1.2 259,314,346
055 99 08 1.2 363,372,369
055 99 06 1.2 344,313,271
055 99 02 1.2 227,194,177
055 99 00 1.2 187,199,221
030 70 05 1.3 240,276,374
030 70 04 1.3 363,358,351
030 70 03 1.3 345,331,320
030 70 02 1.3 307,290,273
030 70 02 1.3 259,248,237
030 70 01 1.3 222,208,191
030 70 01 1.3 173,153,139
030 70 01 1.3 125,109,86
030 70 00 1.3 66,75,115
030 70 02 1.3 193,277,347
030 70 05 1.3 394,421,440
030 70 05 1.2 440,368,355
030 70 06 1.2 349,344,339
030 70 04 1.2 328,309,291
030 70 02 1.2 269,254,236
030 70 00 1.2 221,203,184
030 70 00 1.2 165,145,126
030 70 00 1.2 108,88,65
030 70 00 1.2 45,30,26
030 70 00 1.2 62,130,222
030 70 06 1.2 297,355,389
030 70 08 1.3 411,416,386
030 70 07 1.3 380,376,376
030 70 05 1.3 363,352,333
030 70 03 1.3 318,303,284
030 70 01 1.3 269,249,234
030 70 00 1.3 215,198,179
030 70 00 1.3 162,140,123
030 70 00 1.3 106,90,70
030 70 00 1.3 54,63,113
030 70 02 1.3 204,300,378
030 70 08 1.3 427,462,482
030 70 08 1.4 487,435,424
030 70 06 1.4 414,407,399
030 70 04 1.4 392,377,364
030 70 03 1.4 349,334,318
030 70 01 1.4 300,281,260
030 70 00 1.4 240,218,199
030 70 00 1.4 179,163,143
030 70 00 1.4 122,100,90
030 70 00 1.4 114,181,279
030 70 06 1.4 371,436,480
056 99 08 1.4 506,520,519
056 99 08 1.4 426,418,418
056 99 06 1.4 413,409,397
056 99 04 1.4 381,364,347
056 99 02 1.4 329,306,287
056 99 00 1.4 270,256,234
056 99 00 1.4 216,199,184
056 99 00 1.4 163,141,120
056 99 00 1.4 105,105,148
056 99 01 1.4 222,308,370
056 99 07 1.1 413,428,433
056 99 07 1.1 322,315,302
056 99 04 1.1 293,286,278
056 99 03 1.1 263,244,224
056 99 01 1.1 203,185,165
056 99 00 1.1 144,127,108
056 99 00 1.1 90,67,47
056 99 00 1.1 33,14,0
056 99 00 1.1 0,0,0
056 99 00 1.1 0,74,173
056 99 06 1.1 249,307,346
056 99 08 1.4 368,373,419
056 99 07 1.4 411,400,390
056 99 04 1.4 378,367,351
056 99 03 1.4 335,315,298
056 99 01 1.4 279,259,240
056 99 00 1.4 217,196,170
056 99 00 1.4 150,132,112
056 99 00 1.4 93,73,57
056 99 00 1.4 44,58,120
056 99 02 1.4 211,302,368
056 99 08 1.4 414,446,457
057 99 08 1.4 407,395,381
057 99 06 1.4 378,367,358
057 99 04 1.4 344,329,312
057 99 02 1.4 292,275,251
057 99 00 1.4 227,207,188
057 99 00 1.4 173,148,128
057 99 00 1.4 106,85,64
057 99 00 1.4 42,25,14
057 99 00 1.4 39,106,204
057 99 05 1.4 291,353,390
057 99 08 1.3 409,414,391
057 99 07 1.3 383,373,367
057 99 04 1.3 354,345,327
057 99 03 1.3 310,290,275
057 99 01 1.3 260,238,221
057 99 00 1.3 199,181,159
057 99 00 1.3 141,124,106
057 99 00 1.3 88,70,52
057 99 00 1.3 38,53,108
057 99 02 1.3 193,272,328
057 99 08 1.1 365,379,377
057 99 07 1.1 325,316,310
057 99 04 1.1 300,288,273
057 99 03 1.1 260,244,228
057 99 01 1.1 209,191,172
057 99 00 1.1 154,135,116
057 99 00 1.1 99,80,62
057 99 00 1.1 40,23,3
057 99 00 1.1 0,0,0
057 99 01 1.1 77,178,272
057 99 08 1.1 336,383,410
057 99 08 1.5 423,441,436
057 99 07 1.5 426,420,408
057 99 04 1.5 393,380,364
057 99 02 1.5 348,329,309
057 99 01 1.5 295,274,258
057 99 00 1.5 239,220,198
057 99 00 1.5 178,158,138
057 99 00 1.5 121,100,84
057 99 00 1.5 94,154,249
057 99 05 1.5 349,431,487
057 99 08 1.5 522,539,542
057 99 07 1.5 453,441,433
057 99 04 1.5 424,414,404
057 99 03 1.5 389,370,350
057 99 02 1.5 325,307,283
057 99 01 1.5 269,250,231
057 99 01 1.5 209,182,163
057 99 00 1.5 141,127,106
057 99 00 1.5 86,67,69
057 99 00 1.5 115,203,306
057 99 04 1.5 389,443,480
057 99 06 1.5 497,501,426
057 99 04 1.5 414,401,391
057 99 03 1.5 381,370,355
057 99 02 1.5 337,320,296
057 99 02 1.5 276,250,237
057 99 01 1.5 216,195,165
057 99 00 1.5 144,127,110
057 99 00 1.5 93,74,54
057 99 00 1.5 35,39,87
057 99 02 1.5 170,264,335
057 99 05 1.2 382,401,402
057 99 05 1.2 358,344,332
057 99 05 1.2 327,320,312
057 99 03 1.2 294,274,258
057 99 01 1.2 239,217,191
057 99 00 1.2 165,145,125
057 99 00 1.2 107,87,67
057 99 00 1.2 48,31,11
057 99 00 1.2 0,0,0
057 99 00 1.2 0,58,160
057 99 06 1.2 257,324,364
057 99 08 1.5 389,400,441
057 99 07 1.5 424,407,395
057 99 05 1.5 385,369,354
057 99 02 1.5 336,324,306
057 99 01 1.5 285,264,238
057 99 00 1.5 220,193,162
057 99 00 1.5 107,37,0
057 99 00 1.5 0,0,0
057 99 01 1.5 0,0,0
057 99 00 1.5 0,0,0
057 99 04 1.5 74,116,142
057 99 07 1.2 144,370,349
057 99 04 1.2 329,312,298
057 99 02 1.2 278,252,226
057 99 00 1.2 203,181,155
057 99 00 1.2 133,109,88
057 99 00 1.2 65,45,29
057 99 00 1.2 9,0,0
057 99 00 1.2 0,0,0
057 99 00 1.2 0,0,0
057 99 01 1.2 22,138,233
057 99 08 1.2 299,345,371
057 99 08 1.6 375,466,456
057 99 04 1.6 450,447,433
057 99 03 1.6 416,401,391
057 99 02 1.6 382,366,347
057 99 02 1.6 328,314,303
057 99 01 1.6 287,272,251
057 99 01 1.6 232,216,203
057 99 01 1.6 187,168,151
057 99 00 1.6 141,162,227
057 99 02 1.6 319,401,450
057 99 05 1.1 474,483,337
057 99 06 1.1 325,312,302
057 99 04 1.1 295,287,272
057 99 03 1.1 255,234,216
057 99 01 1.1 200,180,165
057 99 00 1.1 146,126,105
057 99 00 1.1 86,71,55
057 99 00 1.1 33,17,0
057 99 00 1.1 0,0,0
057 99 00 1.1 4,84,168
057 99 06 1.1 231,279,316
057 99 08 1.3 338,338,373
057 99 06 1.3 358,353,348
057 99 04 1.3 346,335,323
057 99 03 1.3 308,292,277
057 99 01 1.3 264,250,235
057 99 00 1.3 218,203,188
057 99 00 1.3 170,154,138
057 99 00 1.3 124,104,90
057 99 00 1.3 110,178,278
057 99 06 1.3 374,442,490
057 99 08 1.5 516,531,432
057 99 08 1.5 420,403,395
057 99 05 1.5 385,374,354
057 99 03 1.5 339,322,307
057 99 01 1.5 287,264,244
057 99 00 1.5 223,205,186
057 99 00 1.5 170,154,133
057 99 00 1.5 114,94,76
057 99 00 1.5 61,66,112
057 99 02 1.5 193,285,356
057 99 08 1.5 400,432,447
057 99 08 1.3 386,365,351
057 99 05 1.3 342,335,322
057 99 03 1.3 307,293,277
057 99 02 1.3 259,239,216
057 99 00 1.3 199,179,162
057 99 00 1.3 138,117,95
057 99 00 1.3 79,60,42
057 99 00 1.3 22,20,58
057 99 01 1.3 138,232,304
057 99 08 1.3 349,376,387
057 99 08 1.2 365,351,336
057 99 05 1.2 330,318,306
057 99 03 1.2 286,266,246
057 99 01 1.2 227,211,192
057 99 00 1.2 170,148,128
057 99 00 1.2 110,91,68
057 99 00 1.2 44,22,2
057 99 00 1.2 0,0,0
057 99 00 1.2 43,133,234
057 99 07 1.2 310,360,386
057 99 08 1.4 399,423,409
057 99 06 1.4 391,376,364
057 99 04 1.4 352,336,319
057 99 02 1.4 294,274,252
057 99 00 1.4 233,213,192
057 99 00 1.4 170,146,125
057 99 00 1.4 107,86,65
057 99 00 1.4 45,24,4
057 99 00 1.4 9,65,155
057 99 04 1.4 254,330,384
057 99 08 1.4 419,425,422
057 99 07 1.4 404,391,374
057 99 04 1.4 358,340,327
057 99 02 1.4 310,293,272
057 99 01 1.4 252,230,207
057 99 00 1.4 187,163,139
057 99 00 1.4 114,94,80
057 99 00 1.4 62,40,14
057 99 00 1.4 0,0,0
057 99 00 1.4 33,126,223
057 99 07 1.4 294,336,359
057 99 08 1.3 364,383,365
057 99 05 1.3 348,340,327
057 99 03 1.3 314,297,282
057 99 02 1.3 264,243,221
057 99 00 1.3 204,185,166
057 99 00 1.3 146,128,110
057 99 00 1.3 92,70,49
057 99 00 1.3 33,13,0
057 99 00 1.3 0,10,80
057 99 03 1.3 172,241,286
057 99 07 1.1 302,304,311
057 99 06 1.1 295,282,272
057 99 03 1.1 262,254,237
057 99 02 1.1 220,200,183
057 99 00 1.1 162,137,119
057 99 00 1.1 100,85,60
057 99 00 1.1 40,19,0
057 99 00 1.1 0,0,0
057 99 00 1.1 0,0,0
057 99 01 1.1 48,155,245
057 99 08 1.1 301,334,352
057 99 08 1.4 358,432,419
057 99 06 1.4 407,397,387
057 99 04 1.4 376,361,342
057 99 02 1.4 319,297,277
057 99 00 1.4 260,244,225
057 99 00 1.4 210,188,168
057 99 00 1.4 143,128,113
057 99 00 1.4 96,74,58
057 99 00 1.4 75,146,253
057 99 06 1.4 360,433,486
057 99 08 1.6 516,530,465
057 99 06 1.6 449,434,421
057 99 04 1.6 413,403,389
057 99 03 1.6 378,358,340
057 99 02 1.6 317,296,275
057 99 01 1.6 256,239,221
057 99 01 1.6 201,177,157
057 99 00 1.6 138,122,105
057 99 00 1.6 81,66,82
057 99 01 1.6 152,253,356
057 99 05 1.6 427,473,498
057 99 06 1.5 503,434,422
057 99 04 1.5 415,407,397
057 99 03 1.5 387,369,351
057 99 02 1.5 330,312,297
057 99 01 1.5 279,262,242
057 99 01 1.5 223,203,180
057 99 00 1.5 163,147,133
057 99 00 1.5 117,96,81
057 99 00 1.5 88,145,236
057 99 03 1.5 329,396,433
057 99 05 1.2 452,451,359
057 99 06 1.2 344,334,329
057 99 04 1.2 321,311,290
057 99 02 1.2 273,253,236
057 99 01 1.2 215,196,175
057 99 00 1.2 154,135,116
057 99 00 1.2 98,77,57
057 99 00 1.2 37,18,0
057 99 00 1.2 0,0,46
057 99 02 1.2 150,264,353
057 99 08 1.2 410,447,469
057 99 08 1.6 474,487,478
057 99 05 1.6 468,461,451
057 99 03 1.6 440,421,401
057 99 02 1.6 380,362,343
057 99 01 1.6 325,300,277
057 99 01 1.6 253,235,214
057 99 00 1.6 196,176,157
057 99 00 1.6 139,118,97
057 99 00 1.6 92,138,239
057 99 03 1.6 362,460,529
057 99 03 1.7 569,593,596
057 99 06 1.7 503,488,479
057 99 04 1.7 470,464,449
057 99 03 1.7 435,418,403
057 99 02 1.7 383,362,342
057 99 01 1.7 321,301,281
057 99 01 1.7 260,238,213
057 99 00 1.7 188,166,143
057 99 00 1.7 122,98,80
057 99 00 1.7 77,127,226
057 99 03 1.7 341,434,487
057 99 06 1.5 519,530,530
057 99 05 1.5 443,421,399
057 99 03 1.5 381,367,352
057 99 02 1.5 325,296,264
057 99 01 1.5 236,209,180
057 99 00 1.5 156,128,105
057 99 00 1.5 80,58,32
057 99 00 1.5 8,0,0
057 99 00 1.5 0,0,0
057 99 00 1.5 0,0,57
057 99 03 1.5 138,191,216
057 99 04 1.1 228,309,293
057 99 05 1.1 271,252,240
057 99 02 1.1 226,214,195
057 99 01 1.1 174,149,125
057 99 00 1.1 105,83,65
057 99 00 1.1 43,23,0
057 99 00 1.1 0,0,0
057 99 00 1.1 0,0,0
057 99 00 1.1 0,0,0
057 99 00 1.1 0,16,105
057 99 07 1.1 175,221,248
057 99 08 1.4 255,415,401
057 99 06 1.4 384,368,354
057 99 03 1.4 342,325,305
057 99 02 1.4 283,260,240
057 99 00 1.4 221,206,183
057 99 00 1.4 159,138,117
057 99 00 1.4 96,72,51
057 99 00 1.4 32,12,0
057 99 00 1.4 0,0,12
057 99 01 1.4 92,194,275
057 99 08 1.4 329,356,366
057 99 08 1.3 363,380,368
057 99 05 1.3 355,346,333
057 99 03 1.3 317,299,280
057 99 02 1.3 263,241,217
057 99 00 1.3 191,170,149
057 99 00 1.3 131,108,90
057 99 00 1.3 71,50,28
057 99 00 1.3 4,0,0
057 99 00 1.3 0,0,0
057 99 01 1.3 57,151,222
057 99 07 1.3 267,292,304
057 99 07 1.2 355,340,330
057 99 05 1.2 320,312,303
057 99 03 1.2 292,276,258
057 99 01 1.2 238,224,204
057 99 00 1.2 187,166,148
057 99 00 1.2 130,111,92
057 99 00 1.2 74,59,41
057 99 00 1.2 20,0,0
057 99 00 1.2 0,51,132
057 99 05 1.2 210,262,293
057 99 07 1.1 304,304,313
057 99 06 1.1 298,287,277
057 99 03 1.1 268,256,240
057 99 02 1.1 227,210,191
057 99 00 1.1 171,149,127
057 99 00 1.1 109,93,76
057 99 00 1.1 55,35,18
057 99 00 1.1 0,0,0
057 99 00 1.1 0,0,0
057 99 01 1.1 42,143,233
057 99 08 1.1 298,341,364
057 99 08 1.4 374,431,418
057 99 06 1.4 405,397,386
057 99 04 1.4 376,359,344
057 99 02 1.4 326,310,288
057 99 01 1.4 269,248,230
057 99 00 1.4 209,190,174
057 99 00 1.4 161,142,126
057 99 00 1.4 105,87,67
057 99 00 1.4 63,101,183
057 99 04 1.4 288,373,431
057 99 08 1.4 464,482,487
057 99 08 1.4 416,406,395
057 99 06 1.4 392,385,374
057 99 04 1.4 358,336,318
057 99 01 1.4 297,281,260
057 99 00 1.4 242,227,210
057 99 00 1.4 191,166,148
057 99 00 1.4 129,111,91
057 99 00 1.4 70,55,43
057 99 00 1.4 69,137,234
057 99 06 1.4 320,379,417
056 99 08 1.3 434,434,381
056 99 07 1.3 370,361,358
056 99 04 1.3 351,339,323
056 99 03 1.3 308,288,273
056 99 01 1.3 256,242,223
056 99 00 1.3 206,186,166
056 99 00 1.3 145,128,112
056 99 00 1.3 95,77,57
056 99 00 1.3 46,64,132
056 99 03 1.3 222,309,366
056 99 08 1.2 401,415,365
056 99 07 1.2 356,345,338
056 99 05 1.2 330,321,309
056 99 03 1.2 297,282,267
056 99 01 1.2 244,227,203
056 99 00 1.2 188,167,151
056 99 00 1.2 132,111,90
056 99 00 1.2 67,46,28
056 99 00 1.2 13,0,10
056 99 00 1.2 66,163,268
056 99 07 1.2 351,410,448
056 99 08 1.6 467,469,463
056 99 05 1.6 455,441,434
056 99 04 1.6 424,414,397
056 99 02 1.6 376,358,340
056 99 02 1.6 323,307,289
056 99 01 1.6 270,248,233
056 99 01 1.6 212,193,172
056 99 00 1.6 155,134,111
056 99 00 1.6 94,118,189
056 99 02 1.6 298,404,485
056 99 06 1.6 538,571,573
056 99 05 1.6 423,355,315
056 99 03 1.6 331,368,413
056 99 04 1.6 454,490,511
056 99 04 1.6 528,534,536
056 99 04 1.6 544,560,583
056 99 04 1.6 598,617,640
030 70 06 1.2 341,327,317
030 70 04 1.2 304,295,279
030 70 02 1.2 270,255,238
030 70 01 1.2 217,194,176
030 70 00 1.2 155,136,119
030 70 00 1.2 103,86,66
030 70 00 1.2 48,29,9
030 70 00 1.2 0,0,0
030 70 01 1.2 68,162,258
030 70 08 1.2 327,371,399
030 70 08 1.4 406,418,405
030 70 06 1.4 393,386,376
030 70 04 1.4 367,355,342
030 70 02 1.4 324,303,282
030 70 00 1.4 263,247,229
030 70 00 1.4 212,191,174
030 70 00 1.4 154,133,115
030 70 00 1.4 95,83,63
030 70 00 1.4 54,79,149
030 70 05 1.4 247,338,404
030 70 08 1.4 449,466,470
030 70 08 1.4 411,401,391
030 70 05 1.4 379,369,360
030 70 03 1.4 343,329,309
030 70 01 1.4 294,277,260
030 70 00 1.4 240,219,200
030 70 00 1.4 183,165,147
030 70 00 1.4 128,109,91
030 70 00 1.4 72,55,54
030 70 00 1.4 95,173,268
030 70 07 1.4 342,390,415
030 70 08 1.2 422,362,349
030 70 06 1.2 335,327,315
030 70 03 1.2 306,294,281
030 70 02 1.2 264,244,226
030 70 00 1.2 204,187,170
030 70 00 1.2 155,140,121
030 70 00 1.2 102,85,69
030 70 00 1.2 56,35,22
030 70 00 1.2 31,82,174
030 70 06 1.2 274,360,419
057 99 08 1.5 456,470,472
057 99 08 1.5 439,428,421
057 99 06 1.5 413,401,380
057 99 03 1.5 358,338,316
057 99 01 1.5 293,270,250
057 99 00 1.5 232,219,203
057 99 00 1.5 183,164,148
057 99 00 1.5 132,114,94
057 99 00 1.5 80,99,169
057 99 05 1.5 277,379,450
057 99 08 1.5 493,518,526
057 99 08 1.5 523,430,419
057 99 06 1.5 409,401,387
057 99 03 1.5 367,353,338
057 99 02 1.5 319,298,278
057 99 00 1.5 263,245,221
057 99 00 1.5 198,176,157
057 99 00 1.5 136,114,92
057 99 00 1.5 73,57,68
057 99 01 1.5 122,219,319
057 99 08 1.5 393,430,450
057 99 08 1.3 453,389,373
057 99 06 1.3 363,359,354
057 99 04 1.3 340,324,303
057 99 02 1.3 289,268,250
057 99 00 1.3 229,213,195
057 99 00 1.3 176,155,132
057 99 00 1.3 108,89,70
057 99 00 1.3 50,40,76
057 99 02 1.3 157,266,352
057 99 08 1.3 411,445,460
057 99 08 1.4 457,406,393
057 99 06 1.4 387,379,373
057 99 04 1.4 359,343,326
057 99 02 1.4 304,280,258
057 99 00 1.4 236,219,195
057 99 00 1.4 176,154,131
057 99 00 1.4 106,83,61
057 99 00 1.4 42,28,51
057 99 01 1.4 128,245,355
057 99 08 1.4 433,478,503
057 99 08 1.6 510,472,462
057 99 04 1.6 445,437,424
057 99 03 1.6 411,393,374
057 99 02 1.6 355,334,313
057 99 01 1.6 290,264,240
057 99 00 1.6 220,199,174
057 99 00 1.6 149,124,107
057 99 00 1.6 81,59,34
057 99 00 1.6 44,107,211
057 99 04 1.6 317,393,438
057 99 06 1.5 463,469,430
057 99 04 1.5 416,393,378
057 99 03 1.5 363,352,330
057 99 02 1.5 310,286,268
057 99 01 1.5 242,221,195
057 99 00 1.5 176,155,135
057 99 00 1.5 111,87,59
057 99 00 1.5 33,10,0
057 99 00 1.5 0,0,35
057 99 02 1.5 127,218,282
057 99 05 1.2 314,323,320
057 99 05 1.2 330,317,301
057 99 03 1.2 287,273,254
057 99 02 1.2 235,211,186
057 99 00 1.2 163,141,121
057 99 00 1.2 99,78,53
057 99 00 1.2 28,2,0
057 99 00 1.2 0,0,0
057 99 00 1.2 0,0,0
057 99 01 1.2 0,82,179
057 99 08 1.2 245,279,291
057 99 08 1.3 401,385,367
057 99 05 1.3 350,342,328
057 99 03 1.3 316,295,274
057 99 01 1.3 251,229,208
057 99 00 1.3 184,159,136
057 99 00 1.3 112,93,69
057 99 00 1.3 48,23,6
057 99 00 1.3 0,0,0
057 99 00 1.3 0,8,105
057 99 06 1.3 213,292,336
057 99 08 1.4 356,362,413
057 99 07 1.4 398,380,362
057 99 04 1.4 350,338,323
057 99 02 1.4 305,287,269
057 99 01 1.4 244,217,191
057 99 00 1.4 171,151,131
057 99 00 1.4 110,88,71
057 99 00 1.4 51,36,12
057 99 00 1.4 0,0,0
057 99 01 1.4 46,143,242
057 99 08 1.4 312,349,368
057 99 08 1.3 369,384,368
057 99 05 1.3 351,339,323
057 99 03 1.3 310,296,277
057 99 01 1.3 253,230,208
057 99 00 1.3 185,163,142
057 99 00 1.3 123,98,73
057 99 00 1.3 50,32,11
057 99 00 1.3 0,0,0
057 99 00 1.3 0,0,0
057 99 02 1.3 63,159,228
057 99 08 1.2 267,286,288
057 99 06 1.2 353,332,318
057 99 04 1.2 312,316,317
057 99 03 1.2 321,313,298
057 99 02 1.2 280,264,246
057 99 01 1.2 225,207,197
057 99 00 1.2 188,179,163
057 99 00 1.2 145,125,109
057 99 00 1.2 91,73,74
057 99 01 1.2 128,238,375
057 99 04 1.2 496,585,641
057 99 04 2.0 669,675,598
057 99 08 2.0 592,595,603
057 99 08 2.0 617,623,623
057 99 06 2.0 615,604,589
057 99 04 2.0 576,561,550
057 99 02 2.0 534,520,505
057 99 01 2.0 492,477,461
057 99 00 2.0 440,422,400
057 99 00 2.0 394,429,531
057 99 07 2.0 669,794,881
057 99 04 2.0 935,966,978
057 99 05 2.0 977,576,568
057 99 08 2.0 562,558,548
057 99 05 2.0 531,510,484
057 99 02 2.0 452,414,377
057 99 00 2.0 338,297,257
057 99 00 2.0 219,185,152
057 99 00 2.0 124,100,77
057 99 00 2.0 56,37,34
057 99 00 2.0 77,169,287
057 99 07 2.0 384,449,487
057 99 08 1.7 514,523,487
057 99 05 1.7 467,449,430
057 99 03 1.7 412,388,358
057 99 02 1.7 324,288,251
057 99 00 1.7 213,176,139
057 99 00 1.7 103,68,33
057 99 00 1.7 5,0,0
057 99 00 1.7 0,0,0
057 99 00 1.7 0,0,0
057 99 02 1.7 4,118,200
057 99 05 1.3 231,235,376
057 99 06 1.3 369,365,357
057 99 04 1.3 353,353,375
030 70 07 1.5 528,502,485
030 70 06 1.5 477,461,444
030 70 03 1.5 423,399,370
030 70 00 1.5 333,302,271
030 70 00 1.5 241,207,172
030 70 00 1.5 142,112,82
030 70 00 1.5 48,15,0
030 70 00 1.5 0,0,0
030 70 01 1.5 70,245,406
030 70 05 1.5 511,576,614
030 70 05 1.9 629,706,681
030 70 05 1.9 659,643,628
030 70 04 1.9 615,594,568
030 70 02 1.9 535,501,468
030 70 01 1.9 431,400,366
030 70 00 1.9 333,300,271
030 70 00 1.9 241,211,178
030 70 00 1.9 149,114,79
030 70 00 1.9 66,125,263
030 70 04 1.9 437,573,659
030 70 03 1.8 703,729,729
030 70 05 1.8 647,620,596
030 70 04 1.8 580,563,542
030 70 03 1.8 517,486,450
030 70 01 1.8 414,384,353
030 70 00 1.8 324,288,252
030 70 00 1.8 218,185,153
030 70 00 1.8 111,74,38
030 70 00 1.8 8,0,0
030 70 00 1.8 36,184,355
030 70 05 1.8 483,552,585
030 70 03 1.7 595,621,599
030 70 07 1.7 575,551,537
030 70 04 1.7 522,508,490
030 70 02 1.7 460,429,393
030 70 00 1.7 365,335,310
030 70 00 1.7 278,248,217
030 70 00 1.7 188,155,123
030 70 00 1.7 91,58,29
030 70 00 1.7 19,84,211
030 70 05 1.7 365,481,544
057 99 03 1.5 574,571,535
057 99 08 1.5 508,488,471
057 99 07 1.5 458,438,417
057 99 02 1.5 391,361,327
057 99 00 1.5 294,269,240
057 99 00 1.5 212,176,146
057 99 00 1.5 115,86,53
057 99 00 1.5 18,0,0
057 99 00 1.5 0,0,0
057 99 02 1.5 103,274,418
057 99 06 1.5 511,567,600
057 99 06 1.9 604,676,654
057 99 08 1.9 631,610,590
057 99 04 1.9 575,554,525
057 99 02 1.9 498,470,447
057 99 00 1.9 413,383,351
057 99 00 1.9 323,290,258
057 99 00 1.9 227,198,163
057 99 00 1.9 132,102,79
057 99 00 1.9 94,188,351
057 99 05 1.9 516,633,701
057 99 05 1.8 736,750,659
057 99 07 1.8 634,609,598
057 99 06 1.8 587,575,553
057 99 03 1.8 528,496,464
057 99 00 1.8 437,413,385
057 99 00 1.8 356,323,293
057 99 00 1.8 260,227,197
057 99 00 1.8 166,137,105
057 99 00 1.8 74,55,93
057 99 01 1.8 210,376,522
057 99 05 1.8 614,661,681
057 99 05 1.7 677,601,573
057 99 07 1.7 554,544,532
057 99 04 1.7 519,495,469
057 99 01 1.7 436,409,382
057 99 00 1.7 353,320,291
057 99 00 1.7 264,237,208
057 99 00 1.7 175,148,123
057 99 00 1.7 95,59,45
057 99 00 1.7 100,232,391
057 99 05 1.7 511,570,592
057 99 04 1.5 595,535,510
057 99 08 1.5 483,470,452
057 99 05 1.5 437,411,389
057 99 00 1.5 354,330,296
057 99 00 1.5 264,227,195
057 99 00 1.5 167,135,107
057 99 00 1.5 78,46,11
057 99 00 1.5 0,0,0
057 99 00 1.5 0,0,109
057 99 03 1.5 287,433,521
057 99 08 1.5 573,603,625
057 99 05 2.0 625,708,697
057 99 08 2.0 694,701,698
057 99 06 2.0 682,660,636
057 99 03 2.0 620,592,571
057 99 01 2.0 543,518,491
057 99 00 2.0 463,433,399
057 99 00 2.0 371,346,319
057 99 00 2.0 289,265,295
057 99 01 2.0 407,592,773
057 99 06 2.0 907,982,1023
057 99 07 2.1 1044,1042,761
057 99 05 2.1 741,730,721
057 99 08 2.1 706,688,667
057 99 05 2.1 649,624,603
057 99 01 2.1 578,559,540
057 99 00 2.1 519,498,470
057 99 00 2.1 442,409,379
057 99 00 2.1 353,324,294
057 99 00 2.1 270,301,417
057 99 06 2.1 590,756,862
057 99 08 1.9 916,939,942
057 99 05 1.9 666,647,628
057 99 07 1.9 609,602,589
057 99 04 1.9 571,544,522
057 99 02 1.9 497,472,447
057 99 00 1.9 420,397,367
057 99 00 1.9 343,312,287
057 99 00 1.9 259,230,196
057 99 00 1.9 159,125,121
057 99 00 1.9 197,340,504
057 99 06 1.9 618,675,697
057 99 05 1.6 697,572,539
057 99 07 1.6 513,492,485
057 99 04 1.6 470,451,425
057 99 01 1.6 396,367,339
057 99 00 1.6 313,282,250
057 99 00 1.6 218,185,157
057 99 00 1.6 125,88,48
057 99 00 1.6 14,0,0
057 99 00 1.6 0,0,102
057 99 05 1.6 282,445,538
057 99 05 1.9 588,613,617
057 99 05 1.9 685,665,647
057 99 07 1.9 630,616,601
057 99 04 1.9 574,546,512
057 99 01 1.9 482,448,422
057 99 00 1.9 389,359,324
057 99 00 1.9 295,259,222
057 99 00 1.9 187,151,115
057 99 00 1.9 75,43,27
057 99 00 1.9 87,227,412
057 99 06 1.9 560,648,694
057 99 05 1.9 719,722,677
057 99 08 1.9 654,630,616
057 99 05 1.9 598,582,563
057 99 03 1.9 536,507,471
057 99 00 1.9 439,408,378
057 99 00 1.9 348,317,284
057 99 00 1.9 250,216,183
057 99 00 1.9 144,106,69
057 99 00 1.9 39,20,63
057 99 01 1.9 186,366,527
057 99 05 1.9 623,677,699
057 99 04 1.9 705,673,656
057 99 08 1.9 643,631,627
057 99 06 1.9 616,601,573
057 99 03 1.9 548,519,493
057 99 00 1.9 454,416,384
057 99 00 1.9 361,337,309
057 99 00 1.9 272,235,193
057 99 00 1.9 153,105,57
057 99 00 1.9 22,60,171
057 99 03 1.9 324,444,531
057 99 04 1.9 598,661,683
057 99 05 1.8 682,651,664
057 99 08 1.8 685,718,777
057 99 04 1.8 870,970,1067
057 99 07 1.8 1152,1236,1308
057 99 08 1.8 1382,1468,1568
057 99 04 1.8 1679,1774,1854
060 99 04 3.5 1877,1175,1028
060 99 03 3.5 839,691,638
060 99 00 3.5 674,764,848
060 99 03 3.5 842,722,578
060 99 00 3.5 499,447,360
060 99 01 3.5 256,165,105
060 99 00 3.5 34,0,0
060 99 00 3.5 0,0,0
060 99 00 3.5 0,0,0
060 99 02 3.5 0,0,0
060 99 01 3.5 0,0,0
060 99 00 3.5 0,0,0
060 99 01 3.5 0,0,0
060 99 00 3.5 0,0,0
060 99 03 1.3 0,0,449
060 99 02 1.3 413,363,324
060 99 01 1.3 281,242,205
060 99 00 1.3 175,145,107
060 99 00 1.3 68,28,0
060 99 00 1.3 0,0,0
060 99 01 1.3 0,0,0
060 99 01 1.3 0,0,0
060 99 01 1.3 0,0,0
060 99 00 1.3 0,0,0
060 99 04 1.3 0,0,0
060 99 05 1.5 0,540,519
060 99 05 1.5 496,482,464
060 99 03 1.5 447,435,426
060 99 02 1.5 415,404,392
060 99 01 1.5 385,375,367
060 99 01 1.5 358,346,331
060 99 00 1.5 307,292,268
060 99 00 1.5 244,221,209
060 99 00 1.5 230,322,486
060 99 06 1.5 674,820,914
060 99 08 2.2 972,1005,1011
060 99 07 2.2 782,758,743
060 99 06 2.2 739,730,721
060 99 08 2.2 707,697,687
060 99 06 2.2 679,676,666
060 99 03 2.2 647,620,599
060 99 00 2.2 589,577,578
060 99 00 2.2 590,633,696
060 99 07 2.2 768,840,951
060 99 06 2.2 1133,1355,1529
060 99 08 3.0 1620,1655,1655
060 99 04 3.0 1043,970,898
060 99 06 3.0 846,814,786
060 99 04 3.0 752,720,681
060 99 00 3.0 645,605,556
060 99 00 3.0 507,453,406
060 99 00 3.0 353,301,242
060 99 00 3.0 186,125,74
060 99 00 3.0 22,0,0
060 99 00 3.0 0,0,0
060 99 01 3.0 123,290,409
060 99 04 1.8 475,508,513
060 99 06 1.8 637,603,572
060 99 05 1.8 545,523,497
060 99 02 1.8 474,444,418
060 99 00 1.8 391,363,326
060 99 00 1.8 285,248,213
060 99 00 1.8 174,137,98
060 99 00 1.8 59,18,0
060 99 00 1.8 0,0,0
060 99 00 1.8 0,60,226
060 99 07 1.8 358,440,476
060 99 04 1.6 485,589,563
060 99 07 1.6 534,514,496
060 99 03 1.6 477,455,422
060 99 01 1.6 389,357,318
060 99 00 1.6 276,236,203
060 99 00 1.6 170,130,86
060 99 00 1.6 47,9,0
060 99 01 1.6 0,0,0
060 99 01 1.6 0,0,87
060 99 06 1.6 274,425,518
060 99 06 2.1 570,590,590
060 99 04 2.1 734,706,684
060 99 04 2.1 671,650,625
060 99 03 2.1 598,571,540
060 99 01 2.1 503,466,426
060 99 00 2.1 387,349,318
060 99 00 2.1 277,237,193
060 99 00 2.1 158,114,76
060 99 00 2.1 36,15,53
060 99 01 2.1 178,366,540
060 99 03 2.1 661,721,752
060 99 03 2.0 761,739,716
060 99 05 2.0 687,665,649
060 99 04 2.0 633,617,588
060 99 02 2.0 555,515,478
060 99 01 2.0 441,408,375
060 99 00 2.0 341,306,265
060 99 00 2.0 227,186,150
060 99 00 2.0 111,75,33
060 99 00 2.0 7,31,151
060 99 03 2.0 331,503,619
060 99 04 1.9 679,707,708
060 99 04 1.9 686,663,638
060 99 04 1.9 625,614,596
060 99 03 1.9 568,535,511
060 99 02 1.9 483,451,415
060 99 00 1.9 379,350,317
060 99 00 1.9 284,245,211
060 99 00 1.9 176,143,105
060 99 00 1.9 68,29,7
060 99 00 1.9 51,174,348
060 99 04 1.9 497,592,632
060 99 03 1.7 646,629,607
060 99 07 1.7 577,559,546
060 99 04 1.7 533,513,491
060 99 02 1.7 468,438,402
060 99 00 1.7 370,336,307
060 99 00 1.7 269,236,202
060 99 00 1.7 166,127,89
060 99 00 1.7 57,25,0
060 99 00 1.7 0,20,160
060 99 05 1.7 344,506,604
060 99 06 1.7 665,694,703
060 99 03 2.0 729,740,765
060 99 06 2.0 793,807,806
060 99 05 2.0 785,750,710
060 99 03 2.0 672,636,594
060 99 01 2.0 551,513,489
060 99 00 2.0 461,425,350
060 99 00 2.0 228,46,0
060 99 00 2.0 0,475,1893
030 70 07 1.7 446,421,402
030 70 03 1.7 385,361,332
030 70 01 1.7 299,269,232
030 70 00 1.7 199,167,138
030 70 00 1.7 105,71,39
030 70 00 1.7 12,0,0
030 70 00 1.7 0,0,0
030 70 00 1.7 0,0,0
030 70 01 1.7 150,278,349
030 70 04 1.8 378,382,533
030 70 08 1.8 514,490,471
030 70 07 1.8 451,434,410
030 70 03 1.8 385,356,325
030 70 00 1.8 294,261,232
030 70 00 1.8 196,167,130
030 70 00 1.8 101,69,39
030 70 00 1.8 2,0,0
030 70 00 1.8 0,0,0
030 70 00 1.8 0,60,217
030 70 07 1.8 332,391,418
030 70 02 1.9 424,553,530
030 70 08 1.9 506,485,467
030 70 06 1.9 451,432,407
030 70 02 1.9 380,351,323
030 70 00 1.9 292,261,230
030 70 00 1.9 200,171,142
030 70 00 1.9 113,87,59
030 70 00 1.9 33,0,0
030 70 00 1.9 0,0,96
030 70 02 1.9 236,354,414
030 70 02 1.6 438,435,465
030 70 07 1.6 440,414,395
030 70 04 1.6 380,369,352
030 70 02 1.6 328,305,276
030 70 00 1.6 251,217,190
030 70 00 1.6 158,132,101
030 70 00 1.6 75,45,18
030 70 00 1.6 0,0,0
030 70 00 1.6 0,0,6
030 70 01 1.6 156,317,426
030 70 05 1.6 490,522,534
057 99 03 2.1 616,589,565
057 99 07 2.1 545,534,522
057 99 04 2.1 502,479,450
057 99 02 2.1 425,402,379
057 99 00 2.1 354,325,292
057 99 00 2.1 260,231,204
057 99 00 2.1 178,147,116
057 99 00 2.1 86,76,123
057 99 00 2.1 245,410,551
057 99 06 2.1 642,694,721
057 99 04 2.2 721,628,606
057 99 08 2.2 590,582,570
057 99 06 2.2 554,535,515
057 99 03 2.2 493,469,441
057 99 01 2.2 409,377,348
057 99 00 2.2 322,290,262
057 99 00 2.2 227,195,162
057 99 00 2.2 133,105,101
057 99 00 2.2 166,303,462
057 99 07 2.2 585,656,694
057 99 04 2.0 711,710,594
057 99 08 2.0 571,552,539
057 99 06 2.0 524,503,482
057 99 03 2.0 454,430,401
057 99 00 2.0 374,343,312
057 99 00 2.0 284,257,227
057 99 00 2.0 200,173,146
057 99 00 2.0 116,83,54
057 99 00 2.0 53,132,276
057 99 04 2.0 433,539,597
057 99 03 2.0 628,635,575
057 99 06 2.0 549,529,519
057 99 06 2.0 507,494,473
057 99 03 2.0 450,425,400
057 99 01 2.0 377,350,325
057 99 00 2.0 297,274,249
057 99 00 2.0 230,204,177
057 99 00 2.0 145,117,91
057 99 00 2.0 98,174,309
057 99 04 2.0 449,548,595
057 99 03 1.8 617,521,503
057 99 06 1.8 479,461,445
057 99 07 1.8 434,419,398
057 99 03 1.8 373,350,323
057 99 00 1.8 294,262,237
057 99 00 1.8 211,185,161
057 99 00 1.8 134,105,74
057 99 00 1.8 42,10,0
057 99 00 1.8 2,94,248
057 99 05 1.8 400,507,568
057 99 06 2.1 601,614,622
057 99 05 2.1 599,575,562
057 99 06 2.1 550,534,514
057 99 04 2.1 488,468,443
057 99 01 2.1 418,386,352
057 99 00 2.1 322,294,268
057 99 00 2.1 236,206,176
057 99 00 2.1 147,114,84
057 99 00 2.1 61,87,189
057 99 01 2.1 346,492,587
057 99 05 2.1 638,669,676
057 99 05 2.1 607,585,564
057 99 07 2.1 547,532,516
057 99 04 2.1 502,479,454
057 99 02 2.1 423,398,372
057 99 00 2.1 341,312,280
057 99 00 2.1 253,218,191
057 99 00 2.1 159,131,99
057 99 00 2.1 67,40,49
057 99 00 2.1 139,284,425
057 99 07 2.1 511,552,567
057 99 06 1.8 524,508,486
057 99 08 1.8 467,455,447
057 99 06 1.8 435,414,387
057 99 02 1.8 359,333,303
057 99 00 1.8 273,238,213
057 99 00 1.8 183,155,120
057 99 00 1.8 85,52,20
057 99 00 1.8 0,0,0
057 99 00 1.8 19,160,324
057 99 05 1.8 440,499,525
057 99 04 2.0 533,527,558
057 99 06 2.0 534,511,494
057 99 07 2.0 475,455,427
057 99 02 2.0 408,376,345
057 99 00 2.0 300,267,233
057 99 00 2.0 201,162,125
057 99 00 2.0 82,39,0
057 99 00 2.0 0,0,0
057 99 00 2.0 0,0,132
057 99 04 2.0 311,445,526
057 99 07 2.3 564,578,690
057 99 06 2.3 673,654,640
057 99 07 2.3 631,623,614
057 99 05 2.3 598,576,548
057 99 02 2.3 521,493,465
057 99 00 2.3 439,408,381
057 99 00 2.3 348,321,287
057 99 00 2.3 261,227,200
057 99 00 2.3 201,280,427
057 99 04 2.3 588,706,772
057 99 04 2.1 805,816,611
057 99 05 2.1 591,570,555
057 99 06 2.1 545,530,513
057 99 04 2.1 488,459,430
057 99 01 2.1 401,371,341
057 99 00 2.1 309,280,251
057 99 00 2.1 221,191,158
057 99 00 2.1 125,87,61
057 99 00 2.1 82,181,325
057 99 04 2.1 454,529,560
058 99 08 1.7 565,489,461
058 99 05 1.7 438,419,407
058 99 03 1.7 387,369,345
058 99 02 1.7 315,282,246
058 99 00 1.7 213,179,147
058 99 00 1.7 114,77,40
058 99 00 1.7 7,0,0
058 99 00 1.7 0,0,0
058 99 00 1.7 0,86,254
058 99 05 1.7 375,445,479
058 99 03 2.1 492,626,608
058 99 08 2.1 587,572,560
058 99 06 2.1 544,524,497
058 99 03 2.1 470,439,407
058 99 00 2.1 374,340,310
058 99 00 2.1 275,242,204
058 99 00 2.1 172,140,112
058 99 00 2.1 81,47,28
058 99 00 2.1 76,207,381
058 99 06 2.1 520,601,642
058 99 04 2.1 660,657,609
058 99 07 2.1 584,564,548
058 99 06 2.1 537,522,498
058 99 03 2.1 469,434,406
058 99 00 2.1 374,343,308
058 99 00 2.1 274,241,208
058 99 00 2.1 174,138,106
058 99 00 2.1 74,42,10
058 99 00 2.1 11,92,244
058 99 03 2.1 410,525,589
058 99 04 2.1 617,624,611
058 99 07 2.1 590,566,549
058 99 06 2.1 537,524,503
058 99 03 2.1 477,451,423
058 99 01 2.1 389,356,323
058 99 00 2.1 292,262,230
058 99 00 2.1 195,160,129
058 99 00 2.1 97,61,23
058 99 00 2.1 0,0,52
058 99 00 2.1 192,362,485
058 99 04 2.1 552,581,590
058 99 05 2.1 603,582,563
058 99 07 2.1 550,539,522
058 99 04 2.1 500,479,454
058 99 02 2.1 426,392,363
058 99 00 2.1 330,306,275
058 99 00 2.1 247,212,183
058 99 00 2.1 151,122,89
058 99 00 2.1 55,28,37
058 99 00 2.1 127,278,428
058 99 07 2.1 521,566,584
058 99 04 1.9 583,540,519
058 99 08 1.9 496,480,465
058 99 06 1.9 449,426,399
058 99 01 1.9 366,337,305
058 99 00 1.9 278,244,211
058 99 00 1.9 177,145,109
058 99 00 1.9 77,43,12
058 99 00 1.9 0,0,0
058 99 00 1.9 0,52,231
058 99 06 1.9 403,519,581
058 99 08 2.3 607,610,688
058 99 05 2.3 672,653,638
058 99 07 2.3 624,612,592
058 99 04 2.3 566,537,506
058 99 01 2.3 479,446,418
058 99 00 2.3 384,352,319
058 99 00 2.3 284,251,216
058 99 00 2.3 180,143,107
058 99 00 2.3 75,70,139
058 99 00 2.3 287,462,601
058 99 05 2.3 683,726,739
058 99 04 2.3 735,654,638
058 99 08 2.3 620,609,595
058 99 05 2.3 578,554,526
058 99 02 2.3 499,466,434
058 99 00 2.3 401,371,339
058 99 00 2.3 306,275,240
058 99 00 2.3 206,168,130
058 99 00 2.3 94,60,29
058 99 00 2.3 31,113,269
058 99 03 2.3 440,567,637
058 99 04 2.2 673,679,645
058 99 07 2.2 624,605,595
058 99 07 2.2 590,582,567
058 99 04 2.2 547,526,506
058 99 02 2.2 484,458,424
058 99 00 2.2 404,412,437
058 99 01 2.2 456,468,493
058 99 03 2.2 544,615,668
058 99 07 2.2 697,702,707
058 99 07 2.2 701,676,647
058 99 04 2.2 610,574,530
058 99 00 2.2 498,479,486
058 99 00 2.2 506,546,580
058 99 03 2.2 620,648,650
058 99 04 2.2 616,567,534
058 99 01 2.2 511,492,503
030 70 03 0.6 152,130,105
030 70 01 0.6 85,63,42
030 70 00 0.6 22,7,0
030 70 00 0.6 0,0,0
030 70 00 0.6 0,0,0
030 70 00 0.6 0,0,0
030 70 00 0.6 0,0,0
030 70 00 0.6 0,0,0
030 70 00 0.6 0,0,0
030 70 03 0.6 0,0,185
030 70 03 0.6 169,155,138
030 70 02 0.6 128,111,89
030 70 00 0.6 67,46,29
030 70 00 0.6 11,0,0
030 70 00 0.6 0,0,0
030 70 00 0.6 0,0,0
030 70 00 0.6 0,0,0
030 70 00 0.6 0,0,0
030 70 00 0.6 0,0,0
030 70 01 0.6 0,0,0
030 70 00 0.5 0,131,129
030 70 06 1.8 505,489,479
030 70 06 1.8 463,453,436
030 70 04 1.8 421,393,371
030 70 01 1.8 345,323,295
030 70 00 1.8 269,243,219
030 70 00 1.8 194,168,141
030 70 00 1.8 111,81,65
030 70 00 1.8 91,170,277
030 70 05 1.8 370,429,460
030 70 08 1.4 470,397,382
030 70 06 1.4 363,353,336
030 70 03 1.4 323,302,287
030 70 02 1.4 265,240,213
030 70 00 1.4 182,160,130
030 70 00 1.4 105,71,44
030 70 00 1.4 14,0,0
030 70 00 1.4 0,0,0
030 70 00 1.4 0,96,228
030 70 07 1.4 333,401,446
030 70 03 2.0 469,475,554
030 70 08 2.0 537,522,514
030 70 08 2.0 502,487,468
030 70 05 2.0 446,419,390
030 70 00 2.0 362,338,314
030 70 00 2.0 287,258,231
030 70 00 2.0 206,181,154
030 70 00 2.0 125,100,108
030 70 00 2.0 178,298,435
030 70 05 2.0 542,618,661
030 70 05 2.0 681,581,567
030 70 06 2.0 551,540,527
030 70 08 2.0 511,493,471
030 70 04 2.0 443,414,379
030 70 00 2.0 341,304,264
030 70 00 2.0 235,206,182
030 70 00 2.0 150,118,84
030 70 00 2.0 50,13,0
030 70 00 2.0 14,102,224
030 70 05 2.0 336,415,465
059 99 00 1.7 488,489,487
059 99 07 1.7 472,459,447
059 99 05 1.7 425,397,373
059 99 02 1.7 350,325,298
059 99 00 1.7 273,251,223
059 99 00 1.7 197,166,139
059 99 00 1.7 112,90,67
059 99 00 1.7 39,6,0
059 99 00 1.7 21,111,241
059 99 06 1.7 351,431,474
059 99 08 1.7 491,496,475
059 99 05 1.7 458,450,444
059 99 04 1.7 430,413,392
059 99 02 1.7 370,343,312
059 99 01 1.7 285,258,234
059 99 00 1.7 210,184,157
059 99 00 1.7 127,98,68
059 99 00 1.7 38,22,53
059 99 00 1.7 143,281,412
059 99 04 1.7 509,567,598
059 99 03 2.0 609,579,563
059 99 08 2.0 548,535,527
059 99 06 2.0 516,499,476
059 99 03 2.0 452,425,400
059 99 00 2.0 377,355,328
059 99 00 2.0 301,272,246
059 99 00 2.0 218,195,168
059 99 00 2.0 138,125,172
059 99 00 2.0 280,421,544
059 99 06 2.0 637,696,728
059 99 04 2.1 739,732,594
059 99 08 2.1 581,574,565
059 99 06 2.1 551,528,505
059 99 03 2.1 479,453,424
059 99 01 2.1 397,372,348
059 99 00 2.1 321,292,265
059 99 00 2.1 239,214,187
059 99 00 2.1 157,142,173
059 99 00 2.1 269,407,541
059 99 06 2.1 638,692,723
059 99 03 2.1 728,581,565
059 99 08 2.1 547,537,525
059 99 05 2.1 512,492,473
059 99 03 2.1 449,425,393
059 99 00 2.1 363,330,303
059 99 00 2.1 280,254,227
059 99 00 2.1 197,172,143
059 99 00 2.1 117,91,105
059 99 00 2.1 179,306,437
059 99 07 2.1 529,579,600
059 99 06 1.8 599,493,473
059 99 08 1.8 460,452,445
059 99 07 1.8 434,414,388
059 99 02 1.8 360,332,301
059 99 00 1.8 273,245,220
059 99 00 1.8 190,162,132
059 99 00 1.8 104,79,51
059 99 00 1.8 23,9,50
059 99 00 1.8 155,300,429
059 99 04 1.8 519,570,593
059 99 04 2.1 594,568,548
059 99 08 2.1 531,521,507
059 99 07 2.1 491,470,446
059 99 02 2.1 420,392,365
059 99 00 2.1 333,302,271
059 99 00 2.1 243,212,182
059 99 00 2.1 153,124,96
059 99 00 2.1 67,45,56
059 99 00 2.1 136,278,430
059 99 06 2.1 540,605,637
059 99 05 2.1 645,593,576
059 99 06 2.1 563,548,534
059 99 08 2.1 516,496,472
059 99 03 2.1 444,415,385
059 99 00 2.1 356,327,300
059 99 00 2.1 267,237,207
059 99 00 2.1 178,149,116
059 99 00 2.1 88,54,42
059 99 00 2.1 79,190,335
059 99 07 2.1 462,543,586
059 99 03 2.0 605,606,550
059 99 06 2.0 529,509,496
059 99 08 2.0 482,468,447
059 99 03 2.0 422,395,369
059 99 00 2.0 341,313,288
059 99 00 2.0 262,234,198
059 99 00 2.0 164,136,107
059 99 00 2.0 80,49,22
059 99 00 2.0 23,89,216
059 99 05 2.0 353,452,507
059 99 02 1.8 532,530,502
059 99 08 1.8 479,464,452
059 99 08 1.8 452,452,455
059 99 06 1.8 453,449,446
059 99 04 1.8 442,442,435
059 99 03 1.8 434,433,444
059 99 03 1.8 462,481,499
059 99 06 1.8 508,520,545
059 99 08 1.8 632,786,979
059 99 05 1.8 1146,1269,1350
059 99 06 3.6 1402,1425,1422
059 99 06 3.6 979,970,977
059 99 03 3.6 982,992,993
059 99 08 3.6 998,998,994
059 99 07 3.6 988,976,963
059 99 05 3.6 935,898,853
059 99 01 3.6 810,767,720
059 99 00 3.6 670,616,585
059 99 00 3.6 621,758,943
059 99 05 3.6 1100,1191,1236
060 99 05 2.4 1247,628,558
060 99 06 2.4 480,414,364
060 99 00 2.4 311,252,186
060 99 00 2.4 118,45,0
060 99 01 2.4 0,0,0
060 99 00 2.4 0,0,0
060 99 00 2.4 0,0,0
060 99 00 2.4 0,0,0
060 99 00 2.4 0,0,0
060 99 01 2.4 0,0,0
060 99 06 2.4 0,21,39
060 99 03 2.6 37,706,680
060 99 04 2.6 659,643,627
060 99 03 2.6 604,573,541
060 99 02 2.6 509,476,440
060 99 00 2.6 401,359,316
060 99 00 2.6 270,228,182
060 99 00 2.6 138,94,52
060 99 02 2.6 14,0,2
060 99 00 2.6 80,203,313
060 99 04 2.6 387,431,444
060 99 05 1.7 453,425,397
060 99 03 1.7 372,350,329
060 99 02 1.7 306,278,248
060 99 01 1.7 212,174,128
060 99 00 1.7 84,37,0
060 99 00 1.7 0,0,0

