177628!20190919_160804!0!0
2.41!2.31!2.2!1.98!2.1!1.93!
98!60!67!0!561
321.0 1.94 86 74

066 98 00 4.5 299,253,356
066 98 01 4.5 708,1226,1724
067 98 05 5.3 2036,2189,2224
067 98 04 5.3 1942,1883,1814
067 98 04 5.3 1740,1655,1574
067 98 04 5.3 1485,1402,1312
067 98 00 5.3 1227,1138,1058
067 98 01 5.3 976,900,818
067 98 00 5.3 741,663,609
067 98 00 5.3 687,1011,1503
067 98 03 5.3 1971,2259,2386
067 98 05 4.9 2409,1767,1710
067 98 07 4.9 1654,1592,1528
067 98 07 4.9 1455,1382,1309
067 98 02 4.9 1239,1159,1075
067 98 00 4.9 991,914,838
067 98 00 4.9 758,681,604
067 98 00 4.9 531,462,464
067 98 00 4.9 664,1014,1385
067 98 05 3.4 1601,1680,1672
067 98 04 3.4 1185,1124,1061
067 98 05 3.4 993,920,846
067 98 01 3.4 770,691,608
067 98 00 3.4 520,435,355
067 98 00 3.4 272,197,122
067 98 00 3.4 49,0,0
067 98 00 3.4 0,0,0
067 98 01 3.4 339,842,1253
067 98 05 4.9 1474,1559,1562
067 98 04 4.9 1742,1684,1622
067 98 04 4.9 1555,1493,1424
067 98 04 4.9 1352,1277,1200
067 98 00 4.9 1124,1042,956
067 98 01 4.9 869,780,698
067 98 00 4.9 612,533,453
067 98 00 4.9 375,309,353
067 98 00 4.9 623,1065,1509
067 98 04 4.5 1784,1898,1912
067 98 06 4.5 1576,1522,1462
067 98 05 4.5 1394,1319,1242
067 98 04 4.5 1160,1078,993
067 98 00 4.5 909,817,727
067 98 00 4.5 631,542,446
067 98 00 4.5 355,267,181
067 98 01 4.5 99,10,0
067 98 00 4.5 0,0,33
067 98 00 4.5 233,386,427
067 98 05 4.5 399,334,257
067 98 00 4.5 173,88,1
067 98 01 4.5 0,0,0
067 98 00 4.5 0,0,0
067 98 00 4.5 0,0,0
067 98 01 4.5 0,0,0
067 98 00 4.5 0,0,0
067 98 00 4.5 0,0,0
067 98 00 4.5 0,0,0
067 98 00 4.5 0,0,0
067 98 00 4.5 0,0,0
067 98 00 4.5 0,0,0
067 98 00 4.5 0,0,0
067 98 00 4.5 0,0,0
067 98 00 4.5 0,0,0
067 98 00 4.5 0,0,0
067 98 00 4.5 0,0,0
067 98 00 4.5 0,0,0
067 98 03 4.5 0,0,0
067 98 08 2.5 967,915,844
067 98 04 2.5 766,682,603
067 98 01 2.5 528,455,378
067 98 01 2.5 310,236,168
067 98 01 2.5 98,40,0
067 98 00 2.5 0,0,0
067 98 00 2.5 0,0,0
067 98 00 2.5 0,0,0
067 98 00 2.5 0,240,609
066 98 05 3.4 795,836,1290
066 98 06 3.4 1216,1134,1051
066 98 06 3.4 971,892,811
066 98 00 3.4 735,654,573
066 98 00 3.4 493,420,349
066 98 00 3.4 280,217,156
066 98 00 3.4 96,32,0
066 98 00 3.4 0,0,0
066 98 00 3.4 0,0,0
066 98 01 3.4 203,461,580
066 98 07 2.2 590,823,758
066 98 06 2.2 693,623,560
066 98 00 2.2 495,433,363
066 98 00 2.2 294,220,152
066 98 00 2.2 88,23,0
066 98 00 2.2 0,0,0
066 98 00 2.2 0,0,0
066 98 00 2.2 0,0,0
066 98 00 2.2 0,0,0
066 98 04 1.8 102,168,723
066 98 04 1.8 675,611,551
066 98 02 1.8 489,427,360
066 98 00 1.8 297,236,183
066 98 01 1.8 122,55,0
066 98 01 1.8 0,0,0
066 98 00 1.8 0,0,0
066 98 00 1.8 0,0,0
066 98 00 1.8 0,0,0
066 98 03 1.8 73,744,1390
064 98 04 6.3 1766,1967,2018
064 98 06 6.3 2548,2463,2365
064 98 06 6.3 2266,2162,2064
064 98 06 6.3 1965,1869,1773
064 98 00 6.3 1678,1595,1512
064 98 01 6.3 1435,1350,1271
064 98 00 6.3 1192,1119,1048
064 98 00 6.3 979,907,845
064 98 00 6.3 789,810,1118
064 98 05 6.3 1667,2300,2740
064 98 04 5.7 2979,3068,2261
064 98 04 5.7 2180,2064,1949
064 98 05 5.7 1819,1699,1580
064 98 01 5.7 1465,1356,1248
064 98 01 5.7 1146,1047,954
064 98 00 5.7 865,775,690
064 98 00 5.7 605,524,445
064 98 02 5.7 366,289,216
064 98 01 5.7 149,131,307
064 98 02 5.7 666,1098,1408
064 98 06 3.7 1553,1585,1405
064 98 04 3.7 1322,1225,1132
064 98 03 3.7 1034,941,850
064 98 00 3.7 756,659,565
064 98 01 3.7 474,390,303
064 98 00 3.7 222,137,55
064 98 01 3.7 0,0,0
064 98 02 3.7 0,0,0
064 98 00 3.7 0,0,0
064 98 04 3.7 272,593,777
064 98 04 3.1 842,827,1171
064 98 04 3.1 1084,994,901
064 98 02 3.1 807,717,627
064 98 00 3.1 540,447,365
064 98 00 3.1 283,206,127
064 98 00 3.1 55,0,0
064 98 00 3.1 0,0,0
064 98 00 3.1 0,0,0
064 98 00 3.1 0,0,371
064 98 04 3.1 1002,1515,1880
064 98 05 6.3 2057,2095,2504
064 98 06 6.3 2418,2314,2210
064 98 04 6.3 2095,1980,1856
064 98 01 6.3 1735,1607,1486
064 98 00 6.3 1362,1245,1133
064 98 00 6.3 1028,926,828
064 98 00 6.3 733,647,564
064 98 00 6.3 493,436,511
064 98 03 6.3 853,1402,2005
064 98 07 6.3 2459,2773,2933
064 98 05 6.3 2980,2517,2464
064 98 04 6.3 2403,2342,2256
064 98 05 6.3 2150,2016,1883
064 98 00 6.3 1746,1613,1482
064 98 00 6.3 1359,1239,1126
064 98 01 6.3 1011,905,795
064 98 00 6.3 694,592,502
064 98 00 6.3 451,632,1067
064 98 04 6.3 1649,2133,2438
064 98 04 5.5 2596,2635,2146
064 98 05 5.5 2077,2002,1925
064 98 05 5.5 1834,1719,1583
064 98 01 5.5 1438,1290,1141
064 98 00 5.5 991,847,710
064 98 00 5.5 579,453,332
064 98 00 5.5 212,98,0
064 98 02 5.5 0,0,0
064 98 01 5.5 354,1127,1945
064 98 03 5.5 2542,2935,3160
064 98 04 8.7 3246,3239,3434
064 98 04 8.7 3398,3349,3277
064 98 05 8.7 3175,3045,2894
064 98 03 8.7 2731,2568,2394
064 98 00 8.7 2225,2056,1893
064 98 00 8.7 1734,1575,1428
064 98 01 8.7 1291,1168,1044
064 98 01 8.7 949,1090,1626
064 98 02 8.7 2416,3167,3673
064 99 05 8.3 3992,4154,4190
064 99 04 8.3 3198,3131,3063
064 99 05 8.3 2996,2910,2798
064 99 05 8.3 2663,2508,2339
064 99 00 8.3 2161,1972,1786
064 99 00 8.3 1600,1423,1254
064 99 01 8.3 1091,929,772
064 99 00 8.3 629,496,371
064 99 00 8.3 299,551,1128
064 99 04 8.3 1885,2474,2840
064 99 04 7.1 3027,3078,2733
064 99 05 7.1 2641,2543,2451
064 99 04 7.1 2355,2235,2078
064 99 00 7.1 1895,1705,1515
064 99 01 7.1 1326,1145,966
064 99 01 7.1 801,642,494
064 99 00 7.1 349,208,75
064 99 00 7.1 0,0,0
064 99 00 7.1 0,47,587
064 99 03 7.1 1179,1552,1745
064 99 05 5.3 1790,2045,1936
064 99 05 5.3 1815,1683,1557
064 99 01 5.3 1414,1261,1094
064 99 00 5.3 926,768,619
064 99 00 5.3 473,338,203
064 99 01 5.3 82,0,0
064 99 01 5.3 0,0,0
064 99 00 5.3 0,0,0
064 99 01 5.3 0,404,1093
064 99 07 5.3 1575,1885,2034
064 99 05 6.9 2064,2699,2616
064 99 06 6.9 2512,2392,2256
064 99 05 6.9 2104,1932,1755
064 99 00 6.9 1580,1418,1257
064 99 00 6.9 1107,963,828
064 99 00 6.9 692,571,454
064 99 01 6.9 346,236,128
064 99 01 6.9 29,0,214
064 99 03 6.9 751,1468,2057
064 99 07 6.9 2449,2674,2761
063 98 05 7.0 2743,2680,2573
063 98 05 7.0 2455,2328,2177
063 98 03 7.0 2011,1834,1657
063 98 00 7.0 1485,1327,1174
063 98 00 7.0 1036,898,774
063 98 01 7.0 653,537,421
063 98 02 7.0 305,201,104
063 98 01 7.0 16,64,482
063 98 02 7.0 1166,1911,2412
063 98 04 7.2 2718,2850,2851
063 98 06 7.2 2772,2670,2563
063 98 05 7.2 2450,2314,2159
063 98 02 7.2 1986,1806,1633
063 98 00 7.2 1461,1309,1157
063 98 00 7.2 1010,869,737
063 98 01 7.2 616,502,387
063 98 00 7.2 274,161,60
063 98 00 7.2 0,191,695
063 98 07 7.2 1392,1977,2347
063 98 04 6.5 2537,2588,2542
063 98 04 6.5 2453,2355,2257
063 98 03 6.5 2145,2015,1861
063 98 00 6.5 1694,1521,1357
063 98 00 6.5 1194,1041,897
063 98 00 6.5 769,637,516
063 98 01 6.5 391,280,168
063 98 00 6.5 69,0,0
063 98 00 6.5 230,826,1594
063 98 05 6.5 2178,2554,2747
062 98 04 7.2 2795,2825,2744
062 98 07 7.2 2655,2556,2437
062 98 06 7.2 2298,2137,1967
062 98 00 7.2 1787,1617,1444
062 98 00 7.2 1280,1127,983
062 98 00 7.2 851,719,598
062 98 00 7.2 476,361,248
062 98 00 7.2 149,84,340
062 98 01 7.2 938,1754,2425
062 98 07 7.2 2865,3118,3228
062 98 05 7.9 3220,3062,2962
062 98 05 7.9 2864,2756,2624
062 98 07 7.9 2464,2288,2102
062 98 00 7.9 1920,1737,1558
062 98 00 7.9 1389,1230,1085
062 98 00 7.9 938,801,674
062 98 00 7.9 558,444,326
062 98 00 7.9 217,200,557
062 98 06 7.9 1208,1984,2535
062 98 03 7.3 2882,3059,3099
062 98 08 7.3 2861,2751,2636
062 98 06 7.3 2526,2405,2258
062 98 03 7.3 2077,1888,1700
062 98 00 7.3 1524,1349,1179
062 98 00 7.3 1023,875,735
062 98 00 7.3 598,473,354
062 98 00 7.3 232,116,4
062 98 00 7.3 0,0,216
062 98 02 7.3 794,1476,1942
061 98 07 6.2 2230,2349,2343
061 98 07 6.2 2381,2268,2154
061 98 07 6.2 2038,1908,1760
061 98 00 6.2 1594,1420,1249
061 98 00 6.2 1091,941,790
061 98 00 6.2 649,515,395
061 98 01 6.2 272,158,43
061 98 01 6.2 0,0,0
061 98 01 6.2 0,12,557
061 98 07 6.2 1228,1716,2020
061 98 04 6.2 2162,2163,2388
061 98 06 6.2 2272,2156,2032
061 98 06 6.2 1896,1745,1581
061 98 00 6.2 1414,1247,1093
061 98 00 6.2 942,803,668
061 98 00 6.2 543,418,302
061 98 01 6.2 192,90,0
061 98 02 6.2 0,0,0
061 98 00 6.2 114,741,1529
061 98 05 6.2 2132,2545,2781
061 98 06 7.7 2863,3067,2980
061 98 05 7.7 2882,2773,2654
061 98 06 7.7 2503,2339,2156
061 98 00 7.7 1974,1790,1616
061 98 00 7.7 1448,1297,1152
061 98 00 7.7 1016,880,751
061 98 00 7.7 634,521,412
061 98 00 7.7 302,216,293
061 98 03 7.7 735,1430,2168
061 98 06 7.7 2674,2996,3140
061 98 06 7.3 3152,2874,2775
061 98 06 7.3 2669,2548,2410
061 98 05 7.3 2244,2064,1878
061 98 00 7.3 1693,1522,1352
061 98 00 7.3 1195,1043,894
061 98 01 7.3 759,621,506
061 98 00 7.3 390,276,168
061 98 00 7.3 61,0,0
061 98 00 7.3 322,922,1645
061 98 07 7.3 2162,2501,2663
061 98 05 6.8 2689,2678,2585
061 98 06 6.8 2483,2375,2239
061 98 05 6.8 2082,1911,1736
061 98 00 6.8 1563,1394,1229
061 98 00 6.8 1073,925,789
061 98 00 6.8 658,533,411
061 98 00 6.8 294,181,75
061 98 00 6.8 0,0,0
061 98 00 6.8 132,646,1263
061 98 07 6.8 1696,1960,2081
061 98 06 5.6 2076,2145,2033
061 98 04 5.6 1921,1803,1673
061 98 02 5.6 1526,1371,1209
061 98 00 5.6 1050,898,757
061 98 00 5.6 622,498,384
061 98 00 5.6 275,173,63
061 98 00 5.6 0,0,0
061 98 00 5.6 0,0,0
061 98 01 5.6 230,949,1677
061 98 05 5.6 2184,2532,2719
061 98 03 7.7 2757,3092,3000
061 98 06 7.7 2903,2795,2654
061 98 05 7.7 2497,2323,2148
061 98 00 7.7 1966,1786,1620
061 98 00 7.7 1466,1319,1177
061 98 00 7.7 1043,916,795
061 98 01 7.7 679,565,460
061 98 01 7.7 361,284,370
061 98 03 7.7 819,1514,2242
061 98 05 7.7 2742,3065,3217
061 98 06 7.3 3241,2895,2793
061 98 07 7.3 2685,2567,2431
061 98 05 7.3 2263,2081,1894
061 98 00 7.3 1706,1533,1372
061 98 00 7.3 1217,1069,922
061 98 01 7.3 790,665,544
061 98 00 7.3 429,315,211
061 98 00 7.3 112,23,0
061 98 01 7.3 149,637,1314
061 98 07 7.3 1907,2303,2539
061 98 06 6.5 2621,2622,2521
061 98 06 6.5 2401,2279,2142
061 98 05 6.5 1992,1821,1654
061 98 00 6.5 1485,1326,1168
061 98 00 6.5 1014,870,733
061 98 00 6.5 609,488,376
061 98 02 6.5 264,161,62
061 98 02 6.5 0,0,0
061 98 00 6.5 0,222,749
061 98 06 6.5 1258,1555,1704
061 98 06 4.8 1731,1872,1756
061 98 07 4.8 1632,1505,1376
061 98 01 4.8 1235,1094,949
061 98 00 4.8 812,683,569
061 98 00 4.8 457,345,237
061 98 00 4.8 136,40,0
061 98 00 4.8 0,0,0
061 98 00 4.8 0,0,0
061 98 03 4.8 0,527,1225
061 98 05 4.8 1726,2080,2294
061 98 05 6.8 2359,2792,2702
061 98 05 6.8 2600,2479,2341
061 98 05 6.8 2191,2031,1868
061 98 00 6.8 1699,1544,1394
061 98 00 6.8 1255,1125,1008
061 98 00 6.8 896,786,681
061 98 00 6.8 579,479,384
061 98 00 6.8 291,236,410
061 98 03 6.8 916,1611,2259
061 98 06 6.8 2701,2998,3132
061 98 06 7.1 3143,2834,2731
061 98 04 7.1 2617,2485,2342
061 98 05 7.1 2178,2002,1831
061 98 00 7.1 1661,1507,1345
061 98 00 7.1 1198,1060,929
061 98 00 7.1 807,687,582
061 98 02 7.1 482,379,277
061 98 01 7.1 178,113,264
061 98 01 7.1 733,1387,1994
061 98 05 7.1 2394,2649,2748
060 98 06 6.5 2732,2539,2440
060 98 06 6.5 2330,2210,2072
060 98 04 6.5 1917,1752,1587
060 98 00 6.5 1428,1271,1115
060 98 00 6.5 970,833,711
060 98 00 6.5 593,484,377
060 98 00 6.5 279,176,78
060 98 00 6.5 0,44,420
060 98 03 6.5 986,1583,1967
060 98 08 5.7 2213,2308,2291
060 98 06 5.7 2214,2101,1982
060 98 06 5.7 1855,1715,1564
060 98 00 5.7 1407,1251,1094
060 98 00 5.7 953,813,692
060 98 00 5.7 573,464,357
060 98 00 5.7 255,155,50
060 98 00 5.7 0,0,0
060 98 00 5.7 0,166,802
060 98 07 5.7 1578,2171,2588
060 98 08 7.7 2842,2935,3137
060 98 06 7.7 3051,2948,2831
060 98 07 7.7 2696,2542,2373
060 98 01 7.7 2196,2017,1842
060 98 00 7.7 1671,1504,1351
060 98 00 7.7 1211,1087,966
060 98 01 7.7 848,733,629
060 98 00 7.7 525,423,326
060 98 00 7.7 349,747,1410
060 98 06 7.7 2176,2725,3099
060 98 06 7.4 3293,3344,2988
060 98 05 7.4 2891,2778,2654
060 98 05 7.4 2514,2354,2180
060 98 00 7.4 2002,1818,1640
060 98 00 7.4 1472,1311,1158
060 98 00 7.4 1011,878,751
060 98 00 7.4 631,521,419
060 98 00 7.4 324,224,130
060 98 00 7.4 93,388,952
060 98 06 7.4 1661,2193,2544
060 98 06 6.6 2728,2765,2615
060 98 06 6.6 2511,2400,2290
060 98 06 6.6 2164,2022,1861
060 98 01 6.6 1694,1524,1366
060 98 00 6.6 1209,1061,922
060 98 00 6.6 792,669,552
060 98 00 6.6 439,329,225
060 98 02 6.6 126,35,0
060 98 00 6.6 186,705,1425
060 98 06 6.6 2035,2439,2670
060 98 07 6.8 2741,2737,2638
060 98 04 6.8 2521,2402,2275
060 98 04 6.8 2134,1970,1802
060 98 01 6.8 1634,1470,1309
060 98 00 6.8 1154,1008,880
060 98 00 6.8 754,645,531
060 98 01 6.8 428,320,220
060 98 02 6.8 126,37,15
060 98 01 6.8 369,1034,1869
060 98 04 6.8 2496,2921,3162
060 98 06 8.0 3250,3226,3147
060 98 05 8.0 3051,2949,2822
060 98 05 8.0 2674,2508,2332
060 98 01 8.0 2152,1972,1800
060 98 01 8.0 1636,1478,1325
060 98 01 8.0 1181,1044,916
060 98 01 8.0 792,675,571
060 98 01 8.0 465,371,325
060 98 01 8.0 616,1212,2000
060 98 06 8.0 2611,3016,3227
060 98 04 7.3 3293,2930,2828
060 98 04 7.3 2715,2596,2472
060 98 05 7.3 2320,2144,1958
060 98 01 7.3 1777,1607,1437
060 98 00 7.3 1279,1120,971
060 98 01 7.3 825,695,573
060 98 01 7.3 457,340,231
060 98 01 7.3 125,29,0
060 98 01 7.3 130,616,1292
060 98 05 7.3 1881,2254,2454
060 98 04 6.3 2507,2484,2377
060 98 04 6.3 2260,2147,2021
060 98 04 6.3 1876,1716,1553
060 98 00 6.3 1384,1224,1060
060 98 00 6.3 916,778,643
060 98 00 6.3 516,393,282
060 98 02 6.3 172,65,0
060 98 02 6.3 0,0,0
060 98 01 6.3 219,844,1525
060 98 05 6.3 1988,2284,2422
060 98 05 6.5 2429,2571,2460
060 98 06 6.5 2333,2203,2065
060 98 04 6.5 1912,1749,1576
060 98 00 6.5 1407,1248,1096
060 98 00 6.5 960,822,694
060 98 00 6.5 569,458,355
060 98 01 6.5 253,152,52
060 98 01 6.5 0,0,279
060 98 06 6.5 913,1719,2327
060 98 07 6.5 2742,2978,3053
060 98 06 7.7 3090,2989,2880
060 98 07 7.7 2767,2636,2483
060 98 04 7.7 2306,2127,1943
060 98 00 7.7 1762,1594,1428
060 98 00 7.7 1277,1130,992
060 98 01 7.7 862,742,630
060 98 00 7.7 519,402,300
060 98 00 7.7 211,302,748
060 98 06 7.7 1454,2172,2668
060 98 04 7.2 2968,3116,3120
060 98 07 7.2 2839,2728,2613
060 98 07 7.2 2487,2337,2169
060 98 01 7.2 1986,1800,1613
060 98 00 7.2 1444,1280,1127
060 98 00 7.2 972,833,700
060 98 00 7.2 577,455,341
060 98 00 7.2 233,129,32
060 98 00 7.2 0,22,432
060 98 06 7.2 1046,1680,2099
060 98 04 6.2 2358,2461,2438
060 98 05 6.2 2407,2292,2168
060 98 05 6.2 2036,1891,1730
060 98 01 6.2 1558,1394,1233
060 98 00 6.2 1078,921,777
060 98 00 6.2 651,529,408
060 98 01 6.2 287,185,84
060 98 02 6.2 0,0,0
060 98 01 6.2 0,37,548
060 98 04 6.2 1168,1620,1901
060 98 04 5.6 2038,2041,2197
060 98 05 5.6 2074,1945,1813
060 98 04 5.6 1672,1521,1364
060 98 00 5.6 1204,1057,917
060 98 01 5.6 779,645,523
060 98 00 5.6 420,315,206
060 98 00 5.6 107,11,0
060 98 00 5.6 0,0,0
060 98 00 5.6 0,312,986
060 98 03 5.6 1636,2080,2377
060 98 05 6.9 2518,2525,2759
060 98 07 6.9 2654,2526,2388
060 98 06 6.9 2241,2083,1911
060 98 00 6.9 1734,1567,1410
060 98 00 6.9 1262,1123,999
060 98 00 6.9 876,757,643
060 98 00 6.9 539,434,337
060 98 00 6.9 243,165,108
060 98 00 6.9 294,797,1477
060 98 04 6.9 2080,2474,2720
060 98 07 6.6 2806,2665,2567
060 98 07 6.6 2448,2310,2163
060 98 05 6.6 2006,1844,1674
060 98 00 6.6 1505,1346,1195
060 98 00 6.6 1052,921,798
060 98 00 6.6 673,557,442
060 98 00 6.6 333,225,134
060 98 00 6.6 58,0,0
060 98 01 6.6 61,496,1076
060 98 04 6.6 1608,1924,2109
060 98 06 5.4 2161,2170,2057
060 98 05 5.4 1929,1807,1677
060 98 03 5.4 1539,1386,1243
060 98 00 5.4 1094,963,827
060 98 00 5.4 703,579,472
060 98 00 5.4 371,272,175
060 98 00 5.4 79,0,0
060 98 00 5.4 0,0,0
060 98 02 5.4 198,711,1220
060 98 07 4.6 1497,1644,1678
060 98 05 4.6 1827,1699,1565
060 98 06 4.6 1439,1313,1189
060 98 00 4.6 1063,934,812
060 98 00 4.6 691,574,467
060 98 01 4.6 367,278,181
060 98 00 4.6 91,10,0
060 98 00 4.6 0,0,0
060 98 00 4.6 0,0,302
060 98 06 4.6 959,1608,2036
060 98 04 6.8 2340,2502,2521
060 98 05 6.8 2758,2652,2538
060 98 07 6.8 2405,2262,2102
060 98 02 6.8 1934,1772,1618
060 98 00 6.8 1466,1328,1198
060 98 00 6.8 1085,967,854
060 98 00 6.8 746,645,555
060 98 00 6.8 467,386,312
060 98 00 6.8 332,692,1287
060 98 08 6.8 1967,2443,2772
060 98 08 6.5 2951,2996,2642
060 98 07 6.5 2542,2419,2288
060 98 06 6.5 2140,1981,1809
060 98 00 6.5 1641,1484,1333
060 98 00 6.5 1184,1043,915
060 98 00 6.5 798,684,572
060 98 00 6.5 464,364,270
060 98 00 6.5 183,102,39
060 98 00 6.5 71,413,938
060 98 07 6.5 1501,1853,2066
060 98 06 5.2 2156,2133,2010
060 98 06 5.2 1889,1763,1635
060 98 04 5.2 1503,1368,1226
060 98 00 5.2 1084,946,820

