176927!20190926_144057!0!0
3.22!3.34!3.1!3.19!3.33!3.26!
95!61!67!601!601
493.8 3.23 45 121

061 95 05 3.5 1603,1724,1750
061 95 05 4.9 1725,1656,1566
061 95 03 4.9 1494,1477,1491
061 95 05 4.9 1497,1461,1385
061 95 02 4.9 1290,1189,1085
061 95 00 4.9 986,893,814
061 95 00 4.9 744,681,617
061 95 00 4.9 545,463,376
061 95 00 4.9 311,375,646
061 95 02 4.9 1045,1392,1564
061 95 04 4.7 1605,1271,1204
061 95 05 4.7 1106,1007,956
061 95 05 4.7 954,964,944
061 95 03 4.7 886,797,694
061 95 00 4.7 591,492,404
061 95 00 4.7 322,254,193
061 95 00 4.7 140,80,8
061 95 00 4.7 0,0,0
061 95 00 4.7 16,399,819
062 95 06 5.0 1089,1181,1187
062 95 05 5.0 1329,1251,1150
062 95 07 5.0 1070,1045,1053
062 95 06 5.0 1059,1026,953
062 95 01 5.0 858,756,656
062 95 01 5.0 566,485,417
062 95 00 5.0 356,304,256
062 95 00 5.0 199,133,57
062 95 00 5.0 0,0,174
062 95 03 5.0 547,953,1206
062 95 08 4.8 1290,1283,1266
062 95 07 4.8 1178,1081,1014
062 95 08 4.8 1009,1030,1038
062 95 07 4.8 1004,936,851
062 95 00 4.8 764,686,616
062 95 00 4.8 559,514,484
062 95 01 4.8 463,435,390
062 95 01 4.8 323,237,162
062 95 00 4.8 183,408,771
062 95 06 4.0 1098,1241,1238
062 95 05 4.0 1010,893,762
062 95 05 4.0 672,657,693
062 95 04 4.0 714,699,642
062 95 00 4.0 562,466,369
062 95 00 4.0 278,199,138
062 95 00 4.0 92,58,17
062 95 00 4.0 0,0,0
062 95 00 4.0 0,142,561
062 95 08 4.0 961,1174,1225
062 95 03 5.0 1360,1303,1215
062 95 05 5.0 1134,1094,1107
062 95 08 5.0 1136,1142,1109
062 95 05 5.0 1047,964,882
062 95 00 5.0 810,749,701
062 95 00 5.0 666,651,633
062 95 00 5.0 596,530,448
062 95 00 5.0 379,437,711
062 95 05 5.0 1109,1442,1580
063 95 07 4.5 1591,1172,1082
063 95 07 4.5 953,837,784
063 95 03 4.5 791,809,798
063 95 02 4.5 755,677,594
063 95 00 4.5 507,436,376
063 95 01 4.5 330,297,265
063 95 01 4.5 230,186,143
063 95 01 4.5 113,167,399
063 95 04 4.5 756,1079,1230
063 95 07 4.1 1232,1044,913
063 95 07 4.1 753,628,585
063 95 01 4.1 614,655,660
063 95 02 4.1 625,548,456
063 95 00 4.1 351,252,166
063 95 00 4.1 100,47,1
063 95 00 4.1 0,0,0
063 95 00 4.1 0,134,530
063 95 07 4.1 895,1074,1102
063 95 06 4.6 1231,1147,1028
063 95 05 4.6 906,840,831
063 95 02 4.6 837,823,778
063 95 01 4.6 709,622,530
063 95 00 4.6 436,359,296
063 95 01 4.6 247,195,134
063 95 00 4.6 66,5,65
063 95 01 4.6 350,783,1158
063 95 04 5.0 1334,1373,1357
063 95 06 5.0 1313,1218,1112
063 95 06 5.0 1037,1022,1031
063 95 05 5.0 1017,966,878
063 95 00 5.0 773,663,566
063 95 00 5.0 488,424,377
063 95 00 5.0 331,287,233
063 95 00 5.0 183,187,384
063 95 01 5.0 760,1161,1389
063 95 08 4.7 1434,1229,1153
063 95 04 4.7 1042,923,846
063 95 03 4.7 839,858,857
063 95 03 4.7 815,742,655
063 95 00 4.7 555,452,354
063 95 01 4.7 262,178,99
063 95 00 4.7 17,0,0
063 95 00 4.7 0,0,390
063 95 04 4.7 852,1153,1236
063 95 04 5.1 1384,1324,1220
063 95 04 5.1 1088,972,921
063 95 02 5.1 917,915,880
063 95 01 5.1 806,704,597
063 95 01 5.1 495,404,330
063 95 00 5.1 269,223,173
063 95 00 5.1 113,39,0
063 95 00 5.1 69,385,815
064 95 04 4.7 1152,1265,1246
064 95 06 4.7 1202,1118,1002
064 95 05 4.7 893,838,846
064 95 03 4.7 861,842,776
064 95 00 4.7 677,560,444
064 95 00 4.7 340,246,171
064 95 00 4.7 108,60,9
064 95 00 4.7 0,0,0
064 95 00 4.7 0,331,751
064 95 05 4.5 1037,1108,1194
064 95 05 4.5 1103,973,820
064 95 02 4.5 704,669,701
064 95 02 4.5 720,700,629
064 95 00 4.5 539,440,346
064 95 01 4.5 256,176,109
064 95 00 4.5 46,0,0
064 95 00 4.5 0,0,0
064 95 00 4.5 0,314,704
064 95 04 4.3 908,920,1138
064 95 04 4.3 1035,903,772
064 95 02 4.3 702,700,718
064 95 02 4.3 704,644,544
064 95 00 4.3 434,326,233
064 95 00 4.3 150,88,45
064 95 00 4.3 8,0,0
064 95 00 4.3 0,0,0
064 95 01 4.3 69,466,826
065 95 05 4.2 978,968,1107
065 95 03 4.2 1003,870,752
065 95 02 4.2 695,713,743
065 95 02 4.2 741,693,614
065 95 00 4.2 520,425,331
065 95 01 4.2 248,182,137
065 95 00 4.2 106,73,30
065 95 01 4.2 0,0,0
065 95 01 4.2 104,455,819
065 95 04 4.0 1015,1035,1067
065 95 05 4.0 958,832,726
065 95 03 4.0 694,714,746
065 95 04 4.0 744,698,620
065 95 00 4.0 524,429,330
065 95 00 4.0 243,174,126
065 95 00 4.0 88,49,4
065 95 00 4.0 0,0,0
065 95 01 4.0 234,601,897
065 95 06 3.8 988,1029,925
065 95 06 3.8 790,653,563
065 95 00 3.8 559,610,649
065 95 04 3.8 641,586,511
065 95 00 3.8 417,324,235
065 95 00 3.8 162,101,46
065 95 00 3.8 0,0,0
065 95 00 3.8 0,0,44
065 95 02 3.8 435,835,1056
065 95 05 4.6 1099,1264,1193
065 95 06 4.6 1091,986,929
065 95 08 4.6 934,959,955
065 95 06 4.6 911,836,748
065 95 00 4.6 657,575,510
065 95 01 4.6 459,424,394
065 95 00 4.6 361,313,249
065 95 00 4.6 182,184,382
065 95 02 4.6 754,1122,1318
065 95 08 4.2 1349,1155,1095
065 95 05 4.2 1003,912,867
065 95 06 4.2 889,927,931
065 95 05 4.2 882,800,706
065 95 00 4.2 608,516,435
065 95 01 4.2 372,326,289
065 95 00 4.2 256,208,152
065 95 00 4.2 97,90,251
065 95 03 4.2 589,968,1208
065 95 07 4.2 1266,1159,1088
065 95 06 4.2 983,867,802
065 95 04 4.2 810,856,874
065 95 05 4.2 843,767,677
065 95 00 4.2 587,511,442
065 95 01 4.2 393,353,320
065 95 01 4.2 274,221,156
065 95 00 4.2 85,56,191
065 95 03 4.2 512,876,1106
065 95 05 3.9 1159,1065,977
065 95 06 3.9 866,764,732
065 95 04 3.9 764,807,812
065 95 05 3.9 763,689,590
065 95 00 3.9 492,396,317
065 95 00 3.9 251,199,156
065 95 00 3.9 119,76,24
065 95 00 3.9 0,0,157
065 95 03 3.9 511,896,1123
065 95 08 4.3 1172,1178,1107
065 95 06 4.3 998,882,814
065 95 04 4.3 822,862,874
065 95 05 4.3 838,765,677
065 95 00 4.3 590,511,444
065 95 01 4.3 396,354,316
065 95 01 4.3 265,212,138
065 95 00 4.3 60,0,66
065 95 01 4.3 341,729,1045
066 95 06 4.2 1169,1166,1110
066 95 05 4.2 1013,909,844
066 95 05 4.2 853,892,917
066 95 06 4.2 887,825,729
066 95 00 4.2 621,516,426
066 95 00 4.2 354,292,252
066 95 00 4.2 217,178,125
066 95 00 4.2 66,32,121
066 95 02 4.2 401,773,1052
066 95 05 3.9 1138,1072,977
066 95 06 3.9 849,713,628
066 95 01 3.9 629,679,719
066 95 04 3.9 706,642,550
066 95 00 3.9 454,369,295
066 95 01 3.9 231,174,129
066 95 00 3.9 75,14,0
066 95 00 3.9 0,0,0
066 95 02 3.9 288,712,1006
066 95 07 4.6 1104,1097,1243
066 95 07 4.6 1157,1055,977
066 95 08 4.6 963,986,1002
066 95 08 4.6 975,903,808
066 95 00 4.6 704,602,511
066 95 00 4.6 438,384,345
066 95 00 4.6 312,271,216
066 95 00 4.6 160,116,168
066 95 01 4.6 413,792,1137
067 95 06 4.3 1298,1316,1158
067 95 07 4.3 1080,977,886
067 95 06 4.3 855,886,932
067 95 06 4.3 942,905,833
067 95 01 4.3 741,642,549
067 95 00 4.3 463,388,322
067 95 00 4.3 264,204,135
067 95 00 4.3 66,11,27
067 95 00 4.3 232,598,974
067 95 07 4.3 1176,1210,1149
067 95 06 4.3 1042,904,788
067 95 03 4.3 738,752,781
067 95 03 4.3 776,732,659
067 95 00 4.3 567,470,378
067 95 01 4.3 309,255,223
067 95 00 4.3 190,149,85
067 95 00 4.3 12,0,22
067 95 01 4.3 304,717,1066
067 95 07 4.6 1226,1255,1274
067 95 06 4.6 1213,1122,1049
067 95 06 4.6 1034,1072,1109
067 95 08 4.6 1092,1029,928
067 95 01 4.6 822,714,621
067 95 00 4.6 544,487,441
067 95 00 4.6 405,363,314
067 95 00 4.6 251,200,242
067 95 00 4.6 485,875,1245
067 95 04 4.6 1437,1481,1260
067 95 07 4.6 1194,1098,1008
067 95 06 4.6 976,1005,1047
067 95 08 4.6 1051,1011,940
067 95 02 4.6 857,775,703
067 95 00 4.6 646,600,564
067 95 00 4.6 527,481,421
067 95 00 4.6 351,294,342
067 95 01 4.6 577,935,1243
067 95 06 4.0 1381,1391,1045
067 95 06 4.0 949,841,774
067 95 08 4.0 786,833,865
067 95 08 4.0 848,791,706
067 95 00 4.0 611,526,447
067 95 00 4.0 387,335,292
067 95 00 4.0 237,170,96
067 95 00 4.0 35,78,334
067 95 06 4.0 754,1160,1397
067 95 06 5.4 1495,1526,1478
067 95 05 5.4 1411,1333,1295
067 95 04 5.4 1313,1334,1328
067 95 07 5.4 1271,1193,1100
067 95 00 5.4 1009,930,861
067 95 00 5.4 808,764,731
067 95 00 5.4 696,652,595
067 95 01 5.4 546,585,814
067 95 04 5.4 1183,1540,1748
067 95 08 4.8 1828,1846,1268
067 95 05 4.8 1194,1119,1095
067 95 02 4.8 1125,1153,1151
067 95 06 4.8 1105,1037,954
067 95 01 4.8 872,791,715
067 95 00 4.8 657,613,576
067 95 01 4.8 520,450,367
067 95 00 4.8 282,249,380
067 95 03 4.8 693,1052,1297
067 95 07 4.2 1384,1384,1071
067 95 05 4.2 970,877,841
067 95 06 4.2 859,878,865
067 95 04 4.2 809,721,613
067 95 00 4.2 502,398,310
067 95 00 4.2 236,179,129
067 95 00 4.2 79,22,0
067 95 00 4.2 0,0,254
067 95 04 4.2 662,1031,1236
067 95 06 5.2 1313,1332,1385
067 95 06 5.2 1305,1215,1167
067 95 08 5.2 1177,1199,1190
067 95 07 5.2 1131,1043,945
067 95 00 5.2 848,763,687
067 95 01 5.2 624,562,502
067 95 00 5.2 438,359,271
067 95 00 5.2 182,145,284
067 95 02 5.2 623,1032,1331
066 95 07 5.1 1460,1501,1346
066 95 06 5.1 1289,1204,1144
066 95 07 5.1 1138,1162,1163
066 95 07 5.1 1124,1050,962
066 95 00 5.1 863,768,673
066 95 00 5.1 592,516,450
066 95 00 5.1 383,320,248
066 95 00 5.1 176,99,87
066 95 00 5.1 255,604,984
066 95 04 4.5 1221,1286,1175
066 95 06 4.5 1076,941,820
066 95 04 4.5 763,770,792
066 95 03 4.5 781,724,634
066 95 00 4.5 530,425,326
066 95 00 4.5 242,174,120
066 95 00 4.5 65,0,0
066 95 00 4.5 0,0,0
066 95 00 4.5 118,535,898
066 95 07 5.1 1080,1136,1129
066 95 06 5.1 1308,1217,1135
066 95 07 5.1 1112,1136,1158
066 95 07 5.1 1139,1077,989
066 95 01 5.1 884,771,665
066 95 00 5.1 565,486,412
066 95 00 5.1 347,279,202
066 95 00 5.1 115,48,105
066 95 00 5.1 391,825,1221
066 95 05 5.4 1431,1493,1486
066 95 05 5.4 1388,1291,1190
066 95 07 5.4 1135,1136,1154
066 95 07 5.4 1143,1091,1009
066 95 00 5.4 917,825,741
066 95 00 5.4 668,606,557
066 95 00 5.4 511,456,384
066 95 00 5.4 301,218,215
066 95 00 5.4 407,769,1140
066 95 06 4.5 1347,1403,1175
066 95 07 4.5 1094,984,900
066 95 06 4.5 891,925,948
066 95 06 4.5 919,853,757
066 95 00 4.5 648,529,421
066 95 00 4.5 328,263,215
066 95 00 4.5 166,107,35
066 95 00 4.5 0,0,0
066 95 00 4.5 0,0,0
066 95 01 4.5 0,0,0
066 95 01 4.5 0,0,0
066 95 01 4.5 0,0,0
066 95 00 4.5 0,0,0
066 95 00 4.5 0,0,0
066 95 00 4.5 0,0,0
066 95 00 4.5 0,0,0
066 95 00 4.5 0,0,0
066 95 08 4.5 0,163,229
066 95 05 7.8 219,2174,2095
066 95 05 7.8 2016,1990,2020
066 95 08 7.8 2071,2087,2060
066 95 06 7.8 1994,1913,1822
066 95 02 7.8 1738,1669,1612
066 95 00 7.8 1565,1519,1470
066 95 00 7.8 1415,1357,1351
066 95 00 7.8 1525,1885,2294
066 95 06 4.8 2562,2658,2657
066 95 07 4.8 1260,1163,1068
066 95 05 4.8 1022,1039,1070
066 95 08 4.8 1080,1041,975
066 95 03 4.8 880,785,685
066 95 00 4.8 605,542,496
066 95 00 4.8 452,405,354
066 95 00 4.8 328,434,740
066 95 00 4.8 1143,1462,1598
066 95 04 4.8 1619,1249,1164
066 95 05 4.8 1060,995,993
066 95 08 4.8 1030,1048,1023
066 95 07 4.8 968,896,819
066 95 00 4.8 742,683,647
066 95 00 4.8 626,601,563
066 95 00 4.8 517,486,568
066 95 03 4.8 840,1229,1575
066 95 06 4.8 1769,1851,1872
066 95 06 5.2 1349,1272,1201
066 95 05 5.2 1193,1234,1277
066 95 03 5.2 1270,1229,1160
066 95 05 5.2 1090,1020,963
066 95 00 5.2 920,882,847
066 95 00 5.2 799,749,691
066 95 00 5.2 660,739,997
066 95 06 5.2 1368,1699,1892
067 95 04 5.2 1986,2016,1326
067 95 06 5.2 1253,1193,1198
067 95 04 5.2 1235,1258,1234
067 95 06 5.2 1178,1106,1025
067 95 01 5.2 945,870,807
067 95 00 5.2 763,729,693
067 95 00 5.2 644,587,534
067 95 01 5.2 532,682,0
067 95 01 5.2 0,0,0
067 95 00 5.2 0,0,0
067 95 00 5.2 0,0,0
067 95 00 5.2 0,0,0
067 95 00 5.2 0,0,0
067 95 00 5.2 0,0,0
067 95 00 5.2 0,0,0
067 95 00 5.2 0,0,0
067 95 00 5.2 0,0,0
067 95 00 5.2 0,0,0
067 95 05 5.2 0,0,0
067 95 04 6.2 0,2338,2223
067 95 06 6.2 2112,2079,2105
067 95 05 6.2 2105,2047,1935
067 95 04 6.2 1799,1659,1531
067 95 00 6.2 1423,1334,1258
067 95 00 6.2 1191,1117,1041
067 95 00 6.2 952,859,756
067 95 01 6.2 655,551,457
067 95 00 6.2 352,291,414
067 95 01 6.2 851,1459,1971
067 95 04 5.4 2230,2318,2324
067 95 06 5.4 1950,1807,1691
067 95 04 5.4 1695,1763,1805
067 95 04 5.4 1746,1621,1454
067 95 00 5.4 1278,1111,961
067 95 01 5.4 836,722,615
067 95 01 5.4 510,404,297
067 95 00 5.4 181,67,0
067 95 00 5.4 0,0,0
067 95 00 5.4 0,0,229
067 95 04 5.4 904,1490,1779
065 95 05 6.0 1875,1899,2240
065 95 04 6.0 2120,1977,1889
065 95 03 6.0 1883,1892,1858
065 95 05 6.0 1770,1642,1498
065 95 00 6.0 1344,1199,1070
065 95 01 6.0 953,847,737
065 95 01 6.0 627,508,380
065 95 00 6.0 248,112,0
065 95 01 6.0 0,0,0
065 95 00 6.0 0,123,835
065 95 04 6.0 1488,1827,1925
065 95 04 6.2 1937,2306,2162
065 95 06 6.2 1974,1836,1799
065 95 07 6.2 1812,1806,1743
065 95 02 6.2 1623,1479,1323
065 95 00 6.2 1186,1059,947
065 95 01 6.2 838,732,627
065 95 00 6.2 519,415,306
065 95 00 6.2 186,44,0
065 95 00 6.2 0,0,0
065 95 03 6.2 574,1260,1690
065 95 05 5.4 1805,2068,1950
065 95 07 5.4 1758,1548,1405
065 95 03 5.4 1377,1396,1382
065 95 01 5.4 1298,1155,983
065 95 00 5.4 798,629,473
065 95 00 5.4 339,230,139
065 95 00 5.4 63,0,0
065 95 00 5.4 0,0,0
065 95 00 5.4 0,0,110
065 95 00 5.4 875,1454,1661
064 95 06 5.9 1672,2258,2150
064 95 07 5.9 1985,1820,1737
064 95 08 5.9 1745,1765,1736
064 95 05 5.9 1631,1477,1292
064 95 00 5.9 1094,910,747
064 95 00 5.9 605,481,376
064 95 00 5.9 292,207,111
064 95 00 5.9 0,0,0
064 95 00 5.9 137,791,1529
064 95 04 5.7 1982,2094,2228
064 95 06 5.7 2127,1972,1773
064 95 05 5.7 1605,1526,1534
064 95 03 5.7 1545,1499,1379
064 95 00 5.7 1222,1054,895
064 95 00 5.7 747,617,498
064 95 00 5.7 390,293,195
064 95 00 5.7 93,0,0
064 95 01 5.7 0,0,185
064 95 03 5.7 887,1518,1796
064 95 06 5.4 1796,2006,1833
064 95 06 5.4 1626,1454,1385
064 95 03 5.4 1405,1433,1394
064 95 01 5.4 1287,1135,955
064 95 00 5.4 763,580,415
064 95 00 5.4 278,159,73
064 95 00 5.4 4,0,0
064 95 00 5.4 0,0,136
064 95 03 5.4 825,1537,1923
064 95 06 5.6 1986,2183,2048
064 95 05 5.6 1857,1645,1504
064 95 03 5.6 1478,1520,1548
064 95 03 5.6 1505,1399,1246
064 95 00 5.6 1081,907,740
064 95 00 5.6 580,441,328
064 95 00 5.6 231,129,5
064 95 00 5.6 0,0,166
064 95 01 5.6 841,1599,2074
064 95 05 5.9 2200,2326,2216
064 95 05 5.9 2040,1833,1677
064 95 06 5.9 1632,1654,1665
064 95 05 5.9 1617,1509,1361
064 95 00 5.9 1199,1042,894
064 95 00 5.9 774,680,618
064 95 00 5.9 557,490,390
064 95 00 5.9 269,156,254
064 95 01 5.9 734,1436,2011
064 95 08 5.2 2235,2223,1976
064 95 05 5.2 1818,1633,1495
064 95 06 5.2 1461,1503,1533
064 95 08 5.2 1507,1416,1286
064 95 00 5.2 1130,963,800
064 95 00 5.2 649,527,426
064 95 00 5.2 334,245,141
064 95 00 5.2 35,0,188
064 95 03 5.2 758,1466,1959
064 95 07 5.3 2103,2079,1950
064 95 05 5.3 1763,1554,1402
064 95 05 5.3 1363,1396,1421
064 95 06 5.3 1380,1283,1144
064 95 00 5.3 988,820,669
064 95 00 5.3 546,461,399
064 95 00 5.3 339,265,160
064 95 00 5.3 45,42,387
064 95 03 5.3 1033,1699,2061
064 95 08 5.3 2136,2073,1967
064 95 06 5.3 1813,1642,1548
064 95 06 5.3 1549,1593,1597
064 95 08 5.3 1530,1410,1257
064 95 00 5.3 1097,941,795
064 95 00 5.3 671,569,484
064 95 00 5.3 407,324,235
064 95 00 5.3 140,123,406
064 95 03 5.3 1006,1681,2100
064 95 08 5.2 2197,2034,1904
064 95 05 5.2 1723,1523,1389
064 95 06 5.2 1368,1402,1415
064 95 06 5.2 1366,1265,1134
064 95 00 5.2 992,852,732
064 95 00 5.2 624,538,460
064 95 01 5.2 380,281,162
064 95 00 5.2 33,0,142
064 95 03 5.2 683,1354,1813
064 95 07 4.9 1939,1935,1823
064 95 06 4.9 1657,1473,1344
064 95 05 4.9 1324,1366,1387
064 95 05 4.9 1340,1230,1082
064 95 00 4.9 915,745,588
064 95 00 4.9 453,342,253
064 95 00 4.9 169,82,0
064 95 00 4.9 0,0,0
064 95 02 4.9 510,1226,1759
064 95 07 5.4 1944,1932,2077
064 95 05 5.4 1926,1733,1561
064 95 06 5.4 1496,1510,1530
064 95 04 5.4 1493,1393,1243
064 95 00 5.4 1075,916,780
064 95 01 5.4 660,560,476
064 95 00 5.4 416,353,281
064 95 00 5.4 181,73,32
064 95 01 5.4 292,865,1510
064 95 06 4.8 1891,1971,1882
064 95 06 4.8 1757,1575,1393
064 95 05 4.8 1288,1294,1343
064 95 05 4.8 1364,1315,1213
064 95 00 4.8 1065,899,727
064 95 00 4.8 576,429,306
064 95 00 4.8 204,118,25
064 95 00 4.8 0,0,0
064 95 00 4.8 0,441,1138
064 95 06 5.1 1647,1819,2051
064 95 04 5.1 1930,1747,1552
064 95 08 5.1 1414,1383,1413
064 95 07 5.1 1434,1392,1288
064 95 00 5.1 1143,984,832
064 95 00 5.1 687,557,445
064 95 00 5.1 369,315,260
064 95 00 5.1 182,80,0
064 95 00 5.1 123,609,1294
064 95 08 5.1 1842,2057,2054
064 95 05 5.1 1982,1857,1697
064 95 04 5.1 1562,1501,1529
064 95 08 5.1 1566,1554,1470
064 95 03 5.1 1334,1172,1007
064 95 00 5.1 853,724,611
064 95 00 5.1 524,442,364
064 95 00 5.1 268,158,44

