176927!20191004_143727!1!3
2.99!3.2!3.05!3.18!3.2!3.33!
98!53!69!0!231
502.8 3.22 67 170

066 98 00 1.8 0,0,166
069 98 07 1.9 268,288,608
069 98 07 1.9 571,518,458
069 98 03 1.9 415,409,419
069 98 03 1.9 432,421,392
069 98 01 1.9 351,312,280
069 98 00 1.9 249,218,192
069 98 00 1.9 169,150,130
069 98 00 1.9 115,95,75
069 98 00 1.9 50,28,39
069 98 00 1.9 129,302,471
069 98 05 1.7 571,588,546
069 98 04 1.7 508,456,397
069 98 05 1.7 354,339,347
069 98 02 1.7 351,341,312
069 98 00 1.7 278,238,206
069 98 00 1.7 172,148,119
069 98 00 1.7 100,80,67
069 98 00 1.7 52,33,8
069 98 00 1.7 0,0,35
069 98 03 1.7 189,385,538
069 98 08 1.9 594,597,603
069 98 05 1.9 578,535,487
069 98 05 1.9 451,441,444
069 98 03 1.9 440,422,386
069 98 01 1.9 346,306,274
069 98 00 1.9 250,227,205
069 98 00 1.9 182,158,135
069 98 00 1.9 112,92,73
069 98 00 1.9 56,43,78
069 98 01 1.9 206,402,575
067 98 05 1.9 658,670,613
067 98 05 1.9 586,545,498
067 98 05 1.9 464,451,451
067 98 03 1.9 447,436,410
067 98 01 1.9 373,330,295
067 98 00 1.9 267,238,212
067 98 00 1.9 189,172,153
067 98 00 1.9 136,114,92
067 98 00 1.9 69,47,26
067 98 00 1.9 15,66,212
067 98 05 1.9 414,577,648
067 98 06 1.9 655,626,597
067 98 07 1.9 555,509,479
067 98 04 1.9 472,477,480
067 98 03 1.9 461,429,385
067 98 00 1.9 347,317,293
067 98 00 1.9 270,245,223
067 98 00 1.9 201,181,161
067 98 00 1.9 141,121,101
067 98 00 1.9 77,54,34
067 98 00 1.9 41,121,291
067 98 05 1.9 486,619,663
067 98 05 1.9 660,611,579
067 98 08 1.9 538,499,480
067 98 04 1.9 480,477,471
067 98 03 1.9 447,417,381
067 98 00 1.9 342,304,270
067 98 00 1.9 245,229,211
067 98 00 1.9 199,182,166
067 98 00 1.9 147,121,95
067 98 00 1.9 66,60,119
067 98 02 1.9 268,458,597
065 98 05 1.8 655,658,590
065 98 07 1.8 561,516,474
065 98 05 1.8 452,450,454
065 98 04 1.8 448,432,403
065 98 01 1.8 369,337,304
065 98 00 1.8 269,241,221
065 98 00 1.8 209,191,170
065 98 00 1.8 150,128,119
065 98 00 1.8 152,273,446
065 98 06 1.8 594,664,678
065 98 03 1.7 549,518,469
065 98 07 1.7 423,400,402
065 98 05 1.7 411,406,390
065 98 02 1.7 361,333,298
065 98 00 1.7 269,243,220
065 98 00 1.7 202,184,165
065 98 00 1.7 137,115,114
065 98 00 1.7 185,337,518
065 98 06 1.8 646,692,693
065 98 04 1.8 572,542,503
065 98 08 1.8 468,456,460
065 98 06 1.8 467,459,438
065 98 03 1.8 403,371,337
065 98 00 1.8 314,290,271
065 98 00 1.8 252,237,219
065 98 00 1.8 199,172,160
065 98 00 1.8 209,348,536
065 98 06 1.8 690,763,784
064 98 07 1.9 782,600,563
064 98 07 1.9 522,505,512
064 98 05 1.9 517,514,493
064 98 03 1.9 464,432,400
064 98 00 1.9 374,347,325
064 98 00 1.9 303,281,262
064 98 00 1.9 247,232,213
064 98 00 1.9 192,184,225
064 98 02 1.9 358,536,686
064 98 05 1.8 751,763,572
064 98 05 1.8 547,506,468
064 98 05 1.8 457,467,476
064 98 04 1.8 469,444,411
064 98 02 1.8 376,346,319
064 98 00 1.8 294,271,250
064 98 00 1.8 230,209,187
064 98 00 1.8 166,140,114
064 98 00 1.8 96,147,287
064 98 05 1.8 486,651,733
064 98 06 2.0 760,766,659
064 98 05 2.0 624,585,563
064 98 06 2.0 560,568,562
064 98 04 2.0 544,510,477
064 98 01 2.0 443,411,381
064 98 00 2.0 357,333,309
064 98 00 2.0 287,263,240
064 98 00 2.0 214,188,160
064 98 00 2.0 137,115,96
064 98 00 2.0 89,153,312
064 98 04 2.0 522,690,779
062 98 08 2.3 814,831,834
062 98 04 2.3 721,684,649
062 98 04 2.3 640,641,639
062 98 04 2.3 624,596,561
062 98 02 2.3 524,484,449
062 98 00 2.3 416,390,366
062 98 00 2.3 339,315,284
062 98 00 2.3 259,225,198
062 98 00 2.3 169,148,127
062 98 00 2.3 105,81,53
062 98 00 2.3 38,82,224
062 98 04 2.3 428,606,701
062 98 04 2.2 731,743,740
062 98 04 2.2 684,647,616
062 98 04 2.2 607,610,610
062 98 03 2.2 593,567,534
062 98 02 2.2 499,463,424
062 98 00 2.2 390,361,337
062 98 00 2.2 313,289,267
062 98 00 2.2 238,212,184
062 98 00 2.2 162,134,103
062 98 00 2.2 91,154,305
062 98 04 2.2 488,616,658
062 98 03 1.8 656,550,515
062 98 07 1.8 473,431,422
062 98 03 1.8 425,430,422
062 98 03 1.8 396,358,319
062 98 00 1.8 284,254,222
062 98 00 1.8 194,169,147
062 98 00 1.8 127,102,75
062 98 00 1.8 47,22,0
062 98 00 1.8 0,0,0
062 98 00 1.8 0,117,322
062 98 04 1.8 492,578,603
061 98 05 2.1 609,678,648
061 98 08 2.1 606,578,571
061 98 05 2.1 574,576,560
061 98 03 2.1 532,492,454
061 98 00 2.1 418,388,362
061 98 00 2.1 341,314,293
061 98 00 2.1 269,249,224
061 98 00 2.1 201,181,157
061 98 00 2.1 133,109,119
061 98 00 2.1 208,380,573
061 98 06 2.1 704,756,766
061 98 04 2.0 655,639,603
061 98 07 2.0 563,545,552
061 98 05 2.0 561,557,530
061 98 03 2.0 497,458,429
061 98 00 2.0 397,372,345
061 98 00 2.0 321,296,272
061 98 00 2.0 251,229,207
061 98 00 2.0 179,152,131
061 98 00 2.0 151,254,423
061 98 05 2.0 589,682,711
061 98 04 1.8 711,559,522
061 98 07 1.8 477,454,456
061 98 05 1.8 466,464,445
061 98 03 1.8 413,382,349
061 98 00 1.8 322,293,268
061 98 00 1.8 245,226,205
061 98 00 1.8 185,161,145
061 98 00 1.8 120,98,72
061 98 00 1.8 64,124,277
061 98 04 1.8 480,645,733
060 98 07 2.3 772,795,796
060 98 04 2.3 712,671,645
060 98 05 2.3 642,657,654
060 98 04 2.3 637,603,566
060 98 02 2.3 527,487,458
060 98 00 2.3 423,400,378
060 98 00 2.3 358,332,301
060 98 00 2.3 280,264,241
060 98 00 2.3 213,185,158
060 98 00 2.3 136,149,261
060 98 03 2.3 456,655,782
060 98 04 2.3 838,864,878
060 98 03 2.3 738,710,676
060 98 05 2.3 660,664,671
060 98 04 2.3 658,632,595
060 98 02 2.3 564,530,496
060 98 01 2.3 462,431,405
060 98 00 2.3 381,358,326
060 98 00 2.3 294,259,232
060 98 00 2.3 206,178,152
060 98 00 2.3 123,114,156
060 98 01 2.3 296,480,643
060 98 03 2.0 720,747,750
060 98 03 2.0 630,602,561
060 98 06 2.0 534,537,547
060 98 05 2.0 543,518,486
060 98 02 2.0 448,410,376
060 98 00 2.0 344,317,289
060 98 00 2.0 266,240,211
060 98 00 2.0 181,154,129
060 98 00 2.0 100,67,34
060 98 00 2.0 11,23,118
060 98 03 2.0 299,497,633
060 98 06 2.0 691,712,719
059 98 04 2.2 706,677,643
059 98 07 2.2 621,624,626
059 98 05 2.2 616,586,548
059 98 02 2.2 507,472,440
059 98 00 2.2 413,384,353
059 98 00 2.2 326,298,272
059 98 00 2.2 246,220,192
059 98 00 2.2 161,132,102
059 98 00 2.2 74,58,111
059 98 01 2.2 254,452,617
059 98 05 2.2 703,733,741
059 99 04 2.1 678,652,613
059 99 07 2.1 593,591,604
059 99 05 2.1 596,578,545
059 99 02 2.1 508,468,430
059 99 00 2.1 396,368,342
059 99 00 2.1 315,285,254
059 99 00 2.1 225,196,166
059 99 00 2.1 136,101,68
059 99 00 2.1 37,36,115
059 99 02 2.1 286,484,622
059 99 05 2.1 684,705,715
059 99 03 2.1 677,645,604
059 99 07 2.1 586,589,598
059 99 05 2.1 588,562,521
059 99 02 2.1 480,441,411
059 99 00 2.1 384,359,330
059 99 00 2.1 301,271,242
059 99 00 2.1 213,185,158
059 99 00 2.1 128,97,60
059 99 00 2.1 31,15,70
059 99 01 2.1 217,418,591
059 99 06 2.1 682,725,744
056 99 05 2.3 753,719,684
056 99 05 2.3 651,643,642
056 99 04 2.3 638,619,585
056 99 02 2.3 547,505,471
056 99 00 2.3 436,404,375
056 99 00 2.3 345,319,291
056 99 00 2.3 268,237,208
056 99 00 2.3 172,146,114
056 99 00 2.3 88,54,21
056 99 00 2.3 0,20,138
056 99 03 2.3 334,527,647
056 99 04 2.3 692,710,716
056 99 03 2.3 711,675,639
056 99 04 2.3 624,634,634
056 99 04 2.3 623,590,557
056 99 02 2.3 515,480,443
056 99 00 2.3 414,384,359
056 99 00 2.3 333,302,269
056 99 00 2.3 236,205,180
056 99 00 2.3 148,117,82
056 99 00 2.3 61,87,203
056 99 03 2.3 388,558,652
056 99 03 2.0 681,686,618
056 99 06 2.0 592,559,526
056 99 05 2.0 518,521,518
056 99 04 2.0 499,464,427
056 99 00 2.0 391,354,323
056 99 00 2.0 286,259,233
056 99 00 2.0 206,176,146
056 99 00 2.0 121,93,64
056 99 00 2.0 32,1,0
056 99 00 2.0 0,44,211
056 99 04 2.0 415,561,627
055 99 06 2.2 652,667,665
055 99 05 2.2 672,627,602
055 99 06 2.2 606,616,607
055 99 04 2.2 579,544,510
055 99 01 2.2 475,440,402
055 99 00 2.2 374,342,317
055 99 00 2.2 290,266,236
055 99 00 2.2 203,171,146
055 99 00 2.2 122,92,63
055 99 00 2.2 34,18,44
055 99 00 2.2 165,357,546
055 99 06 2.2 657,707,729
055 99 05 2.3 743,712,685
055 99 05 2.3 653,648,653
055 99 04 2.3 655,639,612
055 99 03 2.3 579,543,505
055 99 01 2.3 469,439,409
055 99 00 2.3 382,353,325
055 99 00 2.3 296,267,238
055 99 00 2.3 210,178,151
055 99 00 2.3 118,95,100
055 99 00 2.3 191,359,539
055 99 03 2.3 657,700,710
055 99 03 2.0 617,591,557
055 99 07 2.0 522,514,518
055 99 05 2.0 521,505,476
055 99 02 2.0 439,401,362
055 99 00 2.0 325,296,267
055 99 00 2.0 242,213,188
055 99 00 2.0 165,136,106
055 99 00 2.0 75,48,20
055 99 00 2.0 0,0,0
055 99 00 2.0 78,266,464
055 99 06 2.0 591,646,676
054 99 06 2.3 689,686,697
054 99 05 2.3 664,647,653
054 99 04 2.3 658,653,627
054 99 03 2.3 590,547,509
054 99 01 2.3 477,449,423
054 99 00 2.3 394,365,335
054 99 00 2.3 307,278,248
054 99 00 2.3 219,192,165
054 99 00 2.3 132,99,67
054 99 00 2.3 47,66,175
054 99 03 2.3 364,560,687
054 99 04 2.3 743,774,793
054 99 03 2.3 741,714,681
054 99 05 2.3 675,681,686
054 99 04 2.3 676,650,616
054 99 02 2.3 577,539,507
054 99 01 2.3 479,453,426
054 99 00 2.3 397,369,342
054 99 00 2.3 311,282,255
054 99 00 2.3 227,198,168
054 99 00 2.3 143,111,91
054 99 00 2.3 124,251,427
054 99 04 2.3 577,653,672
054 99 02 1.8 673,561,526
054 99 06 1.8 485,470,471
054 99 05 1.8 478,472,452
054 99 03 1.8 420,383,344
054 99 00 1.8 305,270,241
054 99 00 1.8 215,192,163
054 99 00 1.8 139,107,81
054 99 00 1.8 48,20,0
054 99 00 1.8 0,0,0
054 99 00 1.8 0,0,0
054 99 01 1.8 81,293,463
054 99 06 1.8 547,582,600
053 99 05 2.4 611,741,712
053 99 05 2.4 684,681,685
053 99 04 2.4 682,662,626
053 99 02 2.4 587,548,509
053 99 01 2.4 474,442,417
053 99 00 2.4 393,365,335
053 99 00 2.4 303,269,237
053 99 00 2.4 207,178,148
053 99 00 2.4 117,85,52
053 99 00 2.4 36,86,234
053 99 04 2.4 436,608,697
053 99 04 2.4 730,744,751
053 99 04 2.2 697,660,630
053 99 04 2.2 625,632,630
053 99 03 2.2 608,579,543
053 99 02 2.2 508,467,435
053 99 00 2.2 405,380,347
053 99 00 2.2 320,291,268
053 99 00 2.2 234,204,174
053 99 00 2.2 150,122,94
053 99 00 2.2 64,36,10
053 99 00 2.2 29,140,326
053 99 04 2.2 505,599,632
053 99 03 2.0 637,625,599
053 99 07 2.0 562,541,544
053 99 06 2.0 558,557,541
053 99 04 2.0 505,465,423
053 99 00 2.0 391,361,333
053 99 00 2.0 309,285,259
053 99 00 2.0 229,200,171
053 99 00 2.0 145,115,87
053 99 00 2.0 56,29,15
053 99 00 2.0 69,215,409
053 99 06 2.0 566,643,671
053 99 05 2.1 681,680,639
053 99 08 2.1 604,587,590
053 99 06 2.1 602,598,576
053 99 04 2.1 541,502,465
053 99 00 2.1 432,400,374
053 99 00 2.1 349,323,290
053 99 00 2.1 261,228,204
053 99 00 2.1 175,147,116
053 99 00 2.1 81,49,30
053 99 00 2.1 56,175,365
053 99 06 2.1 552,664,713
053 99 06 2.3 743,766,764
053 99 04 2.3 705,671,662
053 99 05 2.3 671,676,663
053 99 03 2.3 635,601,564
053 99 02 2.3 524,488,457
053 99 00 2.3 432,405,379
053 99 00 2.3 354,325,288
053 99 00 2.3 254,219,191
053 99 00 2.3 157,130,98
053 99 00 2.3 66,40,63
053 99 00 2.3 178,371,566
053 99 04 2.3 689,742,768
053 99 04 2.4 787,787,717
053 99 05 2.4 685,674,683
053 99 04 2.4 688,677,647
053 99 03 2.4 613,576,544
053 99 01 2.4 508,478,447
053 99 00 2.4 423,398,371
053 99 00 2.4 336,305,276
053 99 00 2.4 257,224,197
053 99 00 2.4 164,137,100
053 99 00 2.4 83,128,261
053 99 03 2.4 438,584,653
053 99 03 1.8 665,573,547
053 99 08 1.8 512,477,470
053 99 05 1.8 478,487,473
053 99 03 1.8 444,409,369
053 99 00 1.8 332,293,261
053 99 00 1.8 231,204,178
053 99 00 1.8 146,119,88
053 99 00 1.8 61,28,0
053 99 00 1.8 0,0,0
053 99 00 1.8 0,15,196
053 99 05 1.8 393,520,573
053 99 06 2.3 598,613,613
053 99 04 2.3 694,660,643
053 99 04 2.3 646,651,640
053 99 03 2.3 612,575,533
053 99 02 2.3 494,454,421
053 99 00 2.3 387,359,329
053 99 00 2.3 302,270,242
053 99 00 2.3 207,171,136
053 99 00 2.3 103,73,60
053 99 00 2.3 121,277,475
053 99 03 2.3 634,713,749
053 99 04 2.2 760,760,679
053 99 05 2.2 642,616,616
053 99 04 2.2 626,618,590
053 99 03 2.2 547,502,459
053 99 01 2.2 419,387,351
053 99 00 2.2 327,297,268
053 99 00 2.2 236,208,182
053 99 00 2.2 151,119,81
053 99 00 2.2 50,36,89
053 99 01 2.2 230,423,584
053 99 03 2.2 665,693,703
053 99 03 2.1 659,627,587
053 99 04 2.1 569,572,581
053 99 04 2.1 568,539,500
053 99 02 2.1 459,422,381
053 99 00 2.1 343,313,283
053 99 00 2.1 254,221,189
053 99 00 2.1 159,129,103
053 99 00 2.1 65,29,0
053 99 00 2.1 0,0,46
053 99 02 2.1 214,403,535
053 99 03 2.1 589,607,605
053 99 04 2.1 629,587,550
053 99 04 2.1 539,544,544
053 99 03 2.1 529,495,454
053 99 01 2.1 412,370,334
053 99 00 2.1 300,271,241
053 99 00 2.1 210,182,152
053 99 00 2.1 124,93,64
053 99 00 2.1 32,4,0
053 99 00 2.1 0,0,71
053 99 02 2.1 239,398,476
053 99 02 1.7 492,524,488
053 99 07 1.7 440,398,383
053 99 03 1.7 388,393,383
053 99 02 1.7 354,318,274
053 99 00 1.7 233,197,161
053 99 00 1.7 131,97,73
053 99 00 1.7 47,22,0
053 99 00 1.7 0,0,0
053 99 00 1.7 0,0,0
053 99 02 1.7 127,298,396
054 99 03 1.8 422,556,529
054 99 06 1.8 488,439,410
054 99 04 1.8 402,411,410
054 99 03 1.8 385,350,307
054 99 00 1.8 269,230,194
054 99 00 1.8 166,141,117
054 99 00 1.8 88,60,30
054 99 00 1.8 0,0,0
054 99 00 1.8 0,21,184
054 99 04 1.8 372,501,551
054 99 07 1.9 560,619,599
054 99 08 1.9 564,524,502
054 99 05 1.9 503,506,494
054 99 03 1.9 461,424,382
054 99 00 1.9 344,306,270
054 99 00 1.9 240,212,192
054 99 00 1.9 169,141,105
054 99 00 1.9 72,41,38
054 99 00 1.9 113,278,460
054 99 04 1.9 585,628,638
054 99 03 1.9 637,584,549
054 99 06 1.9 504,482,477
054 99 04 1.9 472,453,420
054 99 01 1.9 382,340,303
054 99 00 1.9 264,233,199
054 99 00 1.9 179,153,129
054 99 00 1.9 95,60,38
054 99 00 1.9 77,207,385
054 99 05 1.9 527,593,609
055 99 05 1.8 609,546,502
055 99 08 1.8 457,433,435
055 99 05 1.8 432,420,393
055 99 01 1.8 358,314,270
055 99 00 1.8 230,197,168
055 99 00 1.8 138,115,87
055 99 00 1.8 59,23,0
055 99 00 1.8 0,10,151
055 99 05 1.8 348,503,571
055 99 07 1.9 585,612,593
055 99 08 1.9 545,505,484
055 99 04 1.9 495,495,476
055 99 03 1.9 450,419,385
055 99 00 1.9 342,304,270
055 99 00 1.9 238,208,177
055 99 00 1.9 152,123,98
055 99 00 1.9 67,40,9
055 99 00 1.9 0,0,90
055 99 02 1.9 258,434,536
055 99 04 1.8 565,572,578
055 99 06 1.8 551,502,466
055 99 04 1.8 450,449,443
055 99 03 1.8 425,393,348
055 99 00 1.8 305,265,230
055 99 00 1.8 202,178,161
055 99 00 1.8 130,99,67
055 99 00 1.8 38,10,0
055 99 00 1.8 0,0,0
055 99 00 1.8 34,198,349
056 99 06 1.6 419,421,477
056 99 05 1.6 435,380,334
056 99 02 1.6 311,313,317
056 99 02 1.6 301,272,229
056 99 01 1.6 188,151,115
056 99 00 1.6 84,50,20
056 99 00 1.6 0,0,0
056 99 00 1.6 0,0,0
056 99 00 1.6 0,0,0
056 99 00 1.6 0,0,191
056 99 05 1.6 332,388,397
056 99 05 1.9 602,583,536
056 99 06 1.9 494,462,459
056 99 03 1.9 457,441,413
056 99 01 1.9 372,332,288
056 99 00 1.9 253,220,189
056 99 00 1.9 159,134,110
056 99 00 1.9 84,52,20
056 99 00 1.9 0,0,0
056 99 00 1.9 0,0,0
056 99 02 1.9 169,358,473
056 99 04 1.9 505,500,582
056 99 08 1.9 550,503,460
056 99 04 1.9 436,428,422
056 99 02 1.9 405,376,340
056 99 00 1.9 301,263,228
056 99 00 1.9 194,165,135
056 99 00 1.9 108,80,52
056 99 00 1.9 27,0,0
056 99 00 1.9 0,0,0
056 99 00 1.9 0,0,62
056 99 05 1.9 248,388,449
057 99 04 1.8 451,557,525
057 99 07 1.8 478,435,410
057 99 03 1.8 412,414,410
057 99 02 1.8 390,358,318
057 99 00 1.8 277,242,211
057 99 00 1.8 183,154,129
057 99 00 1.8 101,80,57
057 99 00 1.8 35,7,0
057 99 00 1.8 0,0,0
057 99 01 1.8 112,292,430
057 99 05 1.7 483,480,527
057 99 06 1.7 493,442,402
057 99 05 1.7 382,388,389
057 99 03 1.7 377,355,320
057 99 00 1.7 287,251,222
057 99 00 1.7 195,164,138
057 99 00 1.7 110,89,68
057 99 00 1.7 44,24,0
057 99 00 1.7 0,0,96
057 99 04 1.7 277,455,554
057 99 08 1.9 582,580,593
057 99 04 1.9 561,521,484
057 99 07 1.9 482,488,493
057 99 06 1.9 475,445,407

