177628!20190922_184610!0!0
2.5!2.4!2.5!2.47!2.46!2.67!
95!30!82!28!30
422.4 2.43 58 67

030 70 03 1.1 195,173,150
030 70 00 1.1 123,95,68
030 70 00 1.1 45,27,8
030 70 00 1.1 0,0,0
030 70 00 1.1 81,191,284
030 70 08 1.4 333,351,350
030 70 08 1.4 368,351,336
030 70 05 1.4 329,323,307
030 70 03 1.4 289,264,244
030 70 01 1.4 222,201,178
030 70 00 1.4 154,129,111
030 70 00 1.4 116,174,279
030 70 05 1.4 387,460,490
030 70 08 1.4 496,377,361
030 70 06 1.4 346,338,329
030 70 04 1.4 316,298,280
030 70 02 1.4 259,235,208
030 70 00 1.4 191,173,155
030 70 00 1.4 131,109,124
030 70 00 1.4 188,291,382
030 70 07 1.2 433,446,328
030 70 07 1.2 308,291,273
030 70 04 1.2 262,249,234
030 70 02 1.2 214,188,163
030 70 00 1.2 137,114,89
030 70 00 1.2 70,50,30
030 70 00 1.2 6,18,74
030 70 01 1.2 171,254,305
080 97 07 1.1 316,299,276
080 97 07 1.1 249,226,209
080 97 03 1.1 196,181,157
080 97 00 1.1 126,102,76
080 97 00 1.1 55,31,7
080 97 00 1.1 0,0,0
080 97 00 1.1 0,0,100
080 97 05 1.1 187,230,239
080 97 08 1.1 296,275,251
080 97 05 1.1 234,220,208
080 97 02 1.1 189,171,145
080 97 00 1.1 119,89,60
080 97 00 1.1 35,14,0
080 97 00 1.1 0,0,0
080 97 00 1.1 57,162,242
080 97 08 1.2 283,284,310
080 97 08 1.2 277,242,210
080 97 02 1.2 186,148,99
080 97 00 1.2 56,29,27
080 97 00 1.2 24,28,32
080 97 00 1.2 37,32,24
080 97 00 1.2 32,93,195
080 97 07 1.2 305,380,424
079 97 01 1.6 446,448,419
079 97 07 1.6 408,409,403
079 97 06 1.6 388,372,357
079 97 03 1.6 343,319,298
079 97 01 1.6 280,274,263
079 97 01 1.6 257,252,284
079 97 02 1.6 359,468,560
079 97 08 1.3 604,614,356
079 97 08 1.3 352,344,337
079 97 06 1.3 329,314,286
079 97 03 1.3 241,175,94
079 97 00 1.3 12,0,0
079 97 01 1.3 0,0,0
079 97 00 1.3 0,0,74
079 97 04 1.3 175,240,273
079 97 08 1.8 289,291,477
079 97 05 1.8 468,461,447
079 97 03 1.8 420,384,339
079 97 01 1.8 289,239,194
079 97 00 1.8 158,126,96
079 97 00 1.8 59,45,75
079 97 00 1.8 145,210,244
081 97 03 0.8 249,191,168
081 97 02 0.8 149,146,149
081 97 02 0.8 153,149,139
081 97 02 0.8 131,122,109
081 97 01 0.8 97,82,72
081 97 01 0.8 53,44,75
081 97 02 0.8 152,245,313
081 97 05 1.1 343,341,271
081 97 06 1.1 235,207,189
081 97 02 1.1 173,151,124
081 97 01 1.1 94,58,24
081 97 00 1.1 0,0,0
081 97 00 1.1 0,0,0
081 97 00 1.1 0,78,149
081 97 06 1.1 176,177,284
081 97 07 1.1 252,218,188
081 97 01 1.1 167,147,120
081 97 00 1.1 91,59,31
081 97 00 1.1 2,0,0
081 97 00 1.1 0,0,0
081 97 00 1.1 56,162,233
082 97 08 1.3 261,339,318
082 97 08 1.3 288,254,226
082 97 02 1.3 203,181,157
082 97 00 1.3 124,91,57
082 97 00 1.3 31,8,0
082 97 00 1.3 0,0,0
082 97 00 1.3 76,184,266
082 97 08 1.3 295,301,333
082 97 08 1.3 303,262,228
082 97 02 1.3 209,192,171
082 97 00 1.3 142,112,82
082 97 00 1.3 55,30,7
082 97 00 1.3 0,0,2
082 97 00 1.3 81,198,304
082 97 05 1.5 367,391,388
082 97 06 1.5 393,364,333
082 97 04 1.5 311,292,271
082 97 02 1.5 248,222,194
082 97 00 1.5 166,138,114
082 97 00 1.5 93,70,45
082 97 00 1.5 17,0,0
082 97 00 1.5 0,0,0
082 97 00 1.5 0,0,0
082 97 01 1.5 84,201,280
082 97 08 1.6 316,321,425
082 97 07 1.6 399,368,338
082 97 03 1.6 314,290,262
082 97 01 1.6 229,199,171
082 97 00 1.6 144,109,74
082 97 00 1.6 41,10,0
082 97 00 1.6 0,0,0
082 97 00 1.6 0,0,0
082 97 00 1.6 0,0,0
082 97 00 1.6 0,0,0
078 97 04 0.9 0,238,221
078 97 02 0.9 191,162,134
078 97 01 0.9 118,95,70
078 97 00 0.9 40,12,0
078 97 00 0.9 0,0,0
078 97 00 0.9 0,0,0
078 97 00 0.9 0,0,0
078 97 00 0.9 0,0,0
078 97 00 0.9 0,0,0
078 97 01 0.9 0,0,0
078 97 02 0.9 0,0,0
078 97 01 0.9 0,0,0
078 97 00 0.9 0,0,0
078 97 00 0.9 0,0,0
078 97 00 0.9 0,0,0
078 97 00 0.9 0,0,0
078 97 00 0.9 0,0,0
078 97 00 0.9 0,0,0
078 97 00 0.9 0,0,0
078 97 02 0.9 0,0,0
078 97 01 0.9 0,0,0
078 97 00 0.9 0,0,0
078 97 00 0.9 0,0,0
078 97 00 0.9 0,0,0
078 97 00 0.9 0,0,0
078 97 00 0.9 0,0,0
078 97 00 0.9 0,0,0
078 97 00 0.9 0,0,0
078 97 02 0.9 0,0,0
078 97 01 0.9 0,0,0
078 97 01 0.9 0,0,0
078 97 01 0.9 0,0,0
078 97 00 0.9 0,0,0
078 97 00 0.9 0,0,0
078 97 00 0.9 0,0,0
078 97 00 0.9 0,0,0
078 97 01 0.9 0,0,0
078 97 02 0.4 110,93,73
078 97 01 0.4 56,40,30
078 97 00 0.4 22,15,4
078 97 00 0.4 0,0,0
078 97 00 0.4 0,0,0
078 97 00 0.4 0,0,0
078 97 00 0.4 0,0,0
078 97 00 0.4 0,0,0
078 96 01 0.5 0,0,130
078 96 03 0.5 116,98,81
078 96 02 0.5 67,55,51
078 96 01 0.5 49,40,24
078 96 00 0.5 6,0,0
078 96 00 0.5 0,0,0
078 96 00 0.5 0,0,0
078 96 00 0.5 0,0,0
078 96 00 0.5 0,0,10
077 96 03 0.5 25,24,130
077 96 03 0.5 117,101,93
077 96 02 0.5 89,87,82
077 96 02 0.5 74,66,54
077 96 01 0.5 43,29,15
077 96 00 0.5 7,0,0
077 96 00 0.5 0,0,0
077 96 00 0.5 0,3,59
077 96 03 0.5 109,134,135
077 96 05 0.6 165,154,147
077 96 04 0.6 142,140,142
077 96 03 0.6 140,133,126
077 96 02 0.6 117,108,97
077 96 01 0.6 90,85,80
077 96 01 0.6 72,62,55
077 96 01 0.6 67,109,169
077 96 04 0.6 223,253,266
077 96 07 0.7 270,211,210
077 96 04 0.7 213,223,231
077 96 03 0.7 231,229,222
077 96 03 0.7 216,210,203
077 96 02 0.7 196,193,193
077 96 02 0.7 190,184,188
077 96 02 0.7 228,289,356
077 96 04 0.7 397,414,422
077 95 04 0.8 235,233,231
077 95 04 0.8 240,251,257
077 95 03 0.8 256,252,246
077 95 03 0.8 243,240,239
077 95 02 0.8 238,232,225
077 95 02 0.8 220,245,310
077 95 03 0.8 397,473,520
077 95 06 0.8 549,561,564
077 95 05 1.2 338,341,347
077 95 07 1.2 361,367,367
077 95 06 1.2 358,353,349
077 95 04 1.2 345,341,333
077 95 03 1.2 333,329,346
077 95 03 1.2 400,489,584
077 95 08 1.2 652,693,714
077 95 04 1.4 717,717,380
077 95 08 1.4 379,382,388
077 95 07 1.4 390,384,376
077 95 05 1.4 367,359,354
077 95 03 1.4 350,347,341
077 95 03 1.4 338,360,431
077 95 05 1.4 528,628,694
077 95 04 1.4 741,758,759
077 95 06 1.5 411,400,394
077 95 07 1.5 393,394,387
077 95 05 1.5 378,362,348
077 95 03 1.5 330,313,302
077 95 02 1.5 293,285,276
077 95 01 1.5 264,276,333
077 95 03 1.5 437,545,621
077 96 06 1.5 658,673,407
077 96 08 1.5 391,372,358
077 96 06 1.5 353,344,332
077 96 04 1.5 313,297,275
077 96 02 1.5 256,236,220
077 96 00 1.5 201,183,167
077 96 00 1.5 149,132,113
077 96 00 1.5 99,86,76
077 96 00 1.5 104,182,300
077 96 06 1.5 407,473,503
077 96 08 1.5 506,421,402
077 96 07 1.5 384,368,354
077 96 04 1.5 337,318,300
077 96 02 1.5 280,258,237
077 96 00 1.5 220,199,174
077 96 00 1.5 152,130,111
077 96 00 1.5 87,68,49
077 96 00 1.5 32,19,43
077 96 00 1.5 112,212,297
075 96 07 1.2 345,362,359
075 96 07 1.2 324,297,278
075 96 04 1.2 263,255,241
075 96 02 1.2 219,195,168
075 96 00 1.2 145,123,104
075 96 00 1.2 83,62,36
075 96 00 1.2 13,0,0
075 96 00 1.2 0,0,0
075 96 00 1.2 0,0,10
075 96 02 1.2 92,143,152
075 96 06 0.9 255,233,209
075 96 04 0.9 186,171,160
075 96 00 0.9 145,130,107
075 96 00 0.9 83,54,28
075 96 00 0.9 9,0,0
075 96 00 0.9 0,0,0
075 96 00 0.9 0,0,0
075 96 00 0.9 0,0,0
075 96 00 0.9 0,29,60
075 96 08 0.8 63,216,195
075 96 04 0.8 174,161,151
075 96 02 0.8 142,127,114
075 96 00 0.8 94,71,48
075 96 00 0.8 31,16,0
075 96 00 0.8 0,0,0
075 96 00 0.8 0,0,0
075 96 00 0.8 0,0,3
075 96 02 0.8 71,104,111
073 96 05 0.8 207,187,169
073 96 02 0.8 156,149,143
073 96 02 0.8 133,118,99
073 96 01 0.8 83,64,48
073 96 01 0.8 28,14,1
073 96 01 0.8 0,0,0
073 96 01 0.8 0,0,18
073 96 02 0.8 96,157,192
073 96 04 0.9 197,239,216
073 96 03 0.9 199,191,188
073 96 02 0.9 182,171,158
073 96 02 0.9 140,122,105
073 96 01 0.9 91,76,63
073 96 01 0.9 53,40,26
073 96 01 0.9 31,73,152
073 96 03 0.9 231,282,296
073 96 04 1.0 264,243,225
073 96 04 1.0 213,210,208
073 96 03 1.0 205,193,177
073 96 02 1.0 157,137,119
073 96 00 1.0 104,99,90
073 96 00 1.0 81,68,89
073 96 01 1.0 149,238,310
071 96 07 1.0 352,357,277
071 96 08 1.0 256,239,233
071 96 06 1.0 229,227,218
071 96 04 1.0 207,190,171
071 96 01 1.0 152,138,131
071 96 00 1.0 123,111,97
071 96 00 1.0 109,164,255
071 96 06 1.0 342,391,402
071 96 08 1.1 298,284,270
071 96 08 1.1 262,259,255
071 96 06 1.1 245,233,216
071 96 03 1.1 200,183,172
071 96 00 1.1 159,149,137
071 96 00 1.1 130,147,211
071 96 04 1.1 304,393,443
071 96 08 1.2 462,322,306
071 96 08 1.2 289,282,279
071 96 07 1.2 276,268,253
071 96 04 1.2 239,220,204
071 96 00 1.2 190,180,169
071 96 00 1.2 153,145,172
071 96 01 1.2 245,343,416
072 96 08 1.1 453,453,296
072 96 08 1.1 275,259,249
072 96 06 1.1 248,242,230
072 96 04 1.1 215,199,182
072 96 01 1.1 167,152,139
072 96 00 1.1 124,113,115
072 96 00 1.1 161,245,341
072 97 08 1.1 401,424,419
072 97 08 1.1 289,269,251
072 97 07 1.1 247,244,237
072 97 04 1.1 221,202,182
072 97 01 1.1 160,143,131
072 97 00 1.1 118,103,91
072 97 00 1.1 112,185,295
072 97 07 1.1 399,460,480
072 97 03 1.4 385,366,342
072 97 06 1.4 323,315,312
072 97 04 1.4 300,281,258
072 97 02 1.4 235,213,195
072 97 00 1.4 181,165,147
072 97 00 1.4 144,198,306
072 97 05 1.4 429,519,560
075 97 06 1.5 571,417,394
075 97 07 1.5 374,356,349
075 97 04 1.5 337,321,298
075 97 02 1.5 265,234,206
075 97 00 1.5 185,165,147
075 97 00 1.5 128,135,198
075 97 01 1.5 315,442,530
075 97 06 1.7 571,581,443
075 97 08 1.7 417,389,369
075 97 05 1.7 354,334,305
075 97 02 1.7 274,248,223
075 97 00 1.7 198,174,153
075 97 00 1.7 132,110,95
075 97 00 1.7 118,204,332
075 97 06 1.7 449,517,544
075 97 08 1.6 543,424,388
075 97 06 1.6 358,333,319
075 97 03 1.6 292,262,222
075 97 00 1.6 191,163,141
075 97 00 1.6 113,89,62
075 97 00 1.6 39,14,0
075 97 00 1.6 0,33,149
075 97 03 1.6 285,395,449
075 97 04 1.8 468,477,450
075 97 05 1.8 417,390,371
075 97 03 1.8 350,327,296
075 97 02 1.8 265,228,195
075 97 00 1.8 164,137,112
075 97 00 1.8 87,64,42
075 97 00 1.8 19,0,0
075 97 00 1.8 21,123,248
075 97 04 1.8 344,390,403
075 97 05 1.5 408,377,344
075 97 03 1.5 317,300,281
075 97 02 1.5 254,228,198
075 97 01 1.5 170,139,111
075 97 00 1.5 85,56,28
075 97 00 1.5 2,0,0
075 97 00 1.5 0,0,0
075 97 00 1.5 0,102,195
075 97 04 1.2 240,242,313
075 97 05 1.2 282,251,229
075 97 02 1.2 212,197,176
075 97 01 1.2 154,127,99
075 97 00 1.2 71,46,21
075 97 00 1.2 0,0,0
075 97 00 1.2 0,0,0
075 97 00 1.2 0,0,0
075 97 01 1.2 67,140,170
074 97 07 1.1 167,267,237
074 97 06 1.1 208,193,182
074 97 01 1.1 172,156,135
074 97 00 1.1 114,92,69
074 97 00 1.1 44,20,0
074 97 00 1.1 0,0,0
074 97 00 1.1 0,0,0
074 97 00 1.1 27,125,187
074 97 08 1.1 208,285,262
074 97 07 1.1 232,208,193
074 97 02 1.1 185,175,158
074 97 00 1.1 139,117,92
074 97 00 1.1 70,49,34
074 97 00 1.1 19,4,0
074 97 00 1.1 0,0,23
074 97 01 1.1 114,200,253
074 97 08 1.1 266,291,266
074 97 07 1.1 240,219,211
074 97 03 1.1 205,198,184
074 97 02 1.1 168,147,130
074 97 00 1.1 113,98,81
074 97 00 1.1 67,52,43
074 97 00 1.1 64,132,227
074 97 07 1.1 303,340,343
074 97 08 1.1 282,259,239
074 97 06 1.1 228,222,214
074 97 03 1.1 204,188,171
074 97 01 1.1 151,133,115
074 97 00 1.1 101,87,70
074 97 00 1.1 57,76,142
074 97 03 1.1 237,317,359
074 98 08 1.1 365,292,267
074 98 08 1.1 248,238,234
074 98 05 1.1 227,215,196
074 98 02 1.1 178,157,138
074 98 00 1.1 119,106,92
074 98 00 1.1 79,77,121
074 98 01 1.1 205,302,362
077 98 08 1.1 381,298,280
077 98 08 1.1 255,238,230
077 98 05 1.1 226,216,198
077 98 02 1.1 178,159,141
077 98 00 1.1 124,109,93
077 98 00 1.1 78,82,135
077 98 02 1.1 225,318,372
077 98 08 1.1 387,304,280
077 98 08 1.1 257,236,229
077 98 04 1.1 224,219,202
077 98 02 1.1 180,155,134
077 98 00 1.1 118,105,92
077 98 00 1.1 84,116,202
077 98 04 1.1 318,413,460
077 98 00 1.4 470,373,346
077 98 07 1.4 319,305,298
077 98 04 1.4 290,272,251
077 98 02 1.4 229,209,190
077 98 00 1.4 176,160,145
077 98 00 1.4 153,218,337
077 98 05 1.4 459,542,578
078 98 03 1.6 585,429,405
078 98 07 1.6 379,366,353
078 98 04 1.6 344,327,306
078 98 02 1.6 282,258,242
078 98 00 1.6 226,208,192
078 98 00 1.6 213,299,429
078 98 06 1.6 545,619,649
078 98 03 1.7 657,444,415
078 98 05 1.7 386,372,358
078 98 03 1.7 344,320,294
078 98 02 1.7 266,241,219
078 98 01 1.7 195,173,152
078 98 00 1.7 144,183,287
078 98 03 1.7 421,532,590
078 98 02 1.8 616,615,452
078 98 05 1.8 418,391,372
078 98 03 1.8 353,330,299
078 98 02 1.8 269,237,214
078 98 01 1.8 190,165,141
078 98 00 1.8 118,96,75
078 98 00 1.8 84,158,288
078 98 04 1.8 427,523,573
078 98 03 1.9 590,506,474
078 98 07 1.9 440,411,391
078 98 04 1.9 369,340,310
078 98 01 1.9 274,241,210
078 98 00 1.9 183,155,126
078 98 00 1.9 98,76,50
078 98 00 1.9 25,5,21
078 98 00 1.9 104,236,369
078 98 07 1.9 457,494,498
078 98 06 1.8 471,439,405
078 98 04 1.8 379,359,336
078 98 02 1.8 306,272,236
078 98 01 1.8 201,167,137
078 98 00 1.8 111,85,55
078 98 00 1.8 28,3,0
078 98 00 1.8 0,0,0
078 98 00 1.8 77,196,284
078 98 05 1.4 316,315,345
078 98 06 1.4 313,279,257
078 98 02 1.4 238,220,197
078 98 01 1.4 170,137,105
078 98 00 1.4 73,45,20
078 98 00 1.4 0,0,0
078 98 00 1.4 0,0,0
078 98 00 1.4 0,0,0
078 98 01 1.4 51,127,145
077 98 06 1.1 284,250,212
077 98 03 1.1 177,160,149
077 98 00 1.1 141,119,93
077 98 00 1.1 62,34,7
077 98 00 1.1 0,0,0
077 98 00 1.1 0,0,0
077 98 00 1.1 0,0,0
077 98 00 1.1 0,0,78
077 98 07 1.1 113,107,261
077 98 07 1.1 227,200,182
077 98 01 1.1 175,166,150
077 98 00 1.1 125,96,66
077 98 00 1.1 37,14,0
077 98 00 1.1 0,0,0
077 98 00 1.1 0,0,0
077 98 00 1.1 0,56,138
077 98 07 1.1 178,179,267
077 98 07 1.1 237,208,188
077 98 02 1.1 177,167,155
077 98 00 1.1 139,115,91
077 98 00 1.1 62,41,20
077 98 00 1.1 5,0,0
077 98 00 1.1 0,0,0
077 98 00 1.1 92,188,243
077 98 08 1.1 253,291,264
077 98 07 1.1 238,215,204
077 98 03 1.1 193,183,164
077 98 00 1.1 145,119,99
077 98 00 1.1 74,57,43
077 98 00 1.1 30,13,0
077 98 00 1.1 15,85,190
077 98 06 1.1 279,320,325
077 98 08 1.2 308,278,246
077 98 06 1.2 232,228,225
077 98 03 1.2 216,199,185
077 98 01 1.2 169,153,134
077 98 00 1.2 120,108,96
077 98 00 1.2 88,113,189
077 98 04 1.2 293,373,409
077 98 08 1.2 408,294,265
077 98 07 1.2 240,232,230
077 98 04 1.2 225,216,197
077 98 02 1.2 177,153,137
077 98 00 1.2 120,108,92
077 98 00 1.2 83,101,176
077 98 03 1.2 282,379,424
078 97 05 1.3 435,339,315
078 97 08 1.3 285,267,261
078 97 05 1.3 261,251,232
078 97 03 1.3 208,187,170
078 97 00 1.3 157,143,128
078 97 00 1.3 123,165,263
078 97 05 1.3 386,478,519
078 97 02 1.5 525,392,366
078 97 07 1.5 341,326,320
078 97 04 1.5 311,297,277
078 97 02 1.5 255,227,206
078 97 00 1.5 188,173,160
078 97 00 1.5 179,264,397
078 97 06 1.5 523,599,621
078 97 03 1.7 617,435,407
078 97 05 1.7 380,362,350
078 97 03 1.7 337,319,294
078 97 02 1.7 265,240,219
078 97 01 1.7 200,178,165
078 97 01 1.7 198,303,447
078 97 05 1.7 573,640,661
079 97 03 1.8 490,459,425
079 97 04 1.8 392,371,352
079 97 03 1.8 328,300,265
079 97 01 1.8 234,204,180
079 97 00 1.8 160,136,113
079 97 00 1.8 101,149,267
079 97 03 1.8 418,536,592
079 97 03 1.9 602,482,442
079 97 05 1.9 398,358,332
079 97 02 1.9 309,283,250
079 97 01 1.9 217,182,147
079 97 00 1.9 115,89,66
079 97 00 1.9 41,16,0
079 97 00 1.9 13,104,250
079 97 04 1.9 389,475,504
079 97 02 1.9 502,480,440
079 97 06 1.9 393,361,336
079 97 02 1.9 315,289,258
079 97 00 1.9 227,198,172
079 97 00 1.9 143,116,90
079 97 00 1.9 69,46,18
079 97 00 1.9 0,0,0
079 97 00 1.9 49,193,345
079 97 07 1.9 445,488,496
078 97 02 2.0 521,487,442
078 97 07 2.0 407,382,361
078 97 02 2.0 337,308,277

