177628!20190928_165649!0!0
2.52!2.53!2.53!2.46!2.57!2.46!
91!69!107!0!12
431.4 2.49 41 39

069 91 03 10.3 2922,2730,2899
069 91 02 10.3 3279,3615,3832
069 91 03 10.3 3969,4068,4148
069 91 04 4.0 4203,4217,1467
069 91 04 4.0 1412,1313,1182
069 91 03 4.0 1045,997,1165
069 91 03 4.0 1540,1996,2361
069 91 05 5.0 2627,2772,2760
069 91 06 5.0 1628,1450,1289
069 91 04 5.0 949,471,0
069 91 00 5.0 0,0,0
069 91 00 5.0 0,0,294
073 93 05 2.7 427,403,820
073 93 00 2.7 641,482,390
073 93 00 2.7 336,255,132
073 93 00 2.7 6,0,0
073 93 00 2.7 0,0,323
073 93 04 3.0 624,789,811
073 93 04 3.0 1004,879,765
073 93 01 3.0 678,620,542
073 93 00 3.0 417,270,136
073 93 00 3.0 26,55,312
073 93 03 2.8 696,970,1028
073 93 06 2.8 927,759,579
073 93 00 2.8 464,436,437
073 93 00 2.8 427,401,352
073 93 00 2.8 248,126,81
073 93 00 2.8 15,0,0
073 93 00 2.8 0,0,0
073 93 01 2.8 0,0,0
073 93 00 2.8 0,0,0
073 93 01 2.8 0,0,0
073 93 00 2.8 0,0,0
073 93 06 2.8 0,281,662
071 93 04 9.8 1001,1229,1275
071 93 05 9.8 3815,3757,3684
071 93 06 9.8 3595,3491,3413
071 93 06 9.8 3492,3748,4078
071 94 07 2.8 4318,4415,4419
071 94 04 2.8 932,825,723
071 94 04 2.8 644,580,513
071 94 02 2.8 443,365,276
071 94 00 2.8 242,365,620
071 94 04 2.8 883,1005,998
071 94 05 2.8 905,767,624
071 94 01 2.8 504,422,347
071 94 01 2.8 268,173,70
071 94 00 2.8 0,0,134
071 94 02 2.8 417,661,746
071 94 05 2.8 711,609,488
071 94 01 2.8 370,270,161
071 94 00 2.8 25,0,0
071 94 01 2.8 0,0,0
071 94 00 2.8 0,0,0
071 94 00 2.8 0,0,0
071 94 00 2.8 0,0,0
071 94 00 2.8 0,0,0
071 94 00 2.8 0,0,0
071 94 01 2.8 0,0,0
071 94 03 2.8 0,0,0
071 94 05 2.8 0,0,0
071 94 01 2.8 0,0,0
071 94 00 2.8 0,0,0
071 94 00 2.8 0,0,0
071 94 05 2.8 0,0,0
071 94 01 2.8 0,0,0
071 94 00 2.8 0,0,0
071 94 00 2.8 0,0,0
071 94 00 2.8 0,0,0
071 94 01 2.5 0,0,0
071 94 00 2.5 923,783,656
071 94 00 2.5 561,479,395
071 94 00 2.5 294,175,59
071 94 00 2.5 32,169,428
071 94 04 2.5 693,849,886
078 94 05 2.1 790,661,535
078 94 00 2.1 453,416,421
078 94 01 2.1 857,1737,2545
078 94 04 6.2 2909,2311,2290
078 94 07 6.2 2393,2686,2885
078 94 03 6.2 3000,2992,2877
078 94 05 6.2 2650,2337,1979
078 94 00 6.2 1599,1269,1023
078 94 00 6.2 934,1103,1554
078 94 04 6.2 2072,2410,2505
078 94 06 4.0 2500,1609,1890
078 94 07 4.0 2355,2700,2470
078 94 05 4.0 1287,68,0
078 94 00 4.0 0,0,0
078 94 00 4.0 0,0,0
087 94 00 1.8 636,454,264
087 94 01 1.8 124,54,0
087 94 00 1.8 0,0,0
087 94 00 1.8 0,0,0
087 94 00 1.8 156,390,472
087 94 08 2.0 784,662,521
087 94 00 2.0 379,275,210
087 94 00 2.0 165,105,26
087 94 00 2.0 0,0,100
087 94 03 2.0 382,660,781
087 94 08 2.1 766,732,580
087 94 03 2.1 445,367,322
087 94 00 2.1 265,197,118
087 94 00 2.1 45,40,209
087 94 03 2.1 500,781,923
097 95 04 2.2 925,812,672
097 95 05 2.2 551,465,399
097 95 00 2.2 337,272,178
097 95 00 2.2 76,63,265
097 95 04 2.2 600,924,1109
097 95 05 2.7 1157,1050,924
097 95 07 2.7 786,690,639
097 95 01 2.7 607,556,480
097 95 00 2.7 429,533,816
097 95 03 2.7 1203,1531,1719
097 95 04 3.4 1781,1322,1232
097 95 06 3.4 1108,981,889
097 95 04 3.4 818,744,650
097 95 00 3.4 587,680,948
097 95 02 3.4 1344,1713,1966
098 95 07 3.8 2084,2103,1460
098 95 05 3.8 1340,1194,1089
098 95 04 3.8 1017,911,779
098 95 00 3.8 679,693,896
098 95 03 3.8 1259,1666,1971
098 96 04 4.1 2153,2236,2222
098 96 06 4.1 1434,1269,1111
098 96 05 4.1 994,902,803
098 96 00 4.1 668,549,610
098 96 01 4.1 884,1268,1601
098 96 05 3.7 1829,1941,1934
098 96 06 3.7 1288,1135,965
098 96 04 3.7 815,693,579
098 96 00 3.7 462,332,208
098 96 00 3.7 214,445,831
098 96 04 3.7 1209,1456,1604
097 96 08 3.8 1641,1380,1214
097 96 05 3.8 1035,881,752
097 96 00 3.8 630,502,368
097 96 00 3.8 229,94,53
097 96 00 3.8 226,592,999
097 96 06 3.8 1299,1471,1544
097 96 06 3.9 1458,1325,1146
097 96 03 3.9 986,856,732
097 96 00 3.9 607,471,329
097 96 00 3.9 174,31,0
097 96 01 3.9 167,532,928
097 96 05 3.9 1191,1312,1339
097 96 05 3.6 1284,1119,923
097 96 02 3.6 759,637,526
097 96 00 3.6 401,270,125
097 96 00 3.6 0,0,0
097 96 00 3.6 0,48,468
097 96 04 3.6 818,1005,1067
099 97 06 3.5 1321,1203,1031
099 97 04 3.5 860,727,618
099 97 00 3.5 494,353,197
099 97 00 3.5 41,0,0
099 97 00 3.5 0,0,0
099 97 02 3.5 353,714,933
099 97 05 3.6 1021,999,1271
099 97 06 3.6 1129,992,877
099 97 00 3.6 788,684,560
099 97 00 3.6 413,269,126
099 97 00 3.6 0,0,0
099 97 00 3.6 0,342,765
099 97 07 3.6 1058,1197,1219
099 97 06 3.6 1326,1181,1025
099 97 04 3.6 893,789,696
099 97 00 3.6 597,481,342
099 97 01 3.6 200,75,0
099 97 00 3.6 0,0,49
099 97 02 3.6 459,892,1170
095 97 07 3.8 1290,1283,1356
095 97 05 3.8 1187,1030,916
095 97 01 3.8 816,707,599
095 97 00 3.8 479,347,205
095 97 01 3.8 73,0,0
095 97 00 3.8 0,76,499
095 97 03 3.8 929,1203,1314
095 97 05 3.9 1488,1374,1228
095 97 05 3.9 1100,993,901
095 97 00 3.9 805,702,588
095 97 00 3.9 450,312,180
095 97 01 3.9 57,0,32
095 97 00 3.9 345,798,1171
095 97 05 3.7 1369,1429,1409
095 97 05 3.7 1276,1113,979
095 97 02 3.7 877,781,684
095 97 00 3.7 560,427,290
095 97 00 3.7 157,28,0
095 97 00 3.7 9,340,832
095 97 05 3.7 1263,1531,1656
 97 05 4.4 1637,1605,1449
 97 04 4.4 1314,1185,1066
 97 01 4.4 961,851,712
 97 00 4.4 560,423,285
 97 01 4.4 176,270,644
 97 04 4.4 1158,1581,1825
 97 04 4.5 1921,1715,1580
 97 04 4.5 1428,1306,1211
 97 03 4.5 1112,1006,919
 97 00 4.5 814,697,563
 97 00 4.5 450,363,431
 97 01 4.5 759,1262,1699
 97 04 4.3 1938,2013,1618
 97 05 4.3 1486,1331,1218
 97 06 4.3 1133,1036,922
 97 00 4.3 854,833,734
 97 00 4.3 556,368,273
 97 01 4.3 240,345,581
 97 03 4.3 857,992,918
 97 04 4.3 778,664,679
 97 01 4.3 754,723,569
 97 00 4.3 487,733,1218
097 97 05 3.1 1457,823,0
097 97 01 3.1 0,0,0
097 97 00 3.1 0,35,317
097 97 07 3.1 432,509,871
097 97 05 3.1 1657,2547,3179
097 97 06 11.9 3339,4627,4401
097 97 03 11.9 4227,4143,4067
097 97 06 11.9 3952,3739,3425
097 97 01 11.9 3075,2911,3109
097 97 01 11.9 3631,4226,4649
097 97 06 5.3 4855,4891,1922
097 97 06 5.3 1803,1654,1526
097 97 07 5.3 1440,1360,1237
097 97 00 5.3 1076,931,813
097 97 00 5.3 676,544,568
097 97 00 5.3 826,1242,1614
095 97 07 3.8 1843,1919,1350
095 97 05 3.8 1242,1100,979
095 97 04 3.8 885,814,726
095 97 00 3.8 620,509,405
095 97 00 3.8 308,204,111
095 97 00 3.8 162,428,845
095 97 06 3.8 1216,1438,1521
095 97 07 3.9 1394,1308,1198
095 97 06 3.9 1113,1048,990
095 97 03 3.9 922,849,761
095 97 00 3.9 674,576,483
095 97 00 3.9 397,430,649
095 97 02 3.9 1009,1347,1549
095 97 07 3.4 1613,1180,1077
095 97 05 3.4 949,844,765
095 97 02 3.4 698,616,519
095 97 00 3.4 417,315,205
095 97 00 3.4 102,46,168
095 97 01 3.4 481,906,1257
093 97 04 4.1 1468,1539,1462
093 97 05 4.1 1360,1243,1144
093 97 05 4.1 1066,994,909
093 97 01 4.1 811,707,600
093 97 01 4.1 495,397,382
093 97 00 4.1 567,940,1374
093 97 04 4.1 1704,1886,1937
093 97 05 4.4 1514,1394,1266
093 97 05 4.4 1161,1080,1002
093 97 01 4.4 914,820,716
093 97 00 4.4 598,479,360
093 97 00 4.4 280,347,631
093 97 03 4.4 1064,1471,1723
093 97 04 4.4 1827,1807,1434
093 97 05 4.4 1309,1191,1098
093 97 06 4.4 1013,925,823
093 97 00 4.4 714,607,498
093 97 00 4.4 382,314,1059
093 97 06 6.0 2033,2383,1698
093 97 05 6.0 1227,1406,1537
093 97 01 6.0 1577,1588,1593
093 97 07 6.0 1576,1526,1455
093 97 07 6.0 1383,1278,1104
093 97 00 6.0 888,669,475
093 97 00 6.0 330,309,517
093 97 02 6.0 906,1335,1655
093 97 07 4.3 1786,1750,1316
093 97 07 4.3 1170,1085,1057
093 97 05 4.3 1067,1067,1036
093 97 02 4.3 958,828,644
093 97 00 4.3 423,279,362
093 97 00 4.3 693,1124,1484
093 97 07 4.3 1700,1765,1450
093 97 05 4.3 1375,1294,1211
093 97 04 4.3 1136,1105,1074
093 97 02 4.3 991,881,761
093 97 01 4.3 616,465,497
093 97 01 4.3 780,1210,1562
092 97 05 4.1 1758,1833,1824
092 97 06 4.1 1301,1162,1001
092 97 04 4.1 829,671,513
092 97 00 4.1 368,224,78
092 97 00 4.1 0,4,249
092 97 03 4.1 636,1003,1257
092 97 07 4.2 1389,1404,1378
092 97 06 4.2 1262,1163,1102
092 97 05 4.2 1044,977,897
092 97 00 4.2 807,704,588
092 97 00 4.2 537,669,1001
092 97 02 4.2 1435,1793,2012
092 97 07 4.6 2093,1521,1394
092 97 04 4.6 1224,1066,935
092 97 01 4.6 818,703,577
092 97 00 4.6 461,338,209
092 97 00 4.6 109,170,441
092 97 01 4.6 841,1187,1411
090 97 06 5.8 1619,1994,1980
090 97 05 5.8 1556,953,653
090 97 00 5.8 504,374,228
090 97 00 5.8 86,0,0
090 97 00 5.8 0,0,0
090 97 00 5.8 90,491,810
090 97 04 3.9 963,987,1228
090 97 05 3.9 1108,968,845
090 97 00 3.9 714,580,435
090 97 00 3.9 275,118,0
090 97 00 3.9 0,0,0
090 97 00 3.9 0,0,78
090 97 02 3.9 431,682,771
090 97 06 3.3 1108,994,858
090 97 03 3.3 731,629,545
090 97 00 3.3 465,378,277
090 97 00 3.3 170,60,0
090 97 00 3.3 0,0,0
090 97 01 3.3 233,917,1350
092 97 05 5.1 1587,1582,1476
092 97 03 5.1 1345,1220,1131
092 97 04 5.1 1070,1020,956
092 97 00 5.1 872,784,684
092 97 01 5.1 577,463,355
092 97 00 5.1 330,502,863
092 97 05 5.1 1273,1565,1694
092 97 06 4.1 1694,1281,1152
092 97 06 4.1 1031,948,881
092 97 02 4.1 808,709,593
092 97 00 4.1 473,364,261
092 97 00 4.1 161,97,202
092 97 01 4.1 506,916,1246
092 97 07 3.9 1413,1433,1253
092 97 07 3.9 1117,973,854
092 97 02 3.9 762,691,619
092 97 00 3.9 538,453,362
092 97 00 3.9 262,155,74
092 97 00 3.9 142,415,815
092 97 08 3.8 1157,1336,1362
092 97 05 3.8 1213,1075,928
092 97 06 3.8 816,743,692
092 97 00 3.8 622,533,425
092 97 00 3.8 317,211,101
092 97 00 3.8 11,58,324
092 97 03 3.8 741,1129,1346
092 97 05 4.1 1395,1320,1185
092 97 06 4.1 1036,907,821
092 97 00 4.1 755,685,598
092 97 00 4.1 506,408,307
092 97 00 4.1 205,144,235
092 97 01 4.1 526,930,1275
092 97 07 3.9 1447,1467,1225
092 97 07 3.9 1073,922,811
092 97 01 3.9 726,654,573
092 97 00 3.9 477,372,263
092 97 00 3.9 157,49,10
092 97 00 3.9 153,481,860
098 97 06 3.5 1115,1193,1132
098 97 05 3.5 1002,851,719
098 97 01 3.5 618,534,453
098 97 00 3.5 369,293,225
098 97 00 3.5 172,111,83
098 97 00 3.5 194,478,848
098 97 06 3.5 1129,1255,1247
098 97 05 3.5 1074,951,840
098 97 05 3.5 772,736,710
098 97 01 3.5 666,599,499
098 97 00 3.5 375,226,115
098 97 00 3.5 190,517,985
098 97 04 3.5 1398,1640,1745
098 97 05 4.9 1733,1534,1417
098 97 05 4.9 1327,1270,1217
098 97 05 4.9 1142,1054,961
098 97 00 4.9 878,800,774
098 97 00 4.9 898,1183,1516
098 97 04 3.2 1745,1817,1007
098 97 07 3.2 881,734,600
098 97 02 3.2 507,426,343
098 97 00 3.2 242,144,46
098 97 00 3.2 0,0,0
098 97 01 3.2 257,692,1087
098 97 06 4.7 1329,1426,1417
098 97 06 4.7 1424,1270,1117
098 97 05 4.7 985,884,782
098 97 00 4.7 683,581,479
098 97 00 4.7 372,288,368
098 97 01 4.7 666,1093,1451
098 97 05 4.3 1645,1698,1361
098 97 06 4.3 1228,1066,930
098 97 03 4.3 842,768,679
098 97 00 4.3 563,432,276
098 97 00 4.3 128,15,38
098 97 00 4.3 283,702,1116
098 97 07 4.3 1360,1419,1346
098 97 06 4.3 1178,980,826
098 97 00 4.3 754,735,719
098 97 00 4.3 664,551,393
098 97 00 4.3 207,13,0
098 97 00 4.3 0,141,543
097 97 06 3.6 872,1023,1008
097 97 05 3.6 1051,862,668
097 97 01 3.6 500,369,240
097 97 00 3.6 120,0,0
097 97 00 3.6 0,0,0
097 97 00 3.6 0,0,0
097 97 02 3.6 38,371,568
097 97 04 3.8 634,1235,1110
097 97 07 3.8 953,802,654
097 97 00 3.8 536,439,353
097 97 00 3.8 254,131,1
097 97 00 3.8 0,0,0
097 97 00 3.8 108,473,725
097 97 07 3.1 800,981,843
097 97 03 3.1 672,524,423
097 97 00 3.1 378,350,324
097 97 00 3.1 291,260,209
097 97 00 3.1 128,29,0
097 97 00 3.1 88,393,771
097 97 04 3.1 1042,1183,1291
094 97 07 4.9 1489,1615,1374
094 97 04 4.9 889,438,319
094 97 00 4.9 271,211,137
094 97 00 4.9 58,0,17
094 97 00 4.9 243,648,1099
094 97 07 4.9 1415,1576,1616
094 97 05 4.8 1589,1496,1381
094 97 06 4.8 1288,1224,1179
094 97 04 4.8 1108,1022,927
094 97 00 4.8 835,732,627
094 97 00 4.8 587,745,1099
094 97 03 4.8 1519,1820,1958
094 97 05 4.2 1954,1279,1139
094 97 06 4.2 1019,928,869
094 97 02 4.2 824,772,710
094 97 00 4.2 623,524,429
094 97 00 4.2 357,427,687
094 97 05 4.2 1085,1425,1592
095 97 07 3.8 1594,1167,1063
095 97 04 3.8 934,797,686
095 97 01 3.8 600,529,439
095 97 01 3.8 331,175,0
095 97 00 3.8 0,0,0
095 97 00 3.8 0,117,283
095 97 04 2.5 290,699,541
095 97 00 2.5 382,270,209
095 97 00 2.5 187,162,132
095 97 00 2.5 75,0,0
095 97 00 2.5 0,0,16
095 97 03 2.5 349,666,825
095 97 05 3.1 809,893,737
095 97 05 3.1 602,503,433
095 97 00 3.1 372,305,219
095 97 00 3.1 132,45,0
095 97 00 3.1 0,35,405
095 97 02 3.1 885,1271,1466
095 97 08 4.8 1502,1524,1392
095 97 06 4.8 1261,1159,1084
095 97 05 4.8 1016,944,861
095 97 00 4.8 771,665,564
095 97 00 4.8 526,687,1057
095 97 06 4.8 1498,1822,1953
095 97 04 4.3 1934,1293,1136
095 97 06 4.3 1007,925,854
095 97 01 4.3 777,715,672
095 97 00 4.3 623,527,397
095 97 00 4.3 329,472,868
095 97 05 4.3 1372,1772,2186
095 97 07 6.6 2413,2499,1978
095 97 05 6.6 1848,1567,1220
095 97 01 6.6 779,512,336
095 97 00 6.6 234,195,186
095 97 00 6.6 202,351,670
095 97 04 6.6 1073,1383,1532
097 97 07 4.2 1550,1283,1157
097 97 07 4.2 1035,975,966
097 97 04 4.2 983,965,936
097 97 03 4.2 976,1043,1045
097 97 03 4.2 865,778,938
097 97 04 4.2 1326,1672,1833
097 97 07 3.4 1833,948,801
097 97 04 3.4 648,537,462
097 97 00 3.4 393,309,208
097 97 00 3.4 103,0,0
097 97 00 3.4 0,0,144
097 97 06 3.4 613,985,1151
097 97 04 4.4 1159,1345,1225
097 97 06 4.4 1082,958,854
097 97 00 4.4 747,618,495
097 97 00 4.4 384,279,160
097 97 01 4.4 52,39,224
097 97 02 4.4 604,1335,2015
097 97 05 7.8 2494,2509,2119
097 97 06 7.8 1518,954,663
097 97 00 7.8 618,568,469
097 97 01 7.8 349,224,107
097 97 00 7.8 0,0,44
097 97 00 7.8 375,795,1110
097 97 04 4.1 1233,1223,1209
097 97 06 4.1 1066,880,693
097 97 00 4.1 547,438,314
097 97 00 4.1 168,0,0
097 97 00 4.1 0,0,0
097 97 00 4.1 0,0,157
097 97 04 3.3 371,408,999
097 97 06 3.3 894,817,769
097 97 00 3.3 737,684,590
097 97 00 3.3 465,350,256
097 97 00 3.3 176,117,176
097 97 00 3.3 454,911,1380
097 97 08 4.9 1644,1703,1508
097 97 04 4.9 1368,1228,1109
097 97 06 4.9 1047,1002,944
097 97 00 4.9 852,739,615
097 97 00 4.9 634,808,869
097 97 05 4.9 977,1130,1525
097 97 05 4.0 1794,1873,1242
097 97 07 4.0 1097,914,768
097 97 03 4.0 694,667,606
097 97 00 4.0 495,358,215
097 97 00 4.0 99,48,152
097 97 01 4.0 439,819,1174
097 97 04 4.3 1380,1421,1283
097 97 05 4.3 1154,1054,990
097 97 07 4.3 931,841,738
097 97 00 4.3 632,548,429
097 97 00 4.3 265,137,229
097 97 00 4.3 573,1018,1353
097 97 07 4.3 1487,1480,1248
097 97 06 4.3 1124,980,850
097 97 01 4.3 754,671,588
097 97 00 4.3 510,436,356
097 97 00 4.3 234,175,314
097 97 03 4.3 639,1005,1219
097 97 04 3.4 1249,979,834
097 97 06 3.4 691,579,536
097 97 00 3.4 513,467,358
097 97 00 3.4 237,112,0
097 97 00 3.4 0,0,109
097 97 03 3.4 464,786,952
097 97 02 3.5 945,988,862
097 97 06 3.5 760,687,626
097 97 00 3.5 571,502,407
097 97 00 3.5 314,217,125
097 97 00 3.5 78,213,557
097 97 00 3.5 966,1238,1318
098 97 06 3.9 1165,1022,856
098 97 05 3.9 731,651,598
098 97 00 3.9 528,433,324
098 97 00 3.9 212,82,0
098 97 00 3.9 50,343,731
098 97 05 3.5 1005,1094,1073
098 97 06 3.5 952,807,690
098 97 01 3.5 622,585,537
098 97 00 3.5 491,457,396
098 97 00 3.5 278,147,177
098 97 00 3.5 441,811,1080
098 97 04 3.2 1136,909,739
098 97 03 3.2 569,446,396
098 97 00 3.2 391,372,284
098 97 00 3.2 141,0,0
098 97 00 3.2 0,146,479
 96 04 3.3 786,941,932
 96 05 3.3 935,805,697
 96 03 3.3 641,646,742
 96 06 3.3 893,1004,984
 96 06 3.3 871,804,935
 96 07 3.3 1229,1537,1727
 96 08 3.7 1779,1131,1061
 96 05 3.7 966,886,836
 96 06 3.7 797,747,677
 96 00 3.7 587,486,499
 96 01 3.7 730,1125,1506
 96 04 4.2 1718,1779,1246
 96 08 4.2 1108,952,846
 96 07 4.2 782,720,632
 96 00 4.2 525,409,287
 96 00 4.2 251,427,798
 96 06 4.2 1224,1539,1715
 96 07 5.0 1775,1479,1346
 96 05 5.0 1196,1069,973
 96 02 5.0 885,789,685
 96 00 5.0 578,470,389
 96 00 5.0 456,729,1135
 96 07 5.0 1488,1705,1798
 96 07 4.7 1798,1316,1168
 96 05 4.7 1013,891,781
 96 00 4.7 663,550,499
 96 00 4.7 512,492,349
 96 01 4.7 117,0,149
 96 01 4.7 497,875,1135
 96 06 4.7 1298,1357,1414
 96 04 4.8 1447,1406,1278
 96 07 4.8 1133,1044,881
 96 00 4.8 645,400,256
 96 00 4.8 244,226,135

