176927!20190912_141124!0!0
3.13!3.15!3.22!3.07!3.14!3.18!
97!50!59!0!601
541.2 3.27 53 134

057 97 00 3.2 810,754,701
057 97 00 3.2 650,606,564
057 97 00 3.2 518,471,428
057 97 01 3.2 385,338,288
057 97 00 3.2 239,193,145
057 97 00 3.2 107,138,289
057 97 01 3.2 543,793,959
053 97 05 2.7 1033,1053,939
053 97 07 2.7 907,861,813
053 97 08 2.7 786,770,762
053 97 04 2.7 733,693,640
053 97 01 2.7 586,533,482
053 97 00 2.7 433,386,341
053 97 00 2.7 294,248,202
053 97 01 2.7 157,107,60
053 97 01 2.7 16,0,0
053 97 00 2.7 0,74,330
053 97 03 2.7 626,841,963
053 97 04 3.2 1021,1051,1051
053 97 07 3.2 1095,1051,1011
053 97 07 3.2 985,965,941
053 97 06 3.2 902,855,798
053 97 01 3.2 739,680,622
053 97 00 3.2 573,524,478
053 97 00 3.2 432,389,343
053 97 02 3.2 299,254,207
053 97 01 3.2 155,103,70
053 97 00 3.2 110,277,543
053 97 04 3.2 809,987,1078
053 97 03 3.0 1122,1138,1058
053 97 08 3.0 1019,969,924
053 97 06 3.0 898,881,857
053 97 06 3.0 814,756,696
053 97 00 3.0 635,569,510
053 97 00 3.0 456,408,356
053 97 01 3.0 307,262,216
053 97 00 3.0 166,112,63
053 97 00 3.0 13,0,12
053 97 00 3.0 171,430,692
053 97 08 3.0 860,941,970
052 97 04 2.8 967,954,900
052 97 05 2.8 849,822,807
052 97 06 2.8 797,769,735
052 97 02 2.8 686,631,578
052 97 00 2.8 526,478,431
052 97 00 2.8 392,355,316
052 97 00 2.8 272,224,175
052 97 01 2.8 128,85,82
052 97 00 2.8 182,398,653
052 97 04 2.8 845,934,958
052 97 08 2.5 874,842,792
052 97 07 2.5 743,712,698
052 97 05 2.5 687,665,626
052 97 02 2.5 572,515,454
052 97 00 2.5 401,344,293
052 97 00 2.5 240,189,145
052 97 01 2.5 104,62,10
052 97 01 2.5 0,0,0
052 97 00 2.5 170,444,710
052 97 05 2.5 875,959,993
052 97 05 3.0 1009,1057,1017
052 97 06 3.0 959,920,897
052 97 08 3.0 883,853,809
052 97 03 3.0 753,694,636
052 97 00 3.0 575,521,466
052 97 00 3.0 419,375,336
052 97 01 3.0 296,249,196
052 97 00 3.0 146,100,111
052 97 00 3.0 236,486,765
052 97 07 3.0 979,1092,1150
052 97 05 3.1 1174,1171,1042
052 97 07 3.1 990,942,912
052 97 08 3.1 893,873,836
052 97 05 3.1 785,722,656
052 97 00 3.1 599,542,494
052 97 00 3.1 439,392,345
052 97 01 3.1 297,250,201
052 97 00 3.1 156,111,63
052 97 00 3.1 17,15,122
052 97 00 3.1 364,653,881
052 97 04 3.1 1007,1065,1094
052 97 03 3.1 1089,1050,993
052 97 04 3.1 952,927,914
052 97 08 3.1 893,860,811
052 97 02 3.1 753,688,632
052 97 00 3.1 576,523,467
052 97 00 3.1 418,370,323
052 97 01 3.1 273,225,176
052 97 00 3.1 131,84,37
052 97 00 3.1 0,0,75
052 97 00 3.1 305,587,806
052 97 05 3.1 917,953,955
052 97 06 2.8 960,920,883
052 97 07 2.8 857,846,837
052 97 06 2.8 816,778,724
052 97 02 2.8 665,604,548
052 97 00 2.8 493,446,401
052 97 00 2.8 353,305,255
052 97 01 2.8 208,162,115
052 97 00 2.8 65,15,0
052 97 00 2.8 0,100,343
052 97 04 2.8 617,821,926
052 97 04 2.9 967,977,989
052 97 05 2.9 952,905,870
052 97 05 2.9 850,839,819
052 97 03 2.9 778,723,663
052 97 01 2.9 603,543,482
052 97 00 2.9 428,375,326
052 97 01 2.9 280,237,191
052 97 01 2.9 142,92,46
052 97 01 2.9 0,0,0
052 97 01 2.9 112,369,651
052 97 04 2.9 849,952,999
052 97 02 3.0 1022,1062,1028
052 97 05 3.0 972,931,908
052 97 07 3.0 899,878,841
052 97 04 3.0 786,730,669
052 97 00 3.0 611,548,483
052 97 00 3.0 415,354,294
052 97 00 3.0 240,190,138
052 97 00 3.0 86,37,0
052 97 00 3.0 0,0,0
052 97 00 3.0 0,248,548
052 97 05 3.0 792,922,976
052 97 04 3.2 999,994,1083
052 97 06 3.2 1033,993,965
052 97 07 3.2 945,922,887
052 97 04 3.2 840,777,714
052 97 00 3.2 656,602,551
052 97 00 3.2 503,468,426
052 97 00 3.2 388,347,307
052 97 02 3.2 263,220,179
052 97 01 3.2 139,90,57
052 97 01 3.2 78,223,469
052 97 03 3.2 732,908,987
052 97 06 2.7 1005,943,909
052 97 05 2.7 864,819,800
052 97 07 2.7 786,778,750
052 97 04 2.7 712,663,601
052 97 00 2.7 541,478,426
052 97 00 2.7 374,324,274
052 97 01 2.7 225,175,127
052 97 01 2.7 76,32,0
052 97 00 2.7 0,0,0
052 97 00 2.7 0,0,72
052 97 02 2.7 359,631,803
052 97 05 2.7 884,923,933
052 97 07 3.1 1088,1044,994
052 97 05 3.1 962,938,925
052 97 06 3.1 898,859,803
052 97 01 3.1 744,683,628
052 97 00 3.1 570,520,467
052 97 00 3.1 422,373,323
052 97 01 3.1 268,217,166
052 97 00 3.1 117,65,18
052 97 00 3.1 0,0,0
052 97 00 3.1 0,0,183
052 97 03 3.1 492,757,911
052 97 04 3.1 981,1011,1016
052 97 07 3.2 1124,1079,1035
052 97 05 3.2 1003,983,963
052 97 06 3.2 931,887,832
052 97 01 3.2 770,710,647
052 97 00 3.2 590,527,472
052 97 01 3.2 417,365,312
052 97 00 3.2 258,212,160
052 97 00 3.2 113,63,17
052 97 00 3.2 0,0,0
052 97 00 3.2 0,0,192
052 97 03 3.2 479,722,854
050 97 04 2.9 911,924,1045
050 97 08 2.9 1015,973,937
050 97 07 2.9 915,901,878
050 97 08 2.9 850,807,754
050 97 00 2.9 686,629,574
050 97 00 2.9 520,462,410
050 97 00 2.9 357,309,256
050 97 00 2.9 210,163,117
050 97 00 2.9 69,25,0
050 97 00 2.9 0,0,0
050 97 00 2.9 7,226,484
050 97 05 2.9 687,788,815
050 97 06 2.6 905,867,821
050 97 07 2.6 784,757,744
050 97 06 2.6 735,715,684
050 97 03 2.6 634,582,522
050 97 00 2.6 463,406,349
050 97 00 2.6 297,248,205
050 97 02 2.6 163,120,80
050 97 01 2.6 37,0,0
050 97 01 2.6 0,0,0
050 97 00 2.6 0,166,445
050 97 07 2.6 691,827,884
050 97 03 2.9 899,1027,1001
050 97 07 2.9 959,920,893
050 97 08 2.9 877,861,836
050 97 06 2.9 798,743,684
050 97 00 2.9 620,561,510
050 97 00 2.9 463,417,370
050 97 00 2.9 321,276,233
050 97 00 2.9 192,153,112
050 97 00 2.9 72,34,13
050 97 00 2.9 82,276,563
050 97 03 2.9 827,992,1066
051 97 07 3.0 1092,1092,1056
051 97 06 3.0 1013,976,949
051 97 06 3.0 940,927,904
051 97 07 3.0 866,814,760
051 97 00 3.0 702,648,594
051 97 00 3.0 548,498,456
051 97 00 3.0 406,365,317
051 97 01 3.0 268,218,170
051 97 00 3.0 130,88,52
051 97 00 3.0 63,183,431
051 97 03 3.0 713,925,1036
051 97 05 2.9 1082,1101,1039
051 97 06 2.9 1003,961,932
051 97 07 2.9 925,921,913
051 97 08 2.9 888,847,796
051 97 02 2.9 742,694,649
051 97 00 2.9 610,567,531
051 97 00 2.9 488,450,405
051 97 00 2.9 366,321,280
051 97 01 2.9 230,185,141
051 97 00 2.9 131,227,443
051 97 04 2.9 716,930,1046
051 97 02 2.7 1092,1104,969
051 97 07 2.7 937,895,863
051 97 08 2.7 852,845,832
051 97 06 2.7 799,759,701
051 97 01 2.7 649,595,549
051 97 00 2.7 497,450,408
051 97 00 2.7 374,336,293
051 97 00 2.7 252,212,173
051 97 02 2.7 125,77,35
051 97 01 2.7 33,133,362
051 97 04 2.7 647,878,1006
051 97 04 2.7 1070,1104,1107
051 97 07 3.0 1057,1010,973
051 97 05 3.0 949,949,938
051 97 08 3.0 911,861,808
051 97 01 3.0 757,705,657
051 97 00 3.0 608,561,517
051 97 00 3.0 473,428,384
051 97 00 3.0 340,298,248
051 97 00 3.0 205,158,117
051 97 00 3.0 76,79,183
051 97 00 3.0 418,699,922
051 97 04 3.0 1040,1093,1110
051 97 04 2.9 1038,1007,968
051 97 04 2.9 935,922,914
051 97 08 2.9 895,861,820
051 97 04 2.9 764,709,654
051 97 00 2.9 605,561,522
051 97 00 2.9 485,446,402
051 97 00 2.9 360,313,269
051 97 02 2.9 224,183,141
051 97 00 2.9 96,85,162
051 97 00 2.9 368,637,863
051 97 05 2.9 993,1052,1076
051 97 04 2.8 1073,961,919
051 97 05 2.8 889,880,878
051 97 07 2.8 867,833,786
051 97 03 2.8 731,675,620
051 97 00 2.8 570,526,480
051 97 00 2.8 436,391,350
051 97 00 2.8 308,261,215
051 97 01 2.8 168,125,81
051 97 01 2.8 39,11,52
051 97 00 2.8 217,490,769
051 97 05 2.8 963,1066,1123
054 97 04 3.2 1148,1156,1119
054 97 07 3.2 1083,1052,1039
054 97 08 3.2 1031,1012,977
054 97 05 3.2 932,880,826
054 97 00 3.2 771,721,671
054 97 00 3.2 631,585,545
054 97 00 3.2 500,455,409
054 97 01 3.2 355,306,252
054 97 00 3.2 209,166,126
054 97 00 3.2 88,95,220
054 97 01 3.2 476,769,996
054 97 04 3.2 1118,1186,1224
054 97 04 3.3 1239,1138,1093
054 97 05 3.3 1048,1021,1010
054 97 08 3.3 991,958,910
054 97 03 3.3 854,796,737
054 97 00 3.3 687,636,593
054 97 00 3.3 546,500,453
054 97 00 3.3 402,358,306
054 97 01 3.3 255,202,155
054 97 00 3.3 116,72,38
054 97 00 3.3 27,130,346
054 97 03 3.3 623,838,952
054 97 04 2.8 996,1004,961
054 97 05 2.8 927,882,858
054 97 05 2.8 843,841,820
054 97 04 2.8 784,732,679
054 97 01 2.8 622,565,507
054 97 00 2.8 454,405,359
054 97 00 2.8 317,275,229
054 97 02 2.8 180,134,91
054 97 01 2.8 47,2,0
054 97 01 2.8 0,0,36
054 97 01 2.8 273,569,809
054 97 05 2.8 951,1024,1059
054 97 03 3.3 1070,1138,1098
054 97 04 3.3 1057,1036,1022
054 97 05 3.3 1008,979,935
054 97 03 3.3 879,823,767
054 97 01 3.3 709,654,600
054 97 00 3.3 556,507,460
054 97 00 3.3 409,363,313
054 97 01 3.3 266,214,167
054 97 01 3.3 116,75,54
054 97 01 3.3 121,315,601
054 97 04 3.3 869,1046,1137
054 97 03 3.3 1186,1210,1141
054 97 04 3.3 1106,1059,1035
054 97 05 3.3 1020,1010,983
054 97 04 3.3 940,889,833
054 97 01 3.3 774,712,655
054 97 00 3.3 606,562,520
054 97 00 3.3 471,426,368
054 97 01 3.3 317,263,218
054 97 01 3.3 170,123,77
054 97 01 3.3 36,13,61
054 97 01 3.3 242,510,774
054 97 05 3.3 934,1007,1028
054 97 05 2.9 1011,983,944
054 97 04 2.9 916,907,904
054 97 05 2.9 894,867,826
054 97 03 2.9 768,712,655
054 97 00 2.9 607,555,509
054 97 00 2.9 466,428,386
054 97 00 2.9 336,293,245
054 97 02 2.9 208,165,121
054 97 02 2.9 78,65,157
054 97 01 2.9 374,659,897
054 97 04 2.9 1040,1112,1150
053 97 03 3.1 1160,1080,1043
053 97 05 3.1 1001,977,963
053 97 08 3.1 954,926,885
053 97 04 3.1 830,776,715
053 97 00 3.1 661,606,559
053 97 00 3.1 509,468,423
053 97 00 3.1 374,322,270
053 97 01 3.1 224,175,126
053 97 00 3.1 81,57,120
053 97 00 3.1 313,594,858
053 97 06 3.1 1031,1118,1170
053 97 04 3.2 1189,1187,1090
053 97 06 3.2 1046,1014,1001
053 97 08 3.2 989,961,921
053 97 04 3.2 870,809,744
053 97 00 3.2 686,630,583
053 97 00 3.2 535,496,449
053 97 00 3.2 403,350,298
053 97 01 3.2 242,190,140
053 97 00 3.2 94,45,3
053 97 00 3.2 18,155,413
053 97 02 3.2 696,899,1007
053 97 03 3.0 1054,1073,1061
053 97 08 3.0 1021,981,951
053 97 06 3.0 943,935,917
053 97 08 3.0 885,835,780
053 97 01 3.0 723,669,618
053 97 00 3.0 573,529,485
053 97 00 3.0 442,397,351
053 97 01 3.0 295,243,190
053 97 00 3.0 146,95,55
053 97 00 3.0 54,163,389
053 97 04 3.0 659,868,970
053 97 01 2.7 1005,1001,930
053 97 06 2.7 891,852,824
053 97 07 2.7 814,803,786
053 97 05 2.7 747,697,640
053 97 00 2.7 581,527,473
053 97 00 2.7 425,380,342
053 97 00 2.7 296,244,192
053 97 01 2.7 144,98,45
053 97 00 2.7 0,0,0
053 97 00 2.7 46,278,576
053 97 05 2.7 823,966,1040
053 97 05 3.2 1076,1089,1131
053 97 07 3.2 1095,1057,1025
053 97 07 3.2 1001,983,954
053 97 05 3.2 912,856,797
053 97 00 3.2 738,682,624
053 97 00 3.2 566,509,459
053 97 01 3.2 412,361,310
053 97 00 3.2 259,205,153
053 97 00 3.2 103,60,24
053 97 00 3.2 49,207,481
053 97 04 3.2 772,978,1087
053 97 05 3.2 1137,1150,1115
053 97 06 3.2 1080,1037,1007
053 97 07 3.2 987,972,947
053 97 05 3.2 906,851,786
053 97 00 3.2 720,660,598
053 97 00 3.2 543,492,451
053 97 01 3.2 405,360,311
053 97 01 3.2 264,213,160
053 97 00 3.2 109,56,34
053 97 00 3.2 97,301,574
053 97 05 3.2 814,937,987
053 97 08 2.7 986,928,878
053 97 05 2.7 837,808,800
053 97 06 2.7 794,780,749
053 97 03 2.7 696,636,569
053 97 00 2.7 510,451,401
053 97 00 2.7 351,312,272
053 97 00 2.7 234,187,137
053 97 01 2.7 88,41,25
053 97 00 2.7 109,325,605
053 97 07 2.7 839,974,1033
053 97 03 2.9 1055,1022,990
053 97 07 2.9 942,904,881
053 97 08 2.9 870,854,820
053 97 06 2.9 769,707,643
053 97 00 2.9 581,525,471
053 97 00 2.9 424,372,324
053 97 01 2.9 281,239,191
053 97 00 2.9 137,84,55
053 97 00 2.9 111,303,596
053 97 06 2.9 867,1043,1127
054 97 07 3.2 1175,1192,1126
054 97 06 3.2 1082,1037,1004
054 97 07 3.2 986,970,942
054 97 05 3.2 901,842,776
054 97 00 3.2 708,642,580
054 97 00 3.2 522,470,420
054 97 01 3.2 372,322,266
054 97 00 3.2 211,158,104
054 97 00 3.2 52,3,22
054 97 00 3.2 171,443,733
054 97 06 3.2 935,1042,1088
054 97 03 3.1 1099,1076,1032
054 97 05 3.1 987,963,956
054 97 07 3.1 942,915,864
054 97 03 3.1 806,741,678
054 97 00 3.1 620,565,512
054 97 00 3.1 459,410,361
054 97 01 3.1 309,256,203
054 97 00 3.1 151,95,44
054 97 00 3.1 10,55,228
054 97 01 3.1 501,773,941
054 97 04 2.9 1010,1028,1010
054 97 06 2.9 973,917,870
054 97 05 2.9 845,835,822
054 97 03 2.9 798,756,699
054 97 01 2.9 634,567,499
054 97 00 2.9 435,378,327
054 97 02 2.9 279,228,180
054 97 01 2.9 131,83,32
054 97 01 2.9 0,0,51
054 97 00 2.9 284,585,845
054 97 04 2.9 986,1053,1073
054 97 04 3.1 1070,1077,1030
054 97 06 3.1 982,951,932
054 97 06 3.1 912,876,826
054 97 02 3.1 762,692,621
054 97 00 3.1 555,495,437
054 97 01 3.1 379,322,267
054 97 00 3.1 221,173,121
054 97 00 3.1 62,8,0
054 97 00 3.1 0,106,376
054 97 02 3.1 683,911,1025
054 97 04 3.2 1074,1085,1113
054 97 07 3.2 1071,1020,976
054 97 08 3.2 945,926,906
054 97 05 3.2 868,810,740
054 97 00 3.2 667,598,530
054 97 00 3.2 469,412,358
054 97 01 3.2 303,250,198
054 97 00 3.2 147,94,42
054 97 00 3.2 0,3,137
054 97 00 3.2 401,697,910
054 97 06 3.2 1011,1047,1049
054 97 07 3.0 1033,978,918
054 97 07 3.0 879,866,850
054 97 07 3.0 824,779,724
054 97 00 3.0 656,586,518
054 97 00 3.0 458,402,345
054 97 00 3.0 293,245,200
054 97 00 3.0 148,96,80
054 97 00 3.0 171,386,660
054 97 04 3.0 881,992,1027
055 97 03 2.7 942,908,847
055 97 05 2.7 784,743,725
055 97 04 2.7 712,687,643
055 97 01 2.7 584,515,440
055 97 00 2.7 369,301,238
055 97 01 2.7 176,119,69
055 97 00 2.7 21,0,0
055 97 00 2.7 0,0,0
055 97 00 2.7 177,455,670
055 97 07 2.6 764,780,905
055 97 06 2.6 854,795,742
055 97 06 2.6 715,703,691
055 97 03 2.6 663,620,561
055 97 00 2.6 493,419,348
055 97 00 2.6 282,227,171
055 97 01 2.6 123,75,33
055 97 00 2.6 0,0,0
055 97 00 2.6 0,49,300
055 97 04 2.6 558,721,773
055 97 08 2.5 868,821,756
055 97 07 2.5 695,658,644
055 97 04 2.5 635,614,574
055 97 01 2.5 520,459,392
055 97 00 2.5 321,254,193
055 97 01 2.5 140,97,81
055 97 00 2.5 150,343,609
055 97 06 2.5 836,956,992
057 97 08 2.6 985,867,812
057 97 05 2.6 749,702,668
057 97 04 2.6 651,628,595
057 97 01 2.6 538,468,389
057 97 00 2.6 311,239,173
057 97 01 2.6 110,58,2
057 97 00 2.6 0,0,0
057 97 00 2.6 0,0,0
057 97 00 2.6 0,0,0
057 97 00 2.6 0,0,0
057 97 00 2.6 0,57,394
057 97 06 2.6 629,737,771
057 97 07 3.5 764,1229,1180
057 97 04 3.5 1130,1102,1089
057 97 05 3.5 1076,1039,990
057 97 03 3.5 924,858,783
057 97 00 3.5 721,658,602
057 97 01 3.5 544,489,432
057 97 01 3.5 381,325,276
057 97 01 3.5 220,175,127
057 97 01 3.5 91,66,122
057 97 01 3.5 304,586,844
057 97 05 2.7 993,1041,1034
057 97 05 2.7 935,881,833
057 97 04 2.7 801,788,782
057 97 04 2.7 764,733,688
057 97 02 2.7 627,563,492
057 97 00 2.7 431,366,312
057 97 01 2.7 261,218,174
057 97 02 2.7 134,93,48
057 97 01 2.7 10,15,128
057 97 01 2.7 372,655,874
058 97 04 2.8 974,1010,997
058 97 04 2.8 963,910,868
058 97 05 2.8 848,842,837
058 97 04 2.8 814,776,720
058 97 02 2.8 658,592,529
058 97 00 2.8 472,415,364
058 97 00 2.8 317,278,237
058 97 02 2.8 192,139,97
058 97 01 2.8 103,227,486
058 97 02 2.8 790,1034,1165
058 97 04 3.2 1224,1242,1141
058 97 05 3.2 1103,1053,1015
058 97 05 3.2 995,987,971
058 97 04 3.2 937,884,824
058 97 01 3.2 765,705,647
058 97 00 3.2 588,535,484
058 97 01 3.2 440,401,356
058 97 02 3.2 306,252,196
058 97 01 3.2 165,216,420
058 97 02 3.2 711,989,1163
058 97 04 3.1 1243,1273,1267
058 97 06 3.1 1074,1029,987
058 97 07 3.1 960,953,935
058 97 06 3.1 910,856,801
058 97 01 3.1 731,669,609
058 97 00 3.1 559,506,456
058 97 01 3.1 411,369,324
058 97 01 3.1 272,214,164
058 97 00 3.1 118,73,34
058 97 00 3.1 55,211,483
058 97 03 3.1 760,938,1007
059 97 05 2.8 1012,953,899
059 97 04 2.8 849,818,808
059 97 04 2.8 811,797,765
059 97 03 2.8 710,647,579
059 97 00 2.8 515,458,405
059 97 00 2.8 355,307,260
059 97 02 2.8 216,172,125
059 97 01 2.8 76,25,0
059 97 01 2.8 0,0,187
059 97 02 2.8 484,774,948
059 97 04 3.1 1029,1051,1105
059 97 06 3.1 1069,1018,976
059 97 07 3.1 955,945,931
059 97 06 3.1 906,861,802
059 97 01 3.1 731,669,609
059 97 00 3.1 550,488,431
059 97 01 3.1 386,339,289
059 97 01 3.1 234,187,136
059 97 00 3.1 82,28,37
059 97 00 3.1 180,462,777
059 97 05 3.1 1011,1129,1180
059 97 05 3.3 1192,1160,1117
059 97 06 3.3 1065,1022,997

