176927!20190925_140449!0!0
2.7!2.94!3.02!3.03!3.08!3.14!
93!52!55!601!243
496.8 3.2 37 78

052 93 00 0.5 0,0,0
052 93 00 0.5 0,0,0
052 93 03 0.5 0,42,82
052 93 06 0.6 100,107,217
052 93 04 0.6 217,211,203
052 93 03 0.6 197,190,184
052 93 02 0.6 176,170,160
052 93 02 0.6 146,131,118
052 93 01 0.6 103,95,79
052 93 01 0.6 73,63,57
052 93 01 0.6 45,30,20
052 93 01 0.6 18,41,91
052 93 03 0.6 148,192,206
052 93 04 0.5 214,195,189
052 93 03 0.5 174,163,153
052 93 02 0.5 147,136,127
052 93 02 0.5 119,108,97
052 93 01 0.5 81,67,54
052 93 01 0.5 45,39,26
052 93 01 0.5 10,0,0
052 93 01 0.5 0,0,0
052 93 01 0.5 0,4,59
052 93 03 0.5 116,149,163
052 93 04 0.5 166,167,196
052 93 03 0.5 183,169,166
052 93 02 0.5 164,164,158
052 93 02 0.5 145,128,112
052 93 02 0.5 101,90,74
052 93 01 0.5 57,39,29
052 93 01 0.5 18,14,5
052 93 01 0.5 0,0,0
052 93 01 0.5 0,0,0
052 93 02 0.5 51,108,146
052 93 04 0.5 158,158,195
052 93 03 0.5 190,178,166
052 93 02 0.5 154,149,143
052 93 02 0.5 138,130,122
052 93 02 0.5 106,93,78
052 93 01 0.5 67,59,50
052 93 01 0.5 37,24,13
052 93 01 0.5 4,0,0
052 93 01 0.5 0,0,0
052 93 01 0.5 0,38,94
052 93 04 0.5 135,152,154
052 93 03 0.5 174,163,149
052 93 02 0.5 137,130,124
052 93 02 0.5 121,114,106
052 93 02 0.5 95,81,70
052 93 01 0.5 57,51,40
052 93 01 0.5 27,13,2
052 93 01 0.5 0,0,0
052 93 01 0.5 0,0,0
052 93 01 0.5 0,0,23
052 93 03 0.5 81,124,141
053 93 04 0.6 148,148,206
053 93 03 0.6 197,184,182
053 93 02 0.6 179,178,170
053 93 02 0.6 158,147,132
053 93 02 0.6 118,105,96
053 93 01 0.6 93,83,73
053 93 01 0.6 60,49,40
053 93 01 0.6 25,17,3
053 93 01 0.6 0,0,0
053 93 01 0.6 0,47,103
053 93 03 0.6 151,181,195
053 93 04 0.6 204,217,207
053 93 03 0.6 195,188,184
053 93 02 0.6 179,175,173
053 93 02 0.6 165,148,129
053 93 01 0.6 114,106,95
053 93 01 0.6 87,77,66
053 93 01 0.6 51,36,26
053 93 01 0.6 19,8,0
053 93 01 0.6 0,0,0
053 93 01 0.6 0,30,89
053 93 03 0.6 141,176,184
053 93 04 0.6 183,202,198
053 93 03 0.6 189,185,178
053 93 02 0.6 174,167,161
053 93 02 0.6 153,147,139
053 93 02 0.6 126,116,102
053 93 01 0.6 91,85,76
053 93 01 0.6 68,51,43
053 93 01 0.6 33,23,12
053 93 01 0.6 6,0,0
053 93 01 0.6 0,41,95
053 93 03 0.6 147,174,183
054 93 04 0.5 192,183,167
054 93 03 0.5 156,153,156
054 93 02 0.5 156,150,143
054 93 02 0.5 132,120,110
054 93 01 0.5 97,83,65
054 93 01 0.5 59,51,47
054 93 01 0.5 34,22,11
054 93 01 0.5 1,0,0
054 93 01 0.5 0,0,0
054 93 02 0.5 0,46,105
054 93 04 0.5 152,177,191
054 93 04 0.6 189,221,213
054 93 03 0.6 206,193,190
054 93 02 0.6 187,183,177
054 93 02 0.6 174,163,152
054 93 02 0.6 133,118,105
054 93 01 0.6 89,79,66
054 93 01 0.6 62,57,46
054 93 01 0.6 36,22,15
054 93 01 0.6 7,3,1
054 93 01 0.6 7,39,95
054 93 03 0.6 150,185,198
054 93 04 0.6 209,220,220
054 93 03 0.6 212,201,190
054 93 02 0.6 182,179,180
054 93 02 0.6 175,161,148
054 93 02 0.6 130,118,96
054 93 01 0.6 85,71,62
054 93 01 0.6 55,44,38
054 93 01 0.6 27,21,15
054 93 01 0.6 3,0,0
054 93 01 0.6 0,0,12
054 93 02 0.6 62,114,148
054 93 04 0.5 167,174,174
054 93 03 0.5 195,184,176
054 93 02 0.5 172,171,169
054 93 02 0.5 164,162,144
054 93 02 0.5 130,111,100
054 93 01 0.5 93,83,75
054 93 01 0.5 64,55,51
054 93 01 0.5 44,35,31
054 93 01 0.5 21,18,6
054 93 01 0.5 1,9,43
054 93 03 0.5 97,151,185
054 93 04 0.5 197,202,202
054 93 03 0.5 197,187,179
054 93 03 0.5 177,178,174
054 93 02 0.5 167,156,143
054 93 02 0.5 126,113,102
054 93 01 0.5 99,85,77
054 93 01 0.5 61,57,49
054 93 01 0.5 46,35,26
054 93 01 0.5 15,12,3
054 93 01 0.5 0,0,41
054 93 03 0.5 104,163,195
054 93 04 0.5 214,232,237
054 93 04 0.6 234,229,223
054 93 03 0.6 219,221,221
054 93 02 0.6 213,202,190
054 93 02 0.6 182,166,146
054 93 01 0.6 129,116,107
054 93 01 0.6 96,87,77
054 93 01 0.6 68,63,54
054 93 01 0.6 45,31,23
054 93 01 0.6 17,26,57
054 93 03 0.6 116,173,215
054 93 04 0.6 240,256,262
054 93 04 0.6 240,229,223
054 93 03 0.6 220,218,212
054 93 02 0.6 204,194,184
054 93 02 0.6 165,148,141
054 93 02 0.6 138,132,117
054 93 01 0.6 99,88,78
054 93 01 0.6 76,71,70
054 93 01 0.6 57,46,37
054 93 01 0.6 32,38,66
054 93 02 0.6 121,171,206
054 93 04 0.5 220,229,229
054 93 03 0.5 190,183,176
054 93 02 0.5 172,163,162
054 93 02 0.5 157,150,135
054 93 02 0.5 124,109,97
054 93 01 0.5 79,71,67
054 93 01 0.5 57,50,34
054 93 01 0.5 29,18,10
054 93 01 0.5 3,0,0
054 93 01 0.5 0,0,44
054 93 03 0.5 109,168,208
054 93 04 0.5 229,238,246
054 93 05 0.7 246,265,254
054 93 04 0.7 251,247,244
054 93 03 0.7 236,228,216
054 93 02 0.7 205,190,181
054 93 01 0.7 168,157,141
054 93 00 0.7 131,122,117
054 93 00 0.7 108,97,83
054 93 00 0.7 68,56,48
054 93 00 0.7 43,43,63
054 93 02 0.7 111,175,233
054 93 07 0.7 265,280,295
054 93 06 0.7 299,256,242
054 93 07 0.7 239,236,233
054 93 04 0.7 225,217,212
054 93 02 0.7 201,188,174
054 93 00 0.7 163,157,144
054 93 00 0.7 132,118,107
054 93 00 0.7 93,81,71
054 93 00 0.7 64,49,35
054 93 00 0.7 21,11,10
054 93 00 0.7 20,52,103
054 93 07 0.7 158,199,222
054 93 08 0.6 232,240,239
054 93 06 0.6 221,207,202
054 93 03 0.6 202,205,201
054 93 03 0.6 186,169,158
054 93 02 0.6 148,143,131
054 93 01 0.6 124,111,102
054 93 00 0.6 89,75,61
054 93 00 0.6 49,45,37
054 93 00 0.6 23,9,0
054 93 00 0.6 0,0,38
054 93 03 0.6 102,165,204
054 93 06 0.6 223,235,248
054 93 07 0.7 246,249,229
054 93 05 0.7 224,220,221
054 93 04 0.7 216,211,199
054 93 01 0.7 185,166,154
054 93 00 0.7 142,132,118
054 93 00 0.7 114,101,92
054 93 00 0.7 71,64,53
054 93 00 0.7 48,34,26
054 93 00 0.7 14,1,4
054 93 01 0.7 36,104,163
054 93 08 0.7 211,230,243
054 93 08 0.7 251,251,248
054 93 04 0.7 234,226,223
054 93 03 0.7 222,220,211
054 93 02 0.7 203,190,175
054 93 01 0.7 158,144,132
054 93 00 0.7 123,114,105
054 93 00 0.7 97,79,60
054 93 00 0.7 46,38,32
054 93 00 0.7 21,11,2
054 93 00 0.7 5,30,84
054 93 04 0.7 145,191,207
054 93 06 0.6 212,212,209
054 93 03 0.6 196,181,175
054 93 03 0.6 178,178,167
054 93 02 0.6 158,152,143
054 93 02 0.6 131,113,104
054 93 01 0.6 91,75,60
054 93 01 0.6 48,40,37
054 93 01 0.6 28,20,3
054 93 01 0.6 0,0,0
054 93 01 0.6 0,43,102
054 93 03 0.6 160,193,210
054 94 04 0.6 217,223,223
054 94 03 0.6 229,219,211
054 94 03 0.6 213,205,200
054 94 02 0.6 189,181,163
054 94 02 0.6 151,136,128
054 94 01 0.6 117,106,93
054 94 01 0.6 88,76,65
054 94 01 0.6 48,40,32
054 94 01 0.6 23,9,0
054 94 01 0.6 5,38,94
054 94 03 0.6 157,205,235
055 94 04 0.7 251,260,259
055 94 05 0.7 251,241,234
055 94 04 0.7 229,221,216
055 94 02 0.7 208,198,186
055 94 01 0.7 172,165,156
055 94 00 0.7 144,121,107
055 94 00 0.7 96,86,75
055 94 00 0.7 59,51,40
055 94 00 0.7 31,18,10
055 94 00 0.7 6,15,47
055 94 03 0.7 105,162,202
055 94 06 0.7 221,230,235
055 94 05 0.6 234,218,203
055 94 03 0.6 197,200,200
055 94 02 0.6 194,185,177
055 94 02 0.6 167,153,141
055 94 02 0.6 129,122,108
055 94 01 0.6 99,82,75
055 94 01 0.6 65,58,48
055 94 01 0.6 37,26,12
055 94 01 0.6 6,6,34
055 94 02 0.6 82,144,186
055 94 04 0.6 207,218,224
055 94 04 0.6 219,209,198
055 94 03 0.6 196,193,190
055 94 02 0.6 184,177,169
055 94 02 0.6 155,140,128
055 94 02 0.6 117,101,89
055 94 01 0.6 71,64,55
055 94 01 0.6 51,43,29
055 94 01 0.6 19,5,0
055 94 01 0.6 0,0,6
055 94 02 0.6 52,112,168
055 94 04 0.6 201,223,231
054 94 04 0.7 241,239,243
054 94 03 0.7 229,217,214
054 94 03 0.7 211,205,190
054 94 02 0.7 180,165,157
054 94 02 0.7 146,138,127
054 94 01 0.7 113,97,85
054 94 01 0.7 76,65,53
054 94 01 0.7 35,24,10
054 94 01 0.7 4,0,4
054 94 02 0.7 32,89,145
054 94 04 0.7 187,203,221
054 94 04 0.6 230,232,223
054 94 03 0.6 215,208,211
054 94 03 0.6 210,205,199
054 94 02 0.6 185,177,162
054 94 02 0.6 154,140,124
054 94 01 0.6 105,91,83
054 94 01 0.6 80,74,64
054 94 01 0.6 53,39,25
054 94 01 0.6 11,2,5
054 94 02 0.6 38,95,156
054 94 04 0.6 196,211,218
054 94 04 0.6 214,208,195
054 94 03 0.6 187,184,186
054 94 02 0.6 183,175,162
054 94 02 0.6 150,136,125
054 94 01 0.6 110,100,88
054 94 01 0.6 79,71,64
054 94 01 0.6 56,40,26
054 94 01 0.6 10,6,0
054 94 01 0.6 0,0,2
054 94 02 0.6 47,113,163
054 94 04 0.6 198,216,235
054 94 04 0.7 236,250,240
054 94 03 0.7 237,232,228
054 94 03 0.7 220,212,208
054 94 02 0.7 196,185,165
054 94 02 0.7 154,137,123
054 94 01 0.7 112,104,99
054 94 01 0.7 88,75,60
054 94 01 0.7 49,39,32
054 94 01 0.7 21,9,9
054 94 02 0.7 38,96,160
054 94 04 0.7 207,234,254
054 94 04 0.7 267,267,248
054 94 04 0.7 232,224,222
054 94 03 0.7 217,214,206
054 94 02 0.7 203,190,179
054 94 01 0.7 165,148,138
054 94 01 0.7 126,117,98
054 94 00 0.7 86,76,70
054 94 00 0.7 61,48,36
054 94 00 0.7 25,15,14
054 94 01 0.7 37,82,136
054 94 05 0.7 178,206,220
054 94 05 0.6 222,208,199
054 94 03 0.6 193,188,186
054 94 02 0.6 177,164,155
054 94 02 0.6 146,139,123
054 94 01 0.6 110,93,85
054 94 01 0.6 75,71,63
054 94 01 0.6 52,36,23
054 94 01 0.6 17,9,0
054 94 01 0.6 0,0,0
054 94 02 0.6 19,75,134
054 94 04 0.6 178,201,223
053 94 04 0.7 231,234,242
053 94 03 0.7 234,229,229
053 94 03 0.7 226,218,205
053 94 02 0.7 193,183,172
053 94 02 0.7 161,143,128
053 94 01 0.7 115,102,96
053 94 01 0.7 88,80,65
053 94 01 0.7 46,36,30
053 94 01 0.7 24,13,9
053 94 01 0.7 20,60,117
053 94 03 0.7 178,218,239
053 94 04 0.6 250,243,241
053 94 03 0.6 230,220,214
053 94 02 0.6 209,204,198
053 94 02 0.6 192,179,166
053 94 02 0.6 153,144,128
053 94 01 0.6 112,95,82
053 94 01 0.6 68,62,53
053 94 01 0.6 49,37,26
053 94 01 0.6 12,4,0
053 94 01 0.6 0,0,32
053 94 03 0.6 86,140,177
053 94 04 0.5 192,197,206
053 94 03 0.5 201,191,180
053 94 03 0.5 177,174,170
053 94 02 0.5 165,157,147
053 94 02 0.5 129,116,102
053 94 01 0.5 91,82,68
053 94 01 0.5 60,46,36
053 94 01 0.5 29,21,19
053 94 01 0.5 12,4,0
053 94 01 0.5 0,0,23
053 94 03 0.5 77,139,183
053 94 04 0.6 205,216,221
053 94 04 0.6 232,220,205
053 94 03 0.6 201,196,198
053 94 02 0.6 188,180,162
053 94 02 0.6 151,137,122
053 94 01 0.6 109,95,81
053 94 01 0.6 68,60,54
053 94 01 0.6 43,32,26
053 94 01 0.6 19,10,0
053 94 01 0.6 0,0,11
053 94 02 0.6 59,117,173
053 94 04 0.6 202,221,231
053 94 04 0.7 237,245,230
053 94 03 0.7 218,212,210
053 94 02 0.7 207,200,192
053 94 02 0.7 181,166,149
053 94 01 0.7 129,116,98
053 94 01 0.7 88,74,69
053 94 01 0.7 57,51,40
053 94 01 0.7 31,19,6
053 94 01 0.7 0,0,0
053 94 01 0.7 15,63,114
053 94 03 0.7 158,185,197
053 94 04 0.5 208,201,192
053 94 03 0.5 186,182,179
053 94 02 0.5 179,172,161
053 94 02 0.5 148,134,125
053 94 01 0.5 111,106,95
053 94 01 0.5 86,70,62
053 94 01 0.5 52,46,33
053 94 01 0.5 27,15,4
053 94 01 0.5 0,0,27
053 94 02 0.5 81,134,176
053 94 04 0.6 196,208,213
053 94 04 0.6 213,201,190
053 94 03 0.6 179,180,177
053 94 02 0.6 176,165,155
053 94 02 0.6 140,124,107
053 94 01 0.6 94,87,79
053 94 01 0.6 71,62,53
053 94 01 0.6 41,28,18
053 94 01 0.6 11,0,0
053 94 01 0.6 0,22,83
053 94 03 0.6 150,190,212
053 94 04 0.7 224,237,237
053 94 04 0.7 245,232,226
053 94 03 0.7 224,224,221
053 94 02 0.7 210,187,163
053 94 01 0.7 148,137,130
053 94 01 0.7 117,109,97
053 94 01 0.7 84,74,65
053 94 01 0.7 62,52,43
053 94 01 0.7 24,13,6
053 94 01 0.7 17,55,111
053 94 03 0.7 167,204,229
053 94 04 0.6 242,247,232
053 94 03 0.6 221,211,208
053 94 03 0.6 209,209,200
053 94 02 0.6 186,168,153
053 94 02 0.6 136,125,111
053 94 01 0.6 103,92,89
053 94 01 0.6 78,75,66
053 94 01 0.6 60,51,42
053 94 01 0.6 31,24,37
053 94 02 0.6 72,117,163
054 94 04 0.5 197,215,221
054 94 04 0.5 193,185,170
054 94 02 0.5 158,156,150
054 94 02 0.5 145,131,124
054 94 02 0.5 112,106,92
054 94 01 0.5 82,67,57
054 94 01 0.5 45,36,32
054 94 01 0.5 29,22,11
054 94 01 0.5 0,0,0
054 94 01 0.5 0,11,68
054 94 03 0.5 129,173,203
054 94 04 0.6 215,222,243
054 94 04 0.6 235,230,225
054 94 03 0.6 225,216,209
054 94 02 0.6 202,193,174
054 94 02 0.6 153,134,123
054 94 01 0.6 111,104,98
054 94 01 0.6 87,76,64
054 94 01 0.6 58,47,38
054 94 01 0.6 24,14,0
054 94 01 0.6 0,0,0
054 94 01 0.6 0,0,0
054 94 01 0.6 0,0,0
054 94 01 0.6 0,0,0
054 94 01 0.6 0,0,0
054 94 01 0.6 0,0,0
054 94 01 0.6 0,0,0
054 94 01 0.6 0,0,0
054 94 01 0.6 0,0,0
054 94 01 0.6 0,0,0
054 94 03 0.6 0,0,22
054 94 04 0.7 38,50,287
054 94 06 0.7 282,273,273
054 94 05 0.7 274,271,268
054 94 04 0.7 264,256,246
054 94 02 0.7 233,221,209
054 94 01 0.7 199,193,184
054 94 01 0.7 176,167,157
054 94 00 0.7 146,135,127
054 94 00 0.7 115,109,110
054 94 01 0.7 143,191,251
054 94 06 0.7 287,310,314
054 94 05 0.5 319,313,195
054 94 03 0.5 186,180,181
054 94 02 0.5 180,183,172
054 94 02 0.5 161,144,130
054 94 02 0.5 117,106,95
054 94 01 0.5 86,75,69
054 94 01 0.5 62,55,45
054 94 01 0.5 30,20,12
054 94 01 0.5 22,55,114
054 94 03 0.5 172,210,232
054 94 04 0.7 249,260,257
054 94 04 0.7 233,218,214
054 94 03 0.7 212,213,209
054 94 02 0.7 201,188,180
054 94 02 0.7 174,168,159
054 94 02 0.7 148,140,130
054 94 01 0.7 116,105,94
054 94 01 0.7 87,80,77
054 94 01 0.7 85,113,164
054 94 03 0.7 220,265,291
054 94 04 0.6 307,315,234
054 94 04 0.6 225,209,203
054 94 03 0.6 203,200,192
054 94 02 0.6 183,177,168
054 94 02 0.6 155,144,133
054 94 02 0.6 124,113,102
054 94 01 0.6 95,87,81
054 94 01 0.6 70,59,71
054 94 02 0.6 108,169,225
054 94 04 0.6 263,285,296
055 94 04 0.6 302,240,230
055 94 03 0.6 219,219,219
055 94 03 0.6 219,211,205
055 94 02 0.6 196,177,159
055 94 01 0.6 136,126,115
055 94 01 0.6 107,102,91
055 94 01 0.6 83,71,60
055 94 01 0.6 51,62,103
055 94 03 0.6 163,218,259
055 94 04 0.7 283,299,302
055 94 04 0.7 243,228,216
055 94 03 0.7 216,219,211
055 94 02 0.7 199,183,173
055 94 02 0.7 162,152,144
055 94 01 0.7 133,120,105
055 94 01 0.7 89,78,64
055 94 01 0.7 58,43,29
055 94 01 0.7 12,6,0
055 94 01 0.7 0,23,85
055 94 03 0.7 150,200,227
055 94 04 0.6 240,241,234
055 94 03 0.6 218,207,204
055 94 03 0.6 209,207,201
055 94 02 0.6 191,177,164
055 94 02 0.6 147,132,125
055 94 01 0.6 111,105,88
055 94 01 0.6 80,66,55
055 94 01 0.6 43,33,19
055 94 01 0.6 9,0,0
055 94 01 0.6 0,20,75
055 94 03 0.6 135,180,202
055 95 04 0.6 212,223,220
055 95 03 0.6 219,200,190
055 95 02 0.6 187,185,182
055 95 02 0.6 181,172,156
055 95 02 0.6 138,115,100
055 95 01 0.6 81,75,64
055 95 01 0.6 56,40,22
055 95 01 0.6 10,2,0
055 95 01 0.6 0,0,0
055 95 01 0.6 0,0,14
055 95 03 0.6 81,141,180
055 95 04 0.7 198,209,206
055 95 05 0.7 243,232,222
055 95 04 0.7 216,209,205
055 95 02 0.7 198,186,166
055 95 01 0.7 144,126,112
055 95 00 0.7 96,79,68
055 95 00 0.7 58,47,37
055 95 00 0.7 27,16,3
055 95 00 0.7 0,0,0
055 95 00 0.7 0,0,0
055 95 01 0.7 0,43,103
055 95 06 0.7 145,170,184
055 95 05 0.6 187,230,216
055 95 03 0.6 199,188,179
055 95 02 0.6 176,170,165
055 95 02 0.6 148,129,109
055 95 01 0.6 100,91,83
055 95 01 0.6 67,55,39
055 95 01 0.6 31,17,2
055 95 01 0.6 0,0,0
055 95 01 0.6 0,0,0
055 95 01 0.6 0,0,0
055 95 02 0.6 33,86,118
055 95 04 0.5 129,133,201
055 95 03 0.5 196,186,178
055 95 02 0.5 175,170,167
055 95 02 0.5 160,149,135
055 95 01 0.5 117,105,91
055 95 01 0.5 78,69,61
055 95 01 0.5 53,42,32
055 95 01 0.5 24,13,0
055 95 01 0.5 0,0,0
055 95 01 0.5 0,0,0
055 95 02 0.5 31,75,111
055 95 03 0.5 127,135,133

