176927!20190922_135333!0!0
2.87!3.06!2.9!3.18!2.98!2.97!
96!45!55!147!147
512.4 2.99 41 95

055 96 03 3.0 768,1257,1630
055 96 08 5.1 1770,1798,1789
055 96 05 5.1 1499,1421,1338
055 96 07 5.1 1297,1299,1303
055 96 03 5.1 1274,1207,1114
055 96 01 5.1 1014,913,820
055 96 01 5.1 734,664,602
055 96 00 5.1 550,492,434
055 96 00 5.1 368,300,229
055 96 00 5.1 158,92,28
055 96 00 5.1 0,0,0
055 96 00 5.1 0,0,0
055 96 00 5.1 0,0,0
055 96 00 5.1 0,0,0
055 96 00 5.1 0,0,0
055 96 00 5.1 0,0,0
055 96 00 5.1 0,0,0
055 96 00 5.1 0,0,0
055 96 00 5.1 0,0,0
055 96 00 5.1 0,0,0
055 96 04 5.1 0,45,479
049 96 05 6.5 602,596,1995
049 96 04 6.5 1908,1820,1768
049 96 06 6.5 1767,1791,1793
049 96 05 6.5 1760,1694,1618
049 96 05 6.5 1537,1459,1381
049 96 00 6.5 1315,1256,1205
049 96 00 6.5 1152,1098,1045
049 96 00 6.5 989,930,870
049 96 00 6.5 809,760,757
049 96 00 6.5 947,1336,1764
049 96 06 4.3 2019,2064,1266
049 96 07 4.3 1176,1071,969
049 96 06 4.3 906,879,876
049 96 05 4.3 862,821,757
049 96 00 4.3 683,611,541
049 96 00 4.3 472,409,354
049 96 00 4.3 312,282,268
049 96 00 4.3 261,237,185
049 96 00 4.3 117,41,0
049 96 00 4.3 0,0,0
049 96 00 4.3 0,0,0
049 96 00 4.3 0,0,0
049 96 00 4.3 0,0,0
049 96 00 4.3 0,0,0
049 96 00 4.3 0,0,0
049 96 00 4.3 0,0,0
049 96 00 4.3 0,0,0
049 96 00 4.3 0,0,0
049 96 00 4.3 0,0,9
049 96 08 4.3 536,756,791
049 96 08 6.3 1981,1920,1840
049 96 05 6.3 1771,1746,1757
049 96 06 6.3 1775,1762,1719
049 96 06 6.3 1655,1584,1516
049 96 01 6.3 1453,1396,1341
049 96 00 6.3 1290,1248,1208
049 96 00 6.3 1162,1109,1058
049 96 01 6.3 1014,1013,1177
049 96 02 6.3 1565,2009,2309
050 96 05 4.4 2387,1354,1284
050 96 05 4.4 1188,1088,1026
050 96 07 4.4 1002,1011,1004
050 96 05 4.4 972,912,839
050 96 00 4.4 767,696,633
050 96 00 4.4 568,513,460
050 96 01 4.4 415,371,337
050 96 01 4.4 312,277,229
050 96 01 4.4 163,99,43
050 96 00 4.4 0,0,0
050 96 00 4.4 0,0,0
050 96 00 4.4 0,0,0
050 96 00 4.4 0,0,0
050 96 00 4.4 0,0,0
050 96 00 4.4 0,0,0
050 96 00 4.4 0,0,0
050 96 00 4.4 0,0,0
050 96 03 4.4 0,0,531
050 96 06 5.7 814,866,1797
050 96 05 5.7 1722,1642,1583
050 96 07 5.7 1563,1580,1603
050 96 06 5.7 1602,1566,1503
050 96 07 5.7 1439,1372,1316
050 96 00 5.7 1263,1215,1171
050 96 00 5.7 1133,1091,1048
050 96 00 5.7 999,952,918
050 96 00 5.7 968,1233,1647
050 96 03 5.7 2032,2211,2221
050 96 07 4.2 1242,1147,1041
050 96 05 4.2 962,932,938
050 96 08 4.2 945,927,882
050 96 03 4.2 818,747,679
050 96 00 4.2 611,549,490
050 96 01 4.2 441,393,347
050 96 00 4.2 300,256,211
050 96 00 4.2 192,303,643
050 96 04 4.2 1079,1423,1541
050 96 06 4.4 1535,1280,1190
050 96 05 4.4 1095,1035,1033
050 96 08 4.4 1055,1074,1051
050 96 07 4.4 998,926,851
050 96 00 4.4 778,711,648
050 96 00 4.4 596,551,508
050 96 01 4.4 464,413,360
050 96 00 4.4 306,262,298
050 96 01 4.4 543,945,1316
050 96 04 4.0 1483,1477,1146
050 96 06 4.0 1038,932,856
050 96 06 4.0 838,857,870
050 96 05 4.0 851,795,724
050 96 00 4.0 647,565,494
050 96 00 4.0 431,376,323
050 96 00 4.0 272,224,173
050 96 00 4.0 121,66,14
050 96 00 4.0 3,187,605
050 96 07 4.0 1091,1419,1524
050 96 06 5.0 1536,1512,1444
050 96 05 5.0 1353,1286,1272
050 96 01 5.0 1289,1292,1259
050 96 07 5.0 1188,1101,1007
050 96 00 5.0 925,845,778
050 96 00 5.0 717,664,608
050 96 00 5.0 555,502,452
050 96 00 5.0 396,339,281
050 96 00 5.0 256,379,759
050 96 05 5.0 1248,1631,1778
049 96 07 5.1 1800,1523,1460
049 96 06 5.1 1369,1294,1269
049 96 00 5.1 1278,1278,1247
049 96 07 5.1 1179,1091,992
049 96 00 5.1 897,808,732
049 96 00 5.1 668,609,545
049 96 00 5.1 486,432,379
049 96 00 5.1 323,266,207
049 96 00 5.1 151,107,187
049 96 02 5.1 526,1002,1408
049 96 08 4.9 1567,1584,1442
049 96 07 4.9 1368,1269,1178
049 96 07 4.9 1139,1144,1151
049 96 06 4.9 1127,1065,979
049 96 00 4.9 884,789,704
049 96 01 4.9 626,556,493
049 96 00 4.9 436,376,316
049 96 00 4.9 258,203,147
049 96 00 4.9 84,23,0
049 96 00 4.9 0,0,299
049 96 05 4.9 774,1202,1382
049 97 04 4.9 1394,1428,1347
049 97 04 4.9 1245,1156,1114
049 97 05 4.9 1118,1130,1109
049 97 03 4.9 1048,962,873
049 97 00 4.9 788,708,638
049 97 01 4.9 578,520,468
049 97 01 4.9 423,374,322
049 97 00 4.9 264,206,145
049 97 00 4.9 77,20,0
049 97 00 4.9 0,0,0
049 97 00 4.9 0,0,0
049 97 00 4.9 0,0,0
049 97 00 4.9 0,0,0
049 97 00 4.9 0,0,0
049 97 00 4.9 0,0,0
049 97 00 4.9 0,0,0
049 97 00 4.9 0,0,0
049 97 00 4.9 0,0,0
049 97 00 4.9 0,0,0
049 97 03 4.9 0,5,298
045 97 04 5.4 334,1643,1547
045 97 05 5.4 1457,1395,1360
045 97 04 5.4 1346,1336,1317
045 97 04 5.4 1282,1230,1167
045 97 01 5.4 1098,1029,965
045 97 00 5.4 903,845,789
045 97 01 5.4 742,694,646
045 97 01 5.4 591,538,487
045 97 01 5.4 450,473,669
045 97 02 5.4 1056,1462,1708
045 97 05 4.1 1750,1255,1173
045 97 05 4.1 1080,995,940
045 97 06 4.1 905,887,868
045 97 03 4.1 839,791,729
045 97 00 4.1 666,596,530
045 97 00 4.1 469,411,363
045 97 01 4.1 323,304,290
045 97 00 4.1 271,230,171
045 97 01 4.1 101,33,0
045 97 00 4.1 0,0,0
045 97 00 4.1 0,0,0
045 97 00 4.1 0,0,0
045 97 00 4.1 0,0,0
045 97 00 4.1 0,0,0
045 97 00 4.1 0,0,0
045 97 00 4.1 0,0,0
045 97 00 4.1 0,0,0
045 97 01 4.1 0,0,0
045 97 06 4.1 0,249,561
045 97 05 5.2 637,1652,1593
045 97 05 5.2 1526,1468,1441
045 97 05 5.2 1432,1438,1431
045 97 07 5.2 1412,1372,1327
045 97 04 5.2 1275,1226,1179
045 97 00 5.2 1133,1090,1053
045 97 00 5.2 1019,985,945
045 97 00 5.2 904,861,845
045 97 00 5.2 906,1130,1441
049 97 07 3.1 1707,1813,1787
049 97 05 3.1 871,783,716
049 97 04 3.1 668,644,629
049 97 03 3.1 617,589,546
049 97 01 3.1 494,440,384
049 97 00 3.1 324,271,216
049 97 00 3.1 171,126,90
049 97 02 3.1 49,23,44
049 97 01 3.1 244,638,1070
049 97 03 4.4 1345,1414,1373
049 97 05 4.4 1319,1242,1159
049 97 06 4.4 1102,1089,1094
049 97 08 4.4 1089,1058,1006
049 97 03 4.4 944,874,808
049 97 00 4.4 746,694,649
049 97 00 4.4 604,562,519
049 97 01 4.4 477,441,490
049 97 02 4.4 778,1246,1703
049 97 08 4.4 1942,2017,2031
049 97 06 5.1 1566,1499,1411
049 97 06 5.1 1359,1342,1349
049 97 04 5.1 1339,1305,1242
049 97 05 5.1 1164,1080,1005
049 97 00 5.1 936,881,829
049 97 00 5.1 784,742,698
049 97 01 5.1 652,600,555
049 97 00 5.1 553,753,1170
049 97 05 5.1 1644,1951,2052
049 97 07 5.0 2064,1494,1428
049 97 05 5.0 1344,1289,1289
049 97 02 5.0 1313,1319,1286
049 97 07 5.0 1221,1144,1057
049 97 00 5.0 977,900,831
049 97 00 5.0 768,711,656
049 97 00 5.0 604,545,491
049 97 00 5.0 432,385,402
049 97 00 5.0 644,1060,1479
049 97 05 4.5 1698,1744,1333
049 97 07 4.5 1255,1145,1055
049 97 06 4.5 1023,1041,1062
049 97 07 4.5 1043,986,901
049 97 00 4.5 805,709,620
049 97 01 4.5 548,476,413
049 97 00 4.5 352,301,252
049 97 00 4.5 196,139,77
049 97 00 4.5 23,4,187
049 97 01 4.5 619,1136,1504
049 97 07 5.6 1643,1684,1678
049 97 07 5.6 1632,1545,1465
049 97 05 5.6 1431,1443,1447
049 97 08 5.6 1417,1348,1264
049 97 02 5.6 1175,1087,1005
049 97 01 5.6 928,854,786
049 97 00 5.6 726,673,618
049 97 00 5.6 562,500,430
049 97 00 5.6 358,281,214
049 97 00 5.6 150,98,38
049 97 00 5.6 0,0,0
049 97 00 5.6 0,0,0
049 97 00 5.6 0,0,0
049 97 00 5.6 0,0,0
049 97 00 5.6 0,0,0
049 97 00 5.6 0,0,0
049 97 00 5.6 0,0,0
049 97 00 5.6 0,0,0
049 97 00 5.6 0,0,145
049 97 06 5.6 638,827,859
045 97 04 6.7 2055,1979,1880
045 97 04 6.7 1806,1777,1781
045 97 07 6.7 1777,1747,1686
045 97 07 6.7 1613,1527,1444
045 97 00 6.7 1368,1300,1235
045 97 00 6.7 1170,1108,1050
045 97 00 6.7 993,934,873
045 97 00 6.7 811,762,791
045 97 00 6.7 1039,1454,1855
045 97 02 4.3 2050,2064,1246
045 97 06 4.3 1151,1040,940
045 97 07 4.3 881,857,851
045 97 03 4.3 831,787,721
045 97 00 4.3 649,574,501
045 97 00 4.3 430,364,303
045 97 00 4.3 247,193,141
045 97 00 4.3 94,50,0
045 97 00 4.3 0,0,0
045 97 00 4.3 0,0,0
045 97 00 4.3 0,0,0
045 97 00 4.3 0,0,0
045 97 00 4.3 0,0,0
045 97 00 4.3 0,0,0
045 97 00 4.3 0,0,0
045 97 00 4.3 0,0,0
045 97 00 4.3 0,0,0
045 97 00 4.3 0,0,0
045 97 06 4.3 0,0,0
045 97 08 4.6 29,1446,1381
045 97 05 4.6 1312,1256,1221
045 97 07 4.6 1199,1185,1158
045 97 06 4.6 1128,1079,1026
045 97 01 4.6 965,901,845
045 97 00 4.6 792,741,695
045 97 00 4.6 647,607,558
045 97 01 4.6 512,494,574
045 97 02 4.6 875,1309,1711
049 97 07 4.6 1902,1938,1403
049 97 06 4.6 1336,1248,1177
049 97 05 4.6 1126,1103,1084
049 97 06 4.6 1060,1017,962
049 97 01 4.6 900,837,772
049 97 00 4.6 710,647,597
049 97 01 4.6 549,506,454
049 97 01 4.6 406,360,356
049 97 00 4.6 483,834,1277
049 97 07 4.5 1624,1748,1746
049 97 06 4.5 1339,1254,1158
049 97 06 4.5 1094,1064,1065
049 97 07 4.5 1065,1050,1009
049 97 03 4.5 953,888,826
049 97 00 4.5 763,704,644
049 97 00 4.5 587,535,483
049 97 01 4.5 428,373,322
049 97 00 4.5 321,478,838
049 97 04 4.5 1230,1488,1534
049 97 06 4.0 1171,1076,969
049 97 05 4.0 880,830,814
049 97 03 4.0 809,794,759
049 97 02 4.0 703,638,569
049 97 00 4.0 501,435,374
049 97 02 4.0 320,269,218
049 97 01 4.0 168,115,63
049 97 01 4.0 33,117,457
049 97 04 4.0 948,1393,1602
049 97 05 5.3 1656,1647,1560
049 97 07 5.3 1470,1381,1335
049 97 05 5.3 1332,1335,1319
049 97 07 5.3 1272,1200,1113
049 97 00 5.3 1024,945,876
049 97 00 5.3 812,754,701
049 97 01 5.3 649,599,546
049 97 00 5.3 491,438,424
049 97 00 5.3 610,1029,1525
049 97 05 5.3 1870,1997,2018
049 97 06 5.2 1572,1500,1407
049 97 06 5.2 1332,1313,1331
049 97 08 5.2 1340,1314,1251
049 97 04 5.2 1171,1082,999
049 97 00 5.2 922,854,788
049 97 01 5.2 733,681,629
049 97 00 5.2 571,510,452
049 97 00 5.2 390,344,380
049 97 00 5.2 650,1074,1477
049 97 05 4.5 1660,1678,1280
049 97 05 4.5 1184,1065,975
049 97 06 4.5 944,953,963
049 97 05 4.5 934,871,784
049 97 00 4.5 694,608,527
049 97 01 4.5 455,388,325
049 97 00 4.5 262,206,153
049 97 00 4.5 97,32,0
049 97 00 4.5 0,0,247
049 97 05 4.5 734,1215,1469
049 97 08 5.4 1541,1541,1589
049 97 05 5.4 1502,1408,1348
049 97 07 5.4 1338,1347,1334
049 97 07 5.4 1286,1205,1116
049 97 00 5.4 1019,932,842
049 97 01 5.4 770,700,643
049 97 00 5.4 586,528,459
049 97 00 5.4 385,310,239
049 97 00 5.4 169,101,33
049 97 00 5.4 0,0,0
049 97 00 5.4 0,0,0
049 97 00 5.4 0,0,0
049 97 00 5.4 0,0,0
049 97 00 5.4 0,0,0
049 97 00 5.4 0,0,0
049 97 00 5.4 0,0,0
049 97 00 5.4 0,0,0
049 97 00 5.4 0,0,0
049 97 00 5.4 0,0,0
049 97 05 5.4 288,579,635
049 97 07 6.2 1930,1858,1776
049 97 06 6.2 1701,1664,1657
049 97 05 6.2 1661,1649,1606
049 97 07 6.2 1544,1474,1401
049 97 00 6.2 1328,1253,1191
049 97 00 6.2 1132,1077,1017
049 97 01 6.2 960,900,837
049 97 00 6.2 776,723,709
049 97 00 6.2 806,1138,1571
049 97 04 6.2 1936,2073,2074
049 97 05 4.5 1309,1214,1109
049 97 07 4.5 1022,975,952
049 97 04 4.5 937,909,863
049 97 01 4.5 799,728,659
049 97 00 4.5 585,516,449
049 97 01 4.5 395,364,387
049 97 00 4.5 488,629,731
049 97 06 4.5 739,664,565
049 97 00 4.5 470,402,353
049 97 00 4.5 321,288,249
049 97 00 4.5 196,140,80
049 97 01 4.5 20,0,0
049 97 00 4.5 0,0,0
049 97 00 4.5 0,0,0
049 97 00 4.5 0,0,0
049 97 00 4.5 0,0,0
049 97 00 4.5 0,0,0
049 97 00 4.5 0,0,245
049 97 05 4.5 792,1068,1141
045 97 07 6.2 1942,1884,1803
045 97 05 6.2 1737,1706,1722
045 97 06 6.2 1742,1742,1709
045 97 07 6.2 1655,1594,1527
045 97 02 6.2 1459,1399,1343
045 97 00 6.2 1294,1249,1207
045 97 00 6.2 1164,1115,1063
045 97 01 6.2 1007,958,956
045 97 00 6.2 1112,1455,1847
045 97 07 4.0 2107,2166,1167
045 97 06 4.0 1069,960,875
045 97 06 4.0 832,826,828
045 97 04 4.0 813,778,718
045 97 00 4.0 648,572,502
045 97 00 4.0 441,380,329
045 97 01 4.0 275,237,222
045 97 01 4.0 249,310,359
045 97 00 4.0 367,317,238
045 97 00 4.0 153,88,46
045 97 02 4.0 17,0,0
045 97 00 4.0 0,0,0
045 97 01 4.0 0,0,0
045 97 00 4.0 0,0,0
045 97 00 4.0 0,0,0
045 97 00 4.0 0,0,0
045 97 00 4.0 0,0,0
045 97 00 4.0 0,0,0
045 97 04 4.0 263,841,1134
045 97 06 6.7 1222,1231,2085
045 97 04 6.7 2015,1942,1913
045 97 07 6.7 1922,1943,1935
045 97 05 6.7 1896,1830,1757
045 97 05 6.7 1683,1614,1550
045 97 00 6.7 1487,1432,1381
045 97 00 6.7 1336,1290,1244
045 97 00 6.7 1197,1147,1101
045 97 01 6.7 1110,1328,1753
045 97 08 6.7 2216,2503,2584
050 97 05 4.9 2573,1420,1336
050 97 04 4.9 1250,1215,1224
050 97 06 4.9 1249,1248,1210
050 97 04 4.9 1146,1061,978
050 97 00 4.9 895,824,756
050 97 00 4.9 693,638,587
050 97 01 4.9 538,480,425
050 97 00 4.9 360,300,229
050 97 00 4.9 163,98,38
050 97 00 4.9 0,0,0
050 97 00 4.9 0,0,0
050 97 00 4.9 0,0,0
050 97 00 4.9 0,0,0
050 97 00 4.9 0,0,0
050 97 00 4.9 0,0,0
050 97 00 4.9 0,0,0
050 97 00 4.9 0,0,0
050 97 01 4.9 0,0,549
050 97 05 4.9 960,1110,1156
050 97 04 7.1 1146,2183,2110
050 97 04 7.1 2072,2087,2123
050 97 05 7.1 2135,2107,2047
050 97 04 7.1 1973,1896,1821
050 97 02 7.1 1756,1698,1645
050 97 00 7.1 1595,1544,1497
050 97 00 7.1 1446,1393,1331
050 97 01 7.1 1280,1289,1525
050 97 03 7.1 1983,2484,2804
050 97 05 5.5 2918,2945,1649
050 97 05 5.5 1582,1496,1440
050 97 03 5.5 1438,1465,1474
050 97 04 5.5 1443,1379,1299
050 97 02 5.5 1214,1133,1060
050 97 00 5.5 995,935,882
050 97 01 5.5 832,786,736
050 97 01 5.5 681,620,556
050 97 00 5.5 492,422,356
050 97 00 5.5 296,246,195
050 97 00 5.5 144,89,35
050 97 00 5.5 0,0,0
050 97 00 5.5 0,0,0
050 97 00 5.5 0,0,0
050 97 00 5.5 0,0,0
050 97 00 5.5 0,0,0
050 97 00 5.5 0,0,0
050 97 00 5.5 0,0,0
050 97 03 5.5 146,728,1024
045 97 05 6.4 1085,1974,1897
045 97 03 6.4 1808,1747,1742
045 97 05 6.4 1781,1816,1816
045 97 03 6.4 1779,1716,1642
045 97 03 6.4 1566,1500,1438
045 97 00 6.4 1382,1326,1273
045 97 00 6.4 1225,1176,1129
045 97 01 6.4 1081,1032,1006
045 97 01 6.4 1126,1516,2041
045 97 03 6.4 2481,2687,2764
045 97 05 5.9 2783,1741,1666
045 97 05 5.9 1596,1571,1583
045 97 04 5.9 1596,1580,1530
045 97 05 5.9 1458,1373,1288
045 97 01 5.9 1207,1133,1067
045 97 00 5.9 1010,964,928
045 97 01 5.9 913,910,902
045 97 00 5.9 858,786,697
045 97 01 5.9 617,549,497
045 97 00 5.9 453,402,348
045 97 00 5.9 291,234,178
045 97 00 5.9 117,58,0
045 97 00 5.9 0,0,0
045 97 00 5.9 0,0,0
045 97 00 5.9 0,0,0
045 97 00 5.9 0,0,0
045 97 00 5.9 0,0,0
045 97 00 5.9 0,0,359
045 97 04 5.9 930,1200,1249
045 97 05 6.4 1955,1878,1790
045 97 05 6.4 1728,1731,1771
045 97 05 6.4 1807,1795,1746
045 97 05 6.4 1671,1589,1503
045 97 01 6.4 1425,1358,1293
045 97 00 6.4 1241,1185,1139
045 97 01 6.4 1086,1035,977
045 97 01 6.4 928,939,1181
045 97 03 6.4 1662,2194,2547
045 97 04 6.0 2685,2734,2728
045 97 06 6.0 1747,1649,1572
045 97 06 6.0 1561,1590,1612
045 97 05 6.0 1587,1526,1443
045 97 03 6.0 1351,1261,1176
045 97 00 6.0 1095,1022,968
045 97 01 6.0 952,999,1094
045 97 01 6.0 1172,1168,1080
045 97 00 6.0 964,850,761
045 97 00 6.0 690,643,599
045 97 00 6.0 551,495,433
045 97 00 6.0 368,297,225
045 97 00 6.0 155,94,32
045 97 00 6.0 0,0,0
045 97 00 6.0 0,0,0
045 97 00 6.0 0,0,0
045 97 00 6.0 0,0,0
045 97 00 6.0 0,0,466
045 97 06 6.0 1126,1498,1613
045 97 05 7.3 1636,2222,2152
045 97 04 7.3 2074,2040,2057
045 97 05 7.3 2087,2090,2050
045 97 04 7.3 1975,1883,1789
045 97 02 7.3 1705,1624,1558
045 97 00 7.3 1501,1452,1400
045 97 01 7.3 1344,1283,1225
045 97 01 7.3 1171,1205,1482
045 97 04 7.3 1949,2417,2670
045 97 05 5.4 2741,2735,1511
045 97 07 5.4 1409,1304,1256
045 97 07 5.4 1273,1303,1293
045 97 07 5.4 1235,1151,1058
045 97 00 5.4 961,869,787
045 97 01 5.4 718,658,608
045 97 00 5.4 562,520,475
045 97 00 5.4 425,359,281
045 97 00 5.4 197,121,56
045 97 00 5.4 0,0,0
045 97 00 5.4 0,0,0
045 97 00 5.4 0,0,0
045 97 00 5.4 0,0,0
045 97 00 5.4 0,0,0
045 97 00 5.4 0,0,0
045 97 00 5.4 0,0,0
045 97 00 5.4 0,0,0
045 97 00 5.4 0,0,0
045 97 05 5.4 291,668,745
046 97 07 6.4 1926,1840,1735
046 97 06 6.4 1644,1614,1639
046 97 05 6.4 1679,1683,1637
046 97 06 6.4 1568,1480,1396
046 97 00 6.4 1308,1233,1162
046 97 00 6.4 1103,1050,1002
046 97 01 6.4 950,897,837
046 97 00 6.4 779,740,817
046 97 02 6.4 1171,1689,2158
046 97 05 5.5 2365,2397,1631
046 97 07 5.5 1563,1462,1360
046 97 06 5.5 1307,1304,1316
046 97 08 5.5 1299,1242,1157
046 97 01 5.5 1059,967,877
046 97 00 5.5 794,719,653
046 97 00 5.5 606,599,667

