177628!20191003_123305!0!0
2.5!2.48!2.5!2.41!2.41!2.43!
99!86!89!0!601
418.8 2.36 32 36

089 99 00 1.2 0,0,0
089 99 00 1.2 68,188,281
089 99 07 1.2 319,316,344
089 99 06 1.2 315,283,256
089 99 03 1.2 235,219,204
089 99 01 1.2 185,165,140
089 99 00 1.2 112,87,64
089 99 00 1.2 40,15,6
089 99 00 1.2 54,154,269
088 99 06 1.1 342,363,347
088 99 07 1.1 320,288,256
088 99 03 1.1 233,217,206
088 99 02 1.1 193,173,147
088 99 00 1.1 117,90,64
088 99 00 1.1 48,27,18
088 99 00 1.1 44,129,236
088 99 06 1.1 318,348,327
088 99 07 1.1 301,267,230
088 99 03 1.1 204,186,171
088 99 01 1.1 161,139,116
088 99 00 1.1 83,55,33
088 99 00 1.1 13,0,0
088 99 00 1.1 19,123,255
088 99 07 1.1 347,388,392
088 99 08 1.3 400,370,338
088 99 05 1.3 311,293,278
088 99 02 1.3 261,241,219
088 99 01 1.3 190,161,132
088 99 00 1.3 112,93,90
088 99 00 1.3 140,253,383
088 99 07 1.3 476,515,521
087 99 08 1.4 417,393,364
087 99 06 1.4 341,322,308
087 99 03 1.4 292,272,251
087 99 01 1.4 228,204,178
087 99 00 1.4 155,131,120
087 99 00 1.4 157,263,402
087 99 07 1.4 508,557,564
087 99 06 1.4 431,408,381
087 99 06 1.4 361,343,330
087 99 03 1.4 314,292,266
087 99 01 1.4 238,217,194
087 99 00 1.4 171,146,123
087 99 00 1.4 131,202,331
087 99 06 1.4 456,522,537
087 99 08 1.4 408,388,363
087 99 06 1.4 336,315,297
087 99 03 1.4 287,274,253
087 99 01 1.4 226,195,164
087 99 00 1.4 133,105,83
087 99 00 1.4 84,144,251
087 99 04 1.4 361,418,425
087 99 08 1.1 327,298,265
087 99 04 1.1 240,216,200
087 99 02 1.1 178,155,129
087 99 00 1.1 101,73,44
087 99 00 1.1 15,0,0
087 99 00 1.1 38,142,259
087 99 07 1.2 337,361,367
087 99 07 1.2 335,300,271
087 99 03 1.2 247,229,210
087 99 01 1.2 193,172,143
087 99 00 1.2 113,76,45
087 99 00 1.2 12,20,98
087 99 02 1.2 233,361,432
087 99 08 1.5 454,436,408
087 99 07 1.5 370,336,310
087 99 03 1.5 292,278,259
087 99 01 1.5 234,206,178
087 99 00 1.5 159,138,125
087 99 00 1.5 158,253,385
087 99 07 1.5 486,536,544
087 99 08 1.4 409,386,358
087 99 06 1.4 332,312,301
087 99 03 1.4 288,269,245
087 99 01 1.4 215,190,158
087 99 00 1.4 133,118,167
087 99 01 1.4 271,397,477
086 99 08 1.3 502,370,340
086 99 06 1.3 303,269,251
086 99 03 1.3 234,223,200
086 99 01 1.3 176,146,118
086 99 00 1.3 90,66,41
086 99 00 1.3 42,95,204
086 99 04 1.3 318,382,390
086 99 08 1.2 329,296,255
086 99 03 1.2 222,195,185
086 99 01 1.2 175,159,136
086 99 00 1.2 111,87,61
086 99 00 1.2 37,15,38
086 99 00 1.2 117,235,325
086 99 07 1.1 361,356,311
086 99 06 1.1 275,233,203
086 99 02 1.1 181,168,154
086 99 00 1.1 131,103,72
086 99 00 1.1 40,10,0
086 99 00 1.1 0,35,150
086 99 04 1.1 277,357,382
087 99 08 1.3 397,361,319
087 99 04 1.3 280,254,232
087 99 01 1.3 211,188,160
087 99 00 1.3 132,101,70
087 99 00 1.3 41,16,14
087 99 00 1.3 74,188,310
087 99 07 1.3 378,392,364
087 99 07 1.3 326,283,242
087 99 02 1.3 211,190,170
087 99 00 1.3 147,117,82
087 99 00 1.3 48,13,0
087 99 00 1.3 0,0,0
087 99 00 1.3 34,153,247
087 99 07 1.2 288,281,324
087 99 06 1.2 283,239,203
087 99 01 1.2 177,161,142
087 99 00 1.2 118,90,56
087 99 00 1.2 23,0,0
087 99 00 1.2 0,0,0
087 99 00 1.2 0,78,186
087 99 06 1.1 235,232,316
087 99 05 1.1 274,233,198
087 99 01 1.1 175,159,142
087 99 00 1.1 119,93,64
087 99 00 1.1 30,0,0
087 99 00 1.1 0,0,0
087 99 00 1.1 0,38,148
087 99 06 1.1 215,229,304
087 99 06 1.1 267,225,192
087 99 02 1.1 170,154,137
087 99 00 1.1 117,93,66
087 99 00 1.1 40,11,0
087 99 00 1.1 0,0,0
087 99 00 1.1 3,109,214
087 99 07 1.1 263,266,307
087 99 06 1.1 270,230,193
087 99 01 1.1 165,147,130
087 99 00 1.1 112,83,57
087 99 00 1.1 25,0,0
087 99 00 1.1 0,0,0
087 99 00 1.1 35,164,261
087 99 07 1.3 303,301,362
087 99 07 1.3 334,298,264
087 99 02 1.3 235,213,196
087 99 00 1.3 174,150,123
087 99 00 1.3 94,64,35
087 99 00 1.3 7,0,43
087 99 01 1.3 151,280,363
087 99 08 1.3 394,386,361
087 99 06 1.3 325,291,259
087 99 02 1.3 235,212,200
087 99 00 1.3 178,155,123
087 99 00 1.3 96,70,43
087 99 00 1.3 18,17,72
087 99 01 1.3 185,301,373
088 99 08 1.2 388,368,341
088 99 06 1.2 306,270,241
088 99 02 1.2 223,205,189
088 99 00 1.2 169,146,120
088 99 00 1.2 93,64,40
088 99 00 1.2 15,9,54
088 99 01 1.2 160,280,358
088 99 08 1.2 381,363,333
088 99 06 1.2 296,262,235
088 99 02 1.2 218,205,190
088 99 01 1.2 174,153,131
088 99 00 1.2 105,78,51
088 99 00 1.2 28,28,78
088 99 01 1.2 187,302,367
088 99 08 1.1 372,330,300
088 99 05 1.1 266,234,210
088 99 02 1.1 195,182,169
088 99 01 1.1 147,123,93
088 99 00 1.1 69,43,20
088 99 00 1.1 14,55,158
088 99 04 1.1 276,362,388
088 99 08 1.2 370,344,311
088 99 05 1.2 276,252,234
088 99 02 1.2 220,196,176
088 99 00 1.2 147,122,96
088 99 00 1.2 72,48,28
088 99 00 1.2 53,144,275
088 99 06 1.2 381,430,438
088 99 08 1.3 396,368,333
088 99 05 1.3 303,286,271
088 99 02 1.3 258,237,213
088 99 00 1.3 183,153,125
088 99 00 1.3 103,78,75
088 99 00 1.3 134,250,376
088 99 07 1.3 452,477,471
088 99 08 1.3 375,345,312
088 99 04 1.3 288,270,260
088 99 02 1.3 248,230,204
088 99 00 1.3 176,146,122
088 99 00 1.3 91,62,59
088 99 00 1.3 117,232,353
088 99 07 1.3 428,443,376
088 99 07 1.3 344,312,278
088 99 03 1.3 262,247,235
088 99 02 1.3 213,193,166
088 99 00 1.3 143,117,94
088 99 00 1.3 68,45,35
088 99 00 1.3 78,177,296
088 99 07 1.2 375,397,355
088 99 07 1.2 330,302,270
088 99 03 1.2 248,230,215
088 99 01 1.2 198,181,159
088 99 00 1.2 134,106,82
088 99 00 1.2 56,31,7
088 99 00 1.2 26,104,221
088 99 05 1.2 316,357,360
088 99 07 1.2 334,304,264
088 99 03 1.2 233,215,203
088 99 01 1.2 191,170,145
088 99 00 1.2 114,86,64
088 99 00 1.2 40,17,0
088 99 00 1.2 19,106,228
088 99 06 1.2 329,369,377
088 99 08 1.3 369,341,302
088 99 04 1.3 269,245,230
088 99 02 1.3 212,192,167
088 99 00 1.3 143,116,83
088 99 00 1.3 47,16,0
088 99 00 1.3 16,102,228
088 99 06 1.3 334,382,387
088 99 08 1.3 375,349,316
088 99 04 1.3 286,258,238
088 99 02 1.3 217,197,168
088 99 00 1.3 141,108,80
088 99 00 1.3 47,20,0
088 99 00 1.3 0,34,140
088 99 03 1.3 260,338,362
088 99 08 1.2 371,340,305
088 99 04 1.2 272,246,222
088 99 01 1.2 202,183,165
088 99 00 1.2 142,114,80
088 99 00 1.2 49,18,0
088 99 00 1.2 0,0,53
088 99 01 1.2 168,266,311
087 99 08 1.1 308,318,286
087 99 04 1.1 246,216,191
087 99 01 1.1 180,169,149
087 99 00 1.1 118,81,50
087 99 00 1.1 23,0,0
087 99 00 1.1 0,0,0
087 99 00 1.1 51,161,242
087 99 07 1.1 269,320,287
087 99 05 1.1 246,211,186
087 99 01 1.1 166,153,136
087 99 00 1.1 121,93,67
087 99 00 1.1 39,14,0
087 99 00 1.1 0,0,0
087 99 00 1.1 73,183,259
087 99 07 1.1 280,316,287
087 99 05 1.1 250,213,185
087 99 01 1.1 164,150,135
087 99 00 1.1 117,89,57
087 99 00 1.1 30,7,0
087 99 00 1.1 0,0,63
087 99 02 1.1 183,286,338
086 99 08 1.2 345,369,341
086 99 06 1.2 305,270,243
086 99 02 1.2 228,211,191
086 99 00 1.2 166,142,119
086 99 00 1.2 92,66,44
086 99 00 1.2 56,131,252
086 99 06 1.2 363,422,430
086 99 08 1.3 372,344,313
086 99 04 1.3 282,257,240
086 99 02 1.3 224,203,174
086 99 00 1.3 146,121,99
086 99 00 1.3 74,49,54
086 99 00 1.3 120,233,343
086 99 07 1.2 399,409,347
086 99 07 1.2 322,292,260
086 99 03 1.2 236,214,200
086 99 01 1.2 180,157,128
086 99 00 1.2 99,74,49
086 99 00 1.2 26,11,52
086 99 00 1.2 144,258,333
086 99 08 1.1 358,333,306
086 99 06 1.1 269,240,216
086 99 02 1.1 199,184,165
086 99 00 1.1 142,116,90
086 99 00 1.1 63,39,15
086 99 00 1.1 0,5,72
086 99 02 1.1 176,274,318
086 99 08 1.1 318,300,267
086 99 04 1.1 230,201,185
086 99 02 1.1 175,165,141
086 99 00 1.1 118,90,67
086 99 00 1.1 42,21,3
086 99 00 1.1 2,55,158
086 99 04 1.1 269,328,334
086 99 07 1.1 312,282,245
086 99 03 1.1 216,193,176
086 99 01 1.1 165,149,130
086 99 00 1.1 103,74,50
086 99 00 1.1 27,5,2
086 99 00 1.1 56,167,288
087 99 07 1.2 361,381,374
087 99 07 1.2 351,321,288
087 99 03 1.2 260,238,220
087 99 01 1.2 200,176,148
087 99 00 1.2 118,90,62
087 99 00 1.2 40,23,62
087 99 00 1.2 159,286,373
087 99 08 1.2 398,363,338
087 99 06 1.2 307,270,238
087 99 02 1.2 216,203,184
087 99 01 1.2 158,127,95
087 99 00 1.2 63,35,13
087 99 00 1.2 0,0,19
087 99 00 1.2 123,235,303
087 99 08 1.1 316,326,300
087 99 05 1.1 262,230,202
087 99 01 1.1 184,164,144
087 99 00 1.1 118,90,58
087 99 00 1.1 33,7,0
087 99 00 1.1 0,0,0
087 99 00 1.1 68,186,263
086 99 07 1.1 284,327,294
086 99 05 1.1 255,218,193
086 99 01 1.1 171,157,142
086 99 00 1.1 123,101,75
086 99 00 1.1 48,22,0
086 99 00 1.1 0,0,0
086 99 00 1.1 77,187,265
086 99 07 1.1 290,319,289
086 99 05 1.1 246,209,177
086 99 01 1.1 164,150,138
086 99 00 1.1 113,88,60
086 99 00 1.1 35,10,0
086 99 00 1.1 0,0,50
086 99 02 1.1 166,270,326
086 99 08 1.2 327,341,306
086 99 05 1.2 266,228,201
086 99 01 1.2 191,176,158
086 99 00 1.2 129,103,73
086 99 00 1.2 44,20,0
086 99 00 1.2 2,61,174
086 99 05 1.2 292,359,375
087 99 08 1.2 368,339,302
087 99 04 1.2 267,240,225
087 99 02 1.2 205,187,160
087 99 00 1.2 135,110,87
087 99 00 1.2 63,38,18
087 99 00 1.2 38,117,238
087 99 06 1.2 338,385,388
087 99 08 1.2 352,318,281
087 99 04 1.2 248,226,206
087 99 01 1.2 190,170,150
087 99 00 1.2 122,99,71
087 99 00 1.2 47,22,13
087 99 00 1.2 61,161,277
087 99 07 1.1 348,367,342
087 99 07 1.1 312,275,237
087 99 03 1.1 213,197,184
087 99 01 1.1 165,143,119
087 99 00 1.1 94,68,43
087 99 00 1.1 16,0,5
087 99 00 1.1 73,183,283
086 99 07 1.1 332,338,323
086 99 06 1.1 287,248,218
086 99 02 1.1 200,188,174
086 99 01 1.1 157,135,110
086 99 00 1.1 88,64,44
086 99 00 1.1 20,14,65
086 99 01 1.1 168,275,333
086 99 08 1.1 344,314,283
086 99 05 1.1 241,208,187
086 99 02 1.1 177,163,142
086 99 00 1.1 117,96,72
086 99 00 1.1 47,23,2
086 99 00 1.1 2,60,171
086 99 05 1.1 291,358,380
086 99 08 1.2 377,354,320
086 99 05 1.2 285,256,234
086 99 02 1.2 213,194,173
086 99 00 1.2 151,129,106
086 99 00 1.2 81,51,41
086 99 00 1.2 91,205,333
087 99 07 1.3 417,442,394
087 99 08 1.3 371,341,309
087 99 04 1.3 279,261,245
087 99 02 1.3 223,195,162
087 99 00 1.3 135,110,92
087 99 00 1.3 71,55,68
087 99 00 1.3 145,261,363
087 99 07 1.2 414,419,347
087 99 07 1.2 315,277,244
087 99 03 1.2 219,206,190
087 99 01 1.2 165,134,108
087 99 00 1.2 83,55,27
087 99 00 1.2 3,0,0
087 99 00 1.2 70,190,291
087 99 07 1.2 335,327,322
087 99 06 1.2 286,251,219
087 99 02 1.2 197,181,165
087 99 00 1.2 143,114,85
087 99 00 1.2 59,34,15
087 99 00 1.2 0,0,0
087 99 00 1.2 52,160,256
087 99 07 1.1 293,286,289
087 99 05 1.1 253,216,182
087 99 02 1.1 159,145,136
087 99 00 1.1 121,97,69
087 99 00 1.1 42,16,0
087 99 00 1.1 0,0,20
087 99 01 1.1 123,231,295
087 99 08 1.1 304,329,293
087 99 05 1.1 252,213,189
087 99 01 1.1 170,154,131
087 99 00 1.1 112,86,57
087 99 00 1.1 29,4,0
087 99 00 1.1 0,15,116
087 99 04 1.1 236,320,348
087 99 08 1.2 371,345,310
087 99 05 1.2 272,242,221
087 99 02 1.2 205,188,164
087 99 00 1.2 139,111,86
087 99 00 1.2 63,39,19
087 99 00 1.2 47,135,260
087 99 06 1.2 354,393,391
087 99 08 1.2 348,316,277
087 99 04 1.2 249,229,215
087 99 01 1.2 195,172,149
087 99 00 1.2 127,102,80
087 99 00 1.2 49,30,37
087 99 00 1.2 108,215,313
087 99 07 1.1 362,367,321
087 99 06 1.1 284,249,218
087 99 02 1.1 198,178,164
087 99 00 1.1 148,124,98
087 99 00 1.1 71,49,29
087 99 00 1.1 5,0,41
087 99 01 1.1 139,248,311
087 99 08 1.1 326,313,283
087 99 05 1.1 243,212,190
087 99 02 1.1 180,168,154
087 99 01 1.1 135,110,87
087 99 00 1.1 62,42,19
087 99 00 1.1 9,42,131
087 99 03 1.1 236,310,328
087 99 08 1.0 309,274,231
087 99 05 1.0 193,171,160
087 99 00 1.0 148,130,106
087 99 00 1.0 80,53,28
087 99 00 1.0 5,0,0
087 99 00 1.0 29,134,249
087 99 08 1.2 321,336,349
087 99 07 1.2 321,289,250
087 99 03 1.2 220,197,182
087 99 01 1.2 162,139,113
087 99 00 1.2 84,56,27
087 99 00 1.2 6,0,46
087 99 01 1.2 143,259,333
087 99 08 1.2 355,350,318
087 99 06 1.2 283,246,216
087 99 02 1.2 193,174,159
087 99 00 1.2 139,114,87
087 99 00 1.2 59,32,6
087 99 00 1.2 0,9,89
087 99 02 1.2 204,299,337
087 99 08 1.1 330,315,277
087 99 04 1.1 238,204,181
087 99 01 1.1 165,146,120
087 99 00 1.1 97,75,51
087 99 00 1.1 24,0,0
087 99 00 1.1 0,3,96
087 99 03 1.1 205,272,283
087 99 08 1.0 294,260,224
087 99 04 1.0 193,172,153
087 99 00 1.0 139,117,100
087 99 00 1.0 75,52,26
087 99 00 1.0 3,0,0
087 99 00 1.0 0,32,134
087 99 06 0.9 219,249,284
087 99 08 0.9 257,224,189
087 99 02 0.9 162,143,131
087 99 00 0.9 117,96,70
087 99 00 0.9 44,22,2
087 99 00 0.9 0,0,0
087 99 00 0.9 34,145,244
087 99 08 1.1 286,284,304
087 99 08 1.1 273,231,201
087 99 02 1.1 177,158,138
087 99 00 1.1 113,94,70
087 99 00 1.1 48,24,0
087 99 00 1.1 0,0,42
087 99 02 1.1 153,259,312
087 99 08 1.1 317,328,291
087 99 07 1.1 251,217,196
087 99 01 1.1 175,155,133
087 99 00 1.1 111,86,56
087 99 00 1.1 33,9,0
087 99 00 1.1 0,15,113
087 99 04 1.1 224,293,308
087 99 08 1.1 313,279,238
087 99 04 1.1 205,176,157
087 99 00 1.1 138,124,100
087 99 00 1.1 73,42,17
087 99 00 1.1 0,0,0
087 99 00 1.1 0,12,117
087 99 05 1.0 218,259,256
087 99 08 1.0 284,250,213
087 99 03 1.0 182,158,144
087 99 00 1.0 131,114,88
087 99 00 1.0 62,35,12
087 99 00 1.0 0,0,0
087 99 00 1.0 0,50,152
087 99 07 1.0 222,243,280
087 99 08 1.0 244,204,171
087 99 01 1.0 149,137,127
087 99 00 1.0 110,91,69
087 99 00 1.0 46,27,4
087 99 00 1.0 0,0,0
087 99 00 1.0 68,172,247
089 99 08 1.0 267,289,257
089 99 07 1.0 218,184,159
089 99 00 1.0 144,131,115
089 99 00 1.0 96,73,48
089 99 00 1.0 21,0,0
089 99 00 1.0 0,0,92
089 99 04 1.0 208,283,310
089 99 08 1.1 334,313,275
089 99 06 1.1 239,211,192
089 99 01 1.1 175,157,138
089 99 00 1.1 116,89,66
089 99 00 1.1 40,17,1
089 99 00 1.1 37,129,241
089 99 07 1.1 320,344,333
089 99 08 1.1 306,274,245
089 99 04 1.1 219,198,184
089 99 00 1.1 166,143,120
089 99 00 1.1 96,74,47
089 99 00 1.1 25,7,21
089 99 00 1.1 89,196,285
089 99 08 1.0 323,317,284
089 99 07 1.0 247,212,183
089 99 01 1.0 167,152,139
089 99 00 1.0 116,93,66
089 99 00 1.0 45,23,4
089 99 00 1.0 0,0,0
089 99 00 1.0 87,194,268
089 99 08 1.0 285,304,271
089 99 07 1.0 230,194,171
089 99 00 1.0 161,151,141
089 99 00 1.0 122,96,70
089 99 00 1.0 49,32,14
089 99 00 1.0 0,13,83
089 99 03 1.0 183,264,292
089 99 08 1.0 288,262,230
089 99 06 1.0 192,171,156
089 99 01 1.0 143,124,106
089 99 00 1.0 84,62,38
089 99 00 1.0 17,0,0
089 99 00 1.0 0,37,143
089 99 06 1.0 252,317,329
089 99 08 1.1 343,312,280
089 99 04 1.1 244,220,204
089 99 02 1.1 192,174,149
089 99 00 1.1 126,103,79
089 99 00 1.1 55,32,17
089 99 00 1.1 47,132,247
089 99 06 1.1 332,368,362
089 99 07 1.1 318,285,253
089 99 03 1.1 229,207,191
089 99 01 1.1 175,157,132
089 99 00 1.1 104,78,55
089 99 00 1.1 33,11,0
089 99 00 1.1 13,89,204
088 99 05 1.1 295,332,326
088 99 07 1.1 310,278,244
088 99 03 1.1 213,196,184
088 99 01 1.1 168,145,123
088 99 00 1.1 102,77,51
088 99 00 1.1 25,1,0
088 99 00 1.1 0,0,83
088 99 02 1.1 189,273,300
088 99 08 1.1 325,294,257
088 99 04 1.1 223,201,184
088 99 01 1.1 171,156,142
088 99 00 1.1 125,100,73
088 99 00 1.1 44,26,8
088 99 00 1.1 0,0,22
088 99 01 1.1 122,224,284
088 99 07 1.0 289,290,258
088 99 07 1.0 224,196,174
088 99 01 1.0 164,154,136
088 99 00 1.0 116,92,72
088 99 00 1.0 47,28,7
088 99 00 1.0 0,0,8
088 99 01 1.0 98,215,295
087 99 08 1.1 323,321,330
087 99 08 1.1 303,268,241
087 99 03 1.1 222,208,190
087 99 00 1.1 170,148,125
087 99 00 1.1 100,78,59
087 99 00 1.1 39,26,46
087 99 00 1.1 125,236,331
087 99 08 1.1 373,377,335
087 99 08 1.1 311,279,252

