177628!20190912_151254!0!0
2.48!2.57!2.5!2.51!2.54!2.44!
99!30!70!11!590
406.8 2.45 54 58

030 70 06 1.4 160,186,194
030 70 07 1.2 348,336,323
030 70 04 1.2 314,300,286
030 70 02 1.2 272,259,242
030 70 01 1.2 221,201,184
030 70 00 1.2 167,148,131
030 70 00 1.2 114,98,82
030 70 00 1.2 70,59,45
030 70 00 1.2 28,15,28
030 70 00 1.2 81,160,239
030 70 06 1.2 292,323,337
070 99 08 1.1 341,320,312
070 99 06 1.1 309,308,314
070 99 05 1.1 318,325,327
070 99 04 1.1 326,321,313
070 99 03 1.1 311,309,314
070 99 03 1.1 321,333,348
070 99 03 1.1 377,408,436
070 99 05 1.1 456,477,527
070 99 07 1.1 627,757,859
070 99 06 2.1 905,909,598
070 99 03 2.1 597,587,570
070 99 07 2.1 539,512,495
070 99 04 2.1 493,500,508
070 99 04 2.1 512,510,500
070 99 03 2.1 478,448,411
070 99 00 2.1 379,348,319
070 99 00 2.1 292,276,267
070 99 00 2.1 262,248,233
070 99 00 2.1 249,321,436
070 99 06 2.1 536,592,610
070 99 08 1.3 370,337,281
070 99 04 1.3 223,172,148
070 99 00 1.3 136,131,117
070 99 00 1.3 102,91,82
070 99 00 1.3 71,60,49
070 99 00 1.3 36,15,0
070 99 00 1.3 0,0,0
070 99 00 1.3 0,0,0
070 99 00 1.3 0,0,0
070 99 02 1.3 32,95,138
066 99 07 1.0 156,158,266
066 99 07 1.0 245,221,202
066 99 03 1.0 185,173,157
066 99 00 1.0 136,109,82
066 99 00 1.0 56,36,14
066 99 00 1.0 0,0,0
066 99 00 1.0 0,0,0
066 99 00 1.0 0,0,0
066 99 00 1.0 0,0,17
066 99 06 1.0 95,144,170
066 99 08 1.2 179,177,315
066 99 08 1.2 299,281,265
066 99 04 1.2 251,236,222
066 99 01 1.2 203,186,168
066 99 00 1.2 149,138,120
066 99 00 1.2 110,93,81
066 99 00 1.2 60,37,22
066 99 00 1.2 8,0,0
066 99 00 1.2 48,136,220
066 99 08 1.2 288,326,349
066 99 08 1.3 354,352,330
066 99 05 1.3 306,286,269
066 99 03 1.3 251,233,216
066 99 01 1.3 193,172,151
066 99 00 1.3 136,117,93
066 99 00 1.3 74,55,44
066 99 00 1.3 29,16,0
066 99 00 1.3 0,0,0
066 99 00 1.3 44,135,215
066 99 07 1.3 268,293,304
063 99 08 1.2 303,334,315
063 99 05 1.2 295,278,260
063 99 02 1.2 242,226,206
063 99 01 1.2 191,171,149
063 99 00 1.2 126,103,84
063 99 00 1.2 61,42,20
063 99 00 1.2 3,0,0
063 99 00 1.2 0,0,0
063 99 00 1.2 41,127,192
063 99 06 1.2 235,256,261
063 99 07 1.1 318,302,283
063 99 04 1.1 260,246,231
063 99 02 1.1 214,192,174
063 99 00 1.1 156,135,113
063 99 00 1.1 92,75,59
063 99 00 1.1 41,20,0
063 99 00 1.1 0,0,0
063 99 00 1.1 0,0,38
063 99 02 1.1 122,182,216
063 99 07 1.0 227,225,275
063 99 07 1.0 254,237,219
063 99 03 1.0 208,189,174
063 99 00 1.0 160,147,132
063 99 00 1.0 112,89,63
063 99 00 1.0 38,16,0
063 99 00 1.0 0,0,0
063 99 00 1.0 0,0,0
063 99 00 1.0 40,119,173
063 99 08 1.0 205,217,223
063 99 08 1.0 284,268,246
063 99 05 1.0 227,210,194
063 99 01 1.0 187,174,164
063 99 00 1.0 142,128,107
063 99 00 1.0 87,66,46
063 99 00 1.0 32,10,0
063 99 00 1.0 0,0,0
063 99 00 1.0 0,35,118
063 99 06 1.0 184,230,256
063 99 08 1.1 271,273,302
063 99 08 1.1 280,257,243
063 99 04 1.1 232,221,204
063 99 01 1.1 187,171,153
063 99 00 1.1 135,118,103
063 99 00 1.1 87,73,57
063 99 00 1.1 40,25,7
063 99 00 1.1 0,0,0
063 99 00 1.1 40,116,191
063 99 07 1.1 239,267,282
065 99 08 1.1 288,296,276
065 99 07 1.1 254,237,228
065 99 03 1.1 212,198,179
065 99 00 1.1 166,148,132
065 99 00 1.1 118,103,87
065 99 00 1.1 64,49,33
065 99 00 1.1 21,1,0
065 99 00 1.1 0,0,0
065 99 00 1.1 41,123,195
065 99 08 1.1 239,263,271
065 99 08 1.1 267,296,276
065 99 06 1.1 256,243,236
065 99 03 1.1 227,214,196
065 99 00 1.1 179,161,147
065 99 00 1.1 133,116,98
065 99 00 1.1 86,73,60
065 99 00 1.1 42,25,9
065 99 00 1.1 0,0,28
065 99 01 1.1 99,171,229
065 99 08 1.1 262,279,281
065 99 08 1.0 280,261,239
065 99 05 1.0 230,218,206
065 99 02 1.0 192,175,159
065 99 00 1.0 140,125,110
065 99 00 1.0 95,75,60
065 99 00 1.0 42,29,12
065 99 00 1.0 0,0,0
065 99 00 1.0 0,0,0
065 99 01 1.0 73,163,227
065 99 08 1.0 268,286,289
064 99 08 1.2 345,331,316
064 99 07 1.2 298,284,268
064 99 03 1.2 254,240,225
064 99 00 1.2 208,190,172
064 99 00 1.2 153,133,117
064 99 00 1.2 101,90,68
064 99 00 1.2 52,28,13
064 99 00 1.2 0,0,1
064 99 00 1.2 61,149,234
064 99 08 1.2 289,321,333
064 99 08 1.2 338,342,329
064 99 08 1.2 312,302,291
064 99 05 1.2 282,268,251
064 99 01 1.2 231,211,193
064 99 00 1.2 177,164,144
064 99 00 1.2 128,106,91
064 99 00 1.2 72,58,41
064 99 00 1.2 24,8,0
064 99 00 1.2 17,75,165
064 99 06 1.2 243,299,333
064 99 08 1.2 347,352,345
064 99 06 1.2 331,315,305
064 99 04 1.2 293,278,264
064 99 02 1.2 251,238,224
064 99 01 1.2 207,190,170
064 99 00 1.2 153,136,119
064 99 00 1.2 102,84,69
064 99 00 1.2 55,33,15
064 99 00 1.2 20,67,151
064 99 04 1.2 234,300,335
063 99 08 1.2 351,353,334
063 99 06 1.2 321,308,293
063 99 04 1.2 283,269,253
063 99 02 1.2 237,220,205
063 99 01 1.2 185,168,153
063 99 00 1.2 135,119,99
063 99 00 1.2 82,61,41
063 99 00 1.2 25,6,0
063 99 00 1.2 0,0,15
063 99 01 1.2 98,194,274
063 99 08 1.2 321,348,364
063 99 08 1.4 364,392,376
063 99 06 1.4 364,345,328
063 99 03 1.4 313,301,290
063 99 02 1.4 273,262,237
063 99 01 1.4 223,200,188
063 99 00 1.4 169,153,140
063 99 00 1.4 122,105,84
063 99 00 1.4 73,51,36
063 99 00 1.4 28,70,152
063 99 03 1.4 254,333,384
063 99 08 1.4 416,433,436
063 99 08 1.4 395,378,363
063 99 05 1.4 356,347,331
063 99 03 1.4 314,301,287
063 99 01 1.4 270,254,239
063 99 00 1.4 217,198,180
063 99 00 1.4 167,147,130
063 99 00 1.4 111,93,78
063 99 00 1.4 62,47,30
063 99 00 1.4 46,102,199
063 99 05 1.4 289,359,404
060 99 08 1.4 431,439,402
060 99 07 1.4 391,377,366
060 99 05 1.4 354,345,335
060 99 03 1.4 325,313,296
060 99 02 1.4 282,259,240
060 99 00 1.4 220,208,193
060 99 00 1.4 177,159,140
060 99 00 1.4 125,109,95
060 99 00 1.4 77,70,91
060 99 00 1.4 154,244,329
060 99 07 1.4 390,427,443
060 99 08 1.3 443,361,349
060 99 06 1.3 337,328,316
060 99 03 1.3 304,292,273
060 99 02 1.3 256,239,229
060 99 01 1.3 214,197,176
060 99 00 1.3 161,145,127
060 99 00 1.3 108,93,81
060 99 00 1.3 62,43,28
060 99 00 1.3 37,85,171
060 99 04 1.3 269,348,401
060 99 08 1.3 431,451,451
060 99 08 1.5 415,396,380
060 99 05 1.5 367,357,349
060 99 03 1.5 336,324,308
060 99 02 1.5 292,274,258
060 99 00 1.5 239,224,206
060 99 00 1.5 188,169,151
060 99 00 1.5 136,118,101
060 99 00 1.5 83,70,77
060 99 00 1.5 124,215,314
060 99 07 1.5 398,452,485
059 99 08 1.5 504,507,433
059 99 07 1.5 419,406,391
059 99 05 1.5 383,373,361
059 99 03 1.5 342,326,314
059 99 01 1.5 300,287,270
059 99 00 1.5 255,237,219
059 99 00 1.5 201,184,168
059 99 00 1.5 153,136,117
059 99 00 1.5 105,105,144
059 99 01 1.5 218,317,406
059 99 08 1.5 464,497,512
059 99 08 1.4 516,408,397
059 99 07 1.4 387,376,368
059 99 04 1.4 358,345,332
059 99 03 1.4 322,308,290
059 99 01 1.4 274,262,249
059 99 00 1.4 229,213,193
059 99 00 1.4 181,161,150
059 99 00 1.4 132,114,97
059 99 00 1.4 100,146,233
059 99 04 1.4 335,415,463
059 99 08 1.4 488,502,501
059 99 08 1.4 394,383,374
059 99 05 1.4 371,365,357
059 99 04 1.4 341,326,312
059 99 02 1.4 302,285,268
059 99 01 1.4 250,234,216
059 99 00 1.4 199,181,165
059 99 00 1.4 151,136,119
059 99 00 1.4 105,102,141
059 99 01 1.4 216,314,403
059 99 08 1.4 468,509,530
059 99 08 1.5 535,430,417
059 99 07 1.5 404,396,389
059 99 04 1.5 377,358,339
059 99 02 1.5 327,312,296
059 99 01 1.5 275,259,244
059 99 00 1.5 226,210,187
059 99 00 1.5 170,152,140
059 99 00 1.5 123,107,88
059 99 00 1.5 90,131,219
059 99 04 1.5 327,422,486
059 99 08 1.5 524,546,552
059 99 08 1.6 463,449,437
059 99 04 1.6 430,421,412
059 99 03 1.6 396,383,367
059 99 02 1.6 350,332,314
059 99 01 1.6 297,276,260
059 99 01 1.6 242,226,206
059 99 01 1.6 190,172,155
059 99 00 1.6 136,121,110
059 99 00 1.6 116,167,262
059 99 03 1.6 372,462,518
059 99 06 1.6 550,564,567
059 99 06 1.6 449,435,423
059 99 04 1.6 417,410,401
059 99 03 1.6 387,372,356
059 99 02 1.6 341,322,305
059 99 01 1.6 285,268,250
059 99 01 1.6 235,221,206
059 99 01 1.6 187,168,146
059 99 00 1.6 126,109,92
059 99 00 1.6 107,164,263
059 99 03 1.6 365,443,493
058 99 06 1.6 519,528,431
058 99 05 1.6 419,404,393
058 99 04 1.6 387,379,369
058 99 03 1.6 353,338,318
058 99 02 1.6 301,282,266
058 99 01 1.6 249,228,212
058 99 01 1.6 194,179,163
058 99 00 1.6 145,128,108
058 99 00 1.6 87,72,91
058 99 01 1.6 158,263,367
058 99 05 1.6 444,493,518
058 99 06 1.6 528,453,444
058 99 05 1.6 429,419,409
058 99 03 1.6 403,392,378
058 99 02 1.6 363,343,324
058 99 02 1.6 304,284,267
058 99 01 1.6 249,234,217
058 99 01 1.6 201,177,155
058 99 00 1.6 134,121,102
058 99 00 1.6 87,89,140
058 99 01 1.6 232,342,428
058 99 06 1.6 483,517,533
058 99 06 1.6 533,440,430
058 99 04 1.6 422,414,407
058 99 03 1.6 397,385,368
058 99 02 1.6 354,334,318
058 99 02 1.6 297,279,258
058 99 01 1.6 240,223,205
058 99 01 1.6 188,172,154
058 99 00 1.6 133,115,97
058 99 00 1.6 85,101,167
058 99 02 1.6 272,376,452
058 99 06 1.6 498,524,534
057 99 06 1.6 531,434,420
057 99 04 1.6 409,403,395
057 99 03 1.6 387,368,351
057 99 02 1.6 333,321,304
057 99 01 1.6 290,274,257
057 99 01 1.6 236,214,196
057 99 00 1.6 179,163,146
057 99 00 1.6 129,108,93
057 99 00 1.6 94,139,227
057 99 03 1.6 330,413,464
057 99 06 1.5 491,504,409
057 99 05 1.5 397,383,371
057 99 04 1.5 366,357,349
057 99 03 1.5 336,321,303
057 99 02 1.5 284,266,250
057 99 01 1.5 235,215,199
057 99 01 1.5 182,165,144
057 99 00 1.5 125,105,88
057 99 00 1.5 69,52,52
057 99 00 1.5 96,186,295
057 99 04 1.5 382,440,475
057 99 06 1.6 495,500,442
057 99 05 1.6 427,414,405
057 99 04 1.6 392,379,364
057 99 02 1.6 354,340,325
057 99 02 1.6 304,282,262
057 99 01 1.6 245,227,207
057 99 01 1.6 189,173,154
057 99 00 1.6 136,119,103
057 99 00 1.6 82,71,93
057 99 01 1.6 165,271,371
057 99 05 1.6 444,487,512
057 99 06 1.6 519,445,435
057 99 04 1.6 422,413,402
057 99 04 1.6 396,383,371
057 99 02 1.6 354,337,318
057 99 02 1.6 302,285,266
057 99 01 1.6 248,228,209
057 99 01 1.6 190,173,156
057 99 00 1.6 137,119,102
057 99 00 1.6 82,72,100
057 99 01 1.6 177,283,377
057 99 05 1.6 444,484,509
057 99 06 1.6 515,436,415
057 99 04 1.6 397,384,376
057 99 03 1.6 365,354,341
057 99 02 1.6 325,308,287
057 99 02 1.6 266,247,231
057 99 01 1.6 215,193,171
057 99 00 1.6 153,136,121
057 99 00 1.6 100,82,59
057 99 00 1.6 42,39,82
057 99 01 1.6 169,272,354
057 99 05 1.6 405,436,451
057 99 05 1.5 414,401,383
057 99 04 1.5 365,353,343
057 99 03 1.5 335,319,303
057 99 02 1.5 285,266,244
057 99 01 1.5 224,206,190
057 99 01 1.5 174,154,131
057 99 00 1.5 106,88,68
057 99 00 1.5 52,30,11
057 99 00 1.5 4,36,115
057 99 02 1.5 219,312,374
057 99 05 1.5 408,424,428
056 99 05 1.5 418,405,385
056 99 04 1.5 371,352,337
056 99 02 1.5 321,304,287
056 99 02 1.5 266,247,223
056 99 01 1.5 207,190,174
056 99 01 1.5 151,125,106
056 99 00 1.5 85,70,52
056 99 00 1.5 34,13,0
056 99 00 1.5 17,81,182
056 99 03 1.5 284,363,409
056 99 06 1.6 436,442,438
056 99 05 1.6 423,411,399
056 99 04 1.6 387,370,357
056 99 02 1.6 341,330,310
056 99 02 1.6 294,272,253
056 99 01 1.6 235,216,197
056 99 01 1.6 176,154,139
056 99 00 1.6 121,104,79
056 99 00 1.6 60,42,45
056 99 00 1.6 89,179,286
056 99 04 1.6 374,431,462
056 99 06 1.6 478,480,427
056 99 04 1.6 408,395,389
056 99 03 1.6 382,371,358
056 99 02 1.6 340,320,297
056 99 01 1.6 279,266,252
056 99 01 1.6 232,211,189
056 99 00 1.6 170,149,132
056 99 00 1.6 114,98,81
056 99 00 1.6 69,87,150
056 99 02 1.6 251,346,413
056 99 05 1.6 449,467,468
056 99 05 1.5 389,374,365
056 99 04 1.5 357,349,333
056 99 03 1.5 318,300,286
056 99 02 1.5 267,249,229
056 99 01 1.5 208,186,167
056 99 01 1.5 152,139,123
056 99 00 1.5 106,84,66
056 99 00 1.5 49,42,71
056 99 01 1.5 149,260,357
056 99 05 1.5 428,476,503
056 99 06 1.7 510,459,449
056 99 05 1.7 437,431,421
056 99 04 1.7 412,402,389
056 99 02 1.7 373,357,339
056 99 02 1.7 326,314,299
056 99 01 1.7 283,263,244
056 99 01 1.7 223,203,186
056 99 00 1.7 169,155,150
056 99 01 1.7 187,268,380
056 99 04 1.7 477,546,590
056 99 06 1.8 620,631,478
056 99 06 1.8 466,453,444
056 99 04 1.8 434,427,416
056 99 03 1.8 405,391,378
056 99 02 1.8 361,343,325
056 99 01 1.8 307,295,280
056 99 01 1.8 266,246,226
056 99 01 1.8 212,195,182
056 99 00 1.8 161,161,205
056 99 01 1.8 293,398,484
056 99 06 1.8 543,579,593
056 99 06 1.6 591,424,411
056 99 04 1.6 403,396,391
056 99 03 1.6 380,368,347
056 99 02 1.6 333,316,300
056 99 02 1.6 276,257,241
056 99 01 1.6 228,211,192
056 99 01 1.6 173,156,136
056 99 00 1.6 120,99,90
056 99 00 1.6 105,169,267
056 99 03 1.6 360,425,460
056 99 06 1.4 477,480,380
056 99 04 1.4 365,347,335
056 99 03 1.4 324,317,299
056 99 02 1.4 282,263,246
056 99 02 1.4 226,206,186
056 99 01 1.4 167,146,126
056 99 00 1.4 105,83,65
056 99 00 1.4 47,29,8
056 99 00 1.4 0,0,40
056 99 01 1.4 134,239,324
056 99 05 1.4 375,407,420
056 99 06 1.6 422,421,402
056 99 04 1.6 384,373,362
056 99 03 1.6 348,333,318
056 99 02 1.6 298,276,257
056 99 01 1.6 236,214,191
056 99 01 1.6 170,151,130
056 99 00 1.6 111,89,67
056 99 00 1.6 44,24,4
056 99 00 1.6 4,45,134
056 99 02 1.6 239,324,377
056 99 05 1.6 406,419,421
056 99 05 1.6 407,390,370
056 99 03 1.6 357,344,332
056 99 02 1.6 315,298,277
056 99 02 1.6 257,232,209
056 99 01 1.6 187,168,147
056 99 00 1.6 125,104,81
056 99 00 1.6 60,39,21
056 99 00 1.6 2,0,0
056 99 00 1.6 23,106,203
056 99 04 1.6 282,330,357
056 99 05 1.4 366,375,358
056 99 04 1.4 337,323,308
056 99 03 1.4 293,279,263
056 99 02 1.4 246,226,208
056 99 01 1.4 187,167,146
056 99 01 1.4 125,105,83
056 99 00 1.4 68,46,24
056 99 00 1.4 0,0,0
056 99 00 1.4 0,43,134
056 99 03 1.4 221,283,309
056 99 05 1.3 317,337,324
056 99 06 1.3 306,292,277
056 99 03 1.3 266,255,241
056 99 02 1.3 224,202,184
056 99 00 1.3 163,144,124
056 99 00 1.3 109,91,70
056 99 00 1.3 50,32,15
056 99 00 1.3 0,0,0
056 99 00 1.3 0,65,160
056 99 05 1.3 231,271,286
057 99 07 1.2 284,310,287
057 99 05 1.2 269,256,244
057 99 03 1.2 231,218,205
057 99 01 1.2 186,166,144
057 99 00 1.2 126,105,87
057 99 00 1.2 66,46,25
057 99 00 1.2 8,0,0
057 99 00 1.2 0,0,0
057 99 00 1.2 28,129,220
057 99 07 1.2 275,305,316
057 99 08 1.4 315,372,354
057 99 05 1.4 334,322,305
057 99 03 1.4 295,276,258
057 99 01 1.4 235,210,188
057 99 00 1.4 166,143,123
057 99 00 1.4 104,81,58
057 99 00 1.4 33,13,0
057 99 00 1.4 0,0,0
057 99 00 1.4 0,0,0
057 99 00 1.4 0,98,213
057 99 07 1.4 297,350,379
057 99 07 1.8 390,494,479
057 99 05 1.8 460,439,423
057 99 03 1.8 406,391,372
057 99 02 1.8 352,329,307
057 99 01 1.8 284,265,240
057 99 01 1.8 215,187,167
057 99 00 1.8 144,120,96
057 99 00 1.8 72,52,26
057 99 00 1.8 3,0,20
057 99 00 1.8 103,215,323
057 99 05 1.8 400,446,470
057 99 06 1.8 474,476,455
057 99 04 1.8 432,410,394
057 99 03 1.8 376,360,340
057 99 02 1.8 322,298,275
057 99 01 1.8 248,225,202
057 99 00 1.8 179,155,128
057 99 00 1.8 101,76,56
057 99 00 1.8 39,16,0
057 99 00 1.8 0,0,22
057 99 01 1.8 119,225,311
057 99 05 1.8 365,394,406
057 99 05 1.6 438,420,395
057 99 04 1.6 373,353,334
057 99 02 1.6 316,301,280
057 99 02 1.6 257,230,203
057 99 01 1.6 178,155,128
057 99 00 1.6 105,79,59
057 99 00 1.6 37,18,0
057 99 00 1.6 0,0,0
057 99 00 1.6 0,0,91
057 99 03 1.6 193,268,313
057 99 05 1.5 332,336,401
057 99 04 1.5 382,356,333
057 99 03 1.5 317,304,283
057 99 02 1.5 263,236,211
057 99 01 1.5 182,159,140
057 99 00 1.5 119,102,81
057 99 00 1.5 62,37,14
057 99 00 1.5 0,0,0
057 99 00 1.5 0,0,0
057 99 00 1.5 0,46,147
057 99 04 1.5 225,271,295
057 99 05 1.4 298,374,351
057 99 04 1.4 324,308,292
057 99 02 1.4 285,267,249
057 99 02 1.4 226,212,191
057 99 01 1.4 172,149,132
057 99 01 1.4 114,96,78
057 99 00 1.4 62,40,21

