177628!20190924_152105!0!0
2.53!2.48!2.47!2.53!2.5!2.51!
97!58!65!0!122
415.8 2.49 61 72

065 99 00 1.1 0,0,71
065 99 06 1.1 155,213,245
065 99 08 1.1 257,257,309
065 99 07 1.1 283,260,243
065 99 03 1.1 230,208,185
065 99 00 1.1 159,140,123
065 99 00 1.1 105,83,62
065 99 00 1.1 39,20,0
065 99 00 1.1 0,0,0
065 99 00 1.1 0,0,0
065 99 00 1.1 3,90,166
065 99 08 1.1 218,249,254
065 99 08 1.1 328,306,288
065 99 06 1.1 268,254,240
065 99 02 1.1 227,211,192
065 99 00 1.1 173,154,134
065 99 00 1.1 113,93,78
065 99 00 1.1 60,39,14
065 99 00 1.1 0,0,0
065 99 00 1.1 20,88,162
065 99 07 0.9 218,244,253
065 99 08 0.9 262,241,219
065 99 05 0.9 202,186,168
065 99 01 0.9 148,132,116
065 99 00 0.9 101,83,68
065 99 00 0.9 52,38,19
065 99 00 0.9 2,0,0
065 99 00 0.9 0,0,0
065 99 00 0.9 4,84,165
065 99 08 0.9 224,260,274
065 99 08 1.1 277,311,287
065 99 06 1.1 263,244,236
065 99 03 1.1 223,207,187
065 99 00 1.1 167,149,130
065 99 00 1.1 110,90,72
065 99 00 1.1 54,43,30
065 99 00 1.1 14,0,8
065 99 00 1.1 59,142,224
065 99 08 1.1 282,309,317
065 99 08 1.1 313,296,274
065 99 06 1.1 255,242,231
065 99 02 1.1 215,195,174
065 99 00 1.1 157,142,123
065 99 00 1.1 107,82,63
065 99 00 1.1 52,49,51
065 99 00 1.1 49,53,72
065 99 02 1.1 135,241,378
065 99 06 1.1 510,614,660
065 99 06 2.0 590,533,491
065 99 07 2.0 489,508,521
065 99 07 2.0 515,513,523
065 99 06 2.0 549,566,567
065 99 05 2.0 545,518,500
065 99 02 2.0 491,481,462
065 99 01 2.0 445,431,422
065 99 01 2.0 435,483,566
065 99 06 2.0 647,710,740
065 98 08 1.1 754,324,308
065 98 06 1.1 278,250,224
065 98 02 1.1 207,195,182
065 98 01 1.1 163,143,122
065 98 00 1.1 101,82,68
065 98 00 1.1 56,45,29
065 98 00 1.1 13,0,0
065 98 00 1.1 0,45,117
065 98 04 1.1 179,220,229
065 98 06 0.8 224,217,192
065 98 02 0.8 167,152,136
065 98 02 0.8 125,112,96
065 98 01 0.8 72,48,28
065 98 01 0.8 12,0,0
065 98 00 0.8 0,0,0
065 98 00 0.8 0,0,0
065 98 00 0.8 0,0,57
065 98 03 0.8 124,168,191
065 98 04 1.0 196,299,280
065 98 05 1.0 259,236,222
065 98 02 1.0 207,191,171
065 98 01 1.0 155,139,121
065 98 00 1.0 100,79,63
065 98 00 1.0 45,32,14
065 98 00 1.0 2,0,0
065 98 00 1.0 2,69,161
065 98 06 1.0 236,281,298
065 98 08 1.1 301,314,299
065 98 05 1.1 281,264,248
065 98 03 1.1 234,224,212
065 98 01 1.1 197,182,166
065 98 00 1.1 150,129,113
065 98 00 1.1 101,90,78
065 98 00 1.1 57,42,26
065 98 00 1.1 32,71,148
065 98 04 1.1 237,303,338
065 98 08 1.1 349,349,310
065 98 06 1.1 289,266,249
065 98 03 1.1 233,218,202
065 98 02 1.1 189,169,148
065 98 00 1.1 128,113,96
065 98 00 1.1 78,58,45
065 98 00 1.1 32,20,2
065 98 00 1.1 0,0,0
065 98 01 1.1 63,155,234
064 98 07 1.1 278,298,302
064 98 07 1.1 319,300,277
064 98 04 1.1 263,248,236
064 98 02 1.1 221,203,184
064 98 01 1.1 166,151,134
064 98 00 1.1 113,100,83
064 98 00 1.1 70,51,40
064 98 00 1.1 27,13,7
064 98 00 1.1 32,99,182
064 98 06 1.1 249,284,295
064 98 07 1.0 286,270,251
064 98 06 1.0 231,217,205
064 98 02 1.0 192,177,160
064 98 00 1.0 144,125,110
064 98 00 1.0 92,77,62
064 98 00 1.0 45,30,11
064 98 00 1.0 1,0,0
064 98 00 1.0 0,21,101
064 98 06 1.0 189,254,286
064 98 08 1.1 298,322,313
064 98 08 1.1 292,273,253
064 98 04 1.1 241,223,207
064 98 00 1.1 189,176,157
064 98 00 1.1 138,121,106
064 98 00 1.1 92,77,61
064 98 00 1.1 43,29,16
064 98 00 1.1 6,17,71
064 98 03 1.1 162,248,308
064 98 08 1.1 330,339,336
064 98 08 1.1 316,296,270
064 98 05 1.1 258,244,235
064 98 02 1.1 220,204,184
064 98 00 1.1 165,145,132
064 98 00 1.1 114,99,81
064 98 00 1.1 68,52,36
064 98 00 1.1 17,3,3
064 98 00 1.1 42,117,205
064 98 07 1.0 268,298,308
064 98 08 1.0 302,286,265
064 98 06 1.0 246,231,217
064 98 02 1.0 207,192,174
064 98 00 1.0 154,138,119
064 98 00 1.0 103,83,71
064 98 00 1.0 51,36,17
064 98 00 1.0 6,0,0
064 98 00 1.0 0,0,24
064 98 03 1.0 107,188,235
064 98 08 1.0 255,257,287
064 98 08 1.0 270,248,229
064 98 04 1.0 215,208,197
064 98 01 1.0 180,159,143
064 98 00 1.0 131,114,99
064 98 00 1.0 79,67,49
064 98 00 1.0 35,22,10
064 98 00 1.0 0,0,0
064 98 00 1.0 15,85,169
064 98 07 1.0 232,266,276
064 98 08 1.0 291,275,258
064 98 06 1.0 238,221,206
064 98 02 1.0 197,186,167
064 98 00 1.0 142,118,99
064 98 00 1.0 83,66,50
064 98 00 1.0 37,23,11
064 98 00 1.0 0,0,0
064 98 00 1.0 0,0,0
064 98 01 1.0 51,137,204
064 98 08 1.0 239,250,250
064 98 08 1.0 288,270,250
064 98 05 1.0 234,219,204
064 98 02 1.0 187,174,162
064 98 00 1.0 146,127,109
064 98 00 1.0 96,79,60
064 98 00 1.0 40,28,17
064 98 00 1.0 6,0,0
064 98 00 1.0 0,0,56
064 98 04 1.0 140,208,249
064 98 08 1.0 263,263,282
064 98 08 1.0 259,236,221
064 98 03 1.0 209,196,180
064 98 00 1.0 164,146,129
064 98 00 1.0 116,99,81
064 98 00 1.0 65,51,40
064 98 00 1.0 26,11,0
064 98 00 1.0 0,0,0
064 98 00 1.0 12,83,167
064 98 08 0.9 222,250,255
064 98 08 0.9 276,259,238
064 98 06 0.9 219,205,200
064 98 02 0.9 191,178,161
064 98 00 0.9 144,129,114
064 98 00 0.9 98,79,60
064 98 00 0.9 46,37,28
064 98 00 0.9 11,0,0
064 98 00 0.9 0,33,112
064 98 06 0.9 193,250,270
064 98 08 1.0 274,281,271
064 98 07 1.0 252,240,223
064 98 03 1.0 213,197,182
064 98 01 1.0 166,150,135
064 98 00 1.0 119,101,87
064 98 00 1.0 72,60,47
064 98 00 1.0 33,21,7
064 98 00 1.0 0,1,48
064 98 03 1.0 129,216,280
064 98 08 1.1 315,327,328
064 98 08 1.1 313,293,272
064 98 05 1.1 256,248,240
064 98 03 1.1 228,210,195
064 98 00 1.1 177,163,146
064 98 00 1.1 131,119,105
064 98 00 1.1 96,82,71
064 98 00 1.1 55,42,31
064 98 00 1.1 41,93,178
064 98 07 1.1 260,308,329
064 98 08 1.0 336,301,282
064 98 07 1.0 263,245,231
064 98 03 1.0 218,203,190
064 98 00 1.0 173,158,141
064 98 00 1.0 122,111,99
064 98 00 1.0 84,66,51
064 98 00 1.0 37,24,10
064 98 00 1.0 0,0,0
064 98 00 1.0 20,98,185
064 98 08 1.0 246,272,278
064 98 08 1.0 295,279,261
064 98 06 1.0 247,239,227
064 98 03 1.0 213,196,178
064 98 00 1.0 161,144,130
064 98 00 1.0 115,108,96
064 98 00 1.0 85,66,50
064 98 00 1.0 36,26,17
064 98 00 1.0 7,19,62
064 98 03 1.0 139,213,262
064 97 08 0.9 281,282,264
064 97 08 0.9 245,224,207
064 97 04 0.9 197,189,181
064 97 02 0.9 164,145,128
064 97 00 0.9 114,94,79
064 97 00 0.9 62,50,29
064 97 00 0.9 18,7,0
064 97 00 0.9 0,0,0
064 97 00 0.9 0,0,55
064 97 05 0.9 146,214,253
063 97 08 1.1 267,269,311
063 97 08 1.1 291,270,254
063 97 04 1.1 245,234,222
063 97 01 1.1 208,194,175
063 97 00 1.1 159,139,123
063 97 00 1.1 104,89,76
063 97 00 1.1 64,53,39
063 97 00 1.1 26,13,0
063 97 00 1.1 0,25,96
063 97 05 1.1 180,248,286
063 97 08 1.0 303,301,301
063 97 08 1.0 285,266,251
063 97 04 1.0 239,230,216
063 97 01 1.0 201,182,165
063 97 00 1.0 147,132,116
063 97 00 1.0 101,87,71
063 97 00 1.0 56,41,30
063 97 00 1.0 13,0,0
063 97 00 1.0 0,0,16
063 97 02 1.0 88,167,223
063 97 08 1.0 254,267,264
063 97 08 1.0 279,258,240
063 97 05 1.0 224,210,198
063 97 02 1.0 186,171,156
063 97 00 1.0 137,120,105
063 97 00 1.0 91,75,62
063 97 00 1.0 45,27,9
063 97 00 1.0 0,0,0
063 97 00 1.0 0,0,0
063 97 01 1.0 50,132,195
062 97 08 0.9 228,241,242
062 97 08 0.9 272,249,232
062 97 05 0.9 218,215,203
062 97 02 0.9 190,173,158
062 97 00 0.9 143,126,114
062 97 00 0.9 103,89,74
062 97 00 0.9 56,41,29
062 97 00 0.9 13,0,0
062 97 00 0.9 0,0,22
062 97 02 0.9 90,176,238
062 97 08 1.0 267,278,275
062 97 08 1.0 283,265,248
062 97 05 1.0 233,222,213
062 97 02 1.0 204,190,174
062 97 00 1.0 156,141,125
062 97 00 1.0 108,95,83
062 97 00 1.0 70,55,39
062 97 00 1.0 27,13,4
062 97 00 1.0 0,0,39
062 97 03 1.0 113,201,259
062 97 08 1.0 293,301,304
062 97 08 1.0 301,283,267
062 97 06 1.0 253,245,235
062 97 03 1.0 227,212,191
062 97 00 1.0 169,153,142
062 97 00 1.0 129,118,104
062 97 00 1.0 91,76,61
062 97 00 1.0 49,35,21
062 97 00 1.0 8,0,22
062 97 01 1.0 82,170,244
061 97 08 1.0 286,302,305
061 97 08 1.0 297,281,266
061 97 06 1.0 253,240,225
061 97 03 1.0 209,194,177
061 97 00 1.0 162,147,133
061 97 00 1.0 118,107,94
061 97 00 1.0 82,71,59
061 97 00 1.0 43,29,13
061 97 00 1.0 2,0,0
061 97 00 1.0 23,90,173
061 97 07 1.0 237,270,281
061 97 08 1.0 281,284,268
061 97 07 1.0 250,241,230
061 97 03 1.0 218,205,194
061 97 00 1.0 175,155,140
061 97 00 1.0 131,122,110
061 97 00 1.0 96,81,70
061 97 00 1.0 60,48,38
061 97 00 1.0 26,15,8
061 97 00 1.0 31,93,174
061 97 07 1.0 240,273,284
061 97 08 0.9 273,263,249
061 97 07 0.9 234,224,212
061 97 03 0.9 202,188,173
061 97 00 0.9 155,139,123
061 97 00 0.9 109,93,80
061 97 00 0.9 67,57,45
061 97 00 0.9 33,20,9
061 97 00 0.9 0,0,0
061 97 00 0.9 0,47,127
061 97 07 0.9 204,254,281
061 97 08 1.0 288,310,297
061 97 08 1.0 277,267,252
061 97 04 1.0 243,225,214
061 97 01 1.0 200,185,167
061 97 00 1.0 151,137,126
061 97 00 1.0 112,98,81
061 97 00 1.0 67,54,41
061 97 00 1.0 26,17,5
061 97 00 1.0 2,19,76
061 97 04 1.0 155,225,266
061 97 08 1.0 287,291,291
061 97 08 1.0 278,263,244
061 97 05 1.0 228,216,206
061 97 02 1.0 196,180,162
061 97 00 1.0 142,129,114
061 97 00 1.0 102,90,77
061 97 00 1.0 62,44,31
061 97 00 1.0 21,10,0
061 97 00 1.0 0,0,0
061 97 00 1.0 41,122,193
061 97 08 1.0 238,260,264
061 99 08 1.0 291,276,259
061 99 06 1.0 241,227,213
061 99 03 1.0 203,192,181
061 99 01 1.0 166,148,134
061 99 00 1.0 122,108,91
061 99 00 1.0 74,64,54
061 99 00 1.0 42,29,20
061 99 00 1.0 7,0,0
061 99 00 1.0 20,85,162
060 99 07 0.9 218,244,252
060 99 08 0.9 259,244,223
060 99 05 0.9 207,197,191
060 99 03 0.9 184,171,156
060 99 00 0.9 138,123,107
060 99 00 0.9 92,77,64
060 99 00 0.9 53,43,32
060 99 00 0.9 14,0,0
060 99 00 0.9 0,0,0
060 99 00 0.9 0,49,134
060 99 07 0.9 197,233,248
060 99 08 1.0 254,295,280
060 99 07 1.0 262,245,233
060 99 03 1.0 222,211,198
060 99 01 1.0 183,167,149
060 99 00 1.0 133,122,109
060 99 00 1.0 98,84,70
060 99 00 1.0 55,40,23
060 99 00 1.0 8,0,0
060 99 00 1.0 0,6,74
060 99 05 1.0 157,226,262
060 99 08 1.0 277,280,293
060 99 08 1.0 279,262,248
060 99 04 1.0 234,224,213
060 99 02 1.0 202,186,171
060 99 00 1.0 157,140,124
060 99 00 1.0 110,95,81
060 99 00 1.0 62,46,30
060 99 00 1.0 16,5,0
060 99 00 1.0 0,0,0
060 99 00 1.0 45,120,192
060 99 08 0.9 232,248,253
060 99 08 0.9 269,255,238
060 99 06 0.9 226,214,198
060 99 02 0.9 184,173,159
060 99 00 0.9 142,128,117
060 99 00 0.9 103,83,66
060 99 00 0.9 50,42,27
060 99 00 0.9 16,0,0
060 99 00 0.9 0,0,0
060 99 00 0.9 0,41,126
060 99 07 0.9 196,229,238
060 99 08 0.9 240,273,257
060 99 07 0.9 236,223,216
060 99 03 0.9 204,193,181
060 99 01 0.9 168,154,136
060 99 00 0.9 120,107,93
060 99 00 0.9 82,70,60
060 99 00 0.9 47,34,22
060 99 00 0.9 10,0,0
060 99 00 0.9 5,64,144
060 99 07 0.9 211,249,261
060 99 08 0.9 263,266,247
060 99 07 0.9 231,220,212
060 99 03 0.9 206,195,180
060 99 00 0.9 157,140,125
060 99 00 0.9 112,96,83
060 99 00 0.9 70,56,43
060 99 00 0.9 32,21,8
060 99 00 0.9 0,0,0
060 99 00 0.9 0,35,113
060 99 06 0.9 190,247,271
059 99 08 1.0 276,296,285
059 99 08 1.0 271,251,238
059 99 04 1.0 224,216,202
059 99 01 1.0 192,176,161
059 99 00 1.0 142,125,110
059 99 00 1.0 98,87,72
059 99 00 1.0 59,47,35
059 99 00 1.0 25,12,0
059 99 00 1.0 0,0,39
059 99 03 1.0 109,188,245
059 99 08 1.0 277,286,295
059 99 08 1.0 286,272,256
059 99 06 1.0 241,227,214
059 99 02 1.0 200,185,167
059 99 00 1.0 149,135,120
059 99 00 1.0 109,96,85
059 99 00 1.0 69,56,45
059 99 00 1.0 31,16,1
059 99 00 1.0 0,0,0
059 99 00 1.0 4,61,140
059 99 07 1.0 211,251,264
059 99 08 0.9 277,267,252
059 99 07 0.9 236,222,210
059 99 03 0.9 200,187,172
059 99 01 0.9 160,142,127
059 99 00 0.9 112,97,86
059 99 00 0.9 72,61,50
059 99 00 0.9 38,27,16
059 99 00 0.9 6,0,0
059 99 00 0.9 0,12,73
059 99 05 0.9 152,212,246
059 99 08 0.9 254,254,253
059 99 07 0.9 235,214,201
059 99 03 0.9 194,187,176
059 99 01 0.9 160,146,129
059 99 00 0.9 115,102,91
059 99 00 0.9 82,70,61
059 99 00 0.9 46,35,22
059 99 00 0.9 15,2,0
059 99 00 0.9 0,27,95
059 99 06 0.9 173,233,266
059 99 08 0.9 276,281,267
059 99 08 0.9 254,242,226
059 99 04 0.9 215,200,187
059 99 01 0.9 174,160,144
059 99 00 0.9 129,117,109
059 99 00 0.9 97,82,72
059 99 00 0.9 57,45,32
059 99 00 0.9 22,11,0
059 99 00 0.9 0,37,105
059 99 05 0.9 183,244,278
059 99 08 1.0 294,294,291
059 99 08 1.0 274,253,239
059 99 04 1.0 227,219,207
059 99 01 1.0 192,173,157
059 99 00 1.0 143,133,122
059 99 00 1.0 112,97,83
059 99 00 1.0 72,63,50
059 99 00 1.0 36,25,15
059 99 00 1.0 3,7,50
059 99 03 1.0 122,197,245
059 99 08 0.9 271,279,280
059 99 08 0.9 263,245,222
059 99 04 0.9 209,196,187
059 99 02 0.9 176,165,149
059 99 00 0.9 132,115,101
059 99 00 0.9 91,79,67
059 99 00 0.9 54,42,30
059 99 00 0.9 17,7,0
059 99 00 0.9 0,0,0
059 99 01 0.9 57,134,193
059 99 08 0.9 228,243,251
059 99 08 0.9 267,250,228
059 99 05 0.9 217,207,198
059 99 03 0.9 187,174,162
059 99 01 0.9 144,128,117
059 99 00 0.9 106,96,79
059 99 00 0.9 68,57,46
059 99 00 0.9 34,23,9
059 99 00 0.9 0,0,11
059 99 01 0.9 65,141,206
059 99 08 0.9 244,256,254
059 99 08 0.9 259,246,231
059 99 06 0.9 219,206,195
059 99 02 0.9 181,171,156
059 99 00 0.9 142,125,110
059 99 00 0.9 94,82,70
059 99 00 0.9 56,40,27
059 99 00 0.9 17,8,0
059 99 00 0.9 0,0,0
059 99 00 0.9 15,82,159
059 99 08 0.9 209,236,245
059 99 08 0.9 272,259,245
059 99 07 0.9 232,219,207
059 99 03 0.9 194,182,170
059 99 01 0.9 154,142,123
059 99 00 0.9 109,97,87
059 99 00 0.9 77,60,49
059 99 00 0.9 35,27,14
059 99 00 0.9 1,0,0
059 99 00 0.9 0,40,113
059 99 06 0.9 177,218,234
058 99 08 0.8 235,260,247
058 99 07 0.8 234,211,201
058 99 03 0.8 189,181,171
058 99 01 0.8 155,140,119
058 99 00 0.8 104,91,81
058 99 00 0.8 69,55,42
058 99 00 0.8 28,17,5
058 99 00 0.8 0,0,0
058 99 00 0.8 0,0,58
058 99 05 0.8 131,185,215
058 99 08 0.8 225,224,241
058 99 05 0.8 224,207,196
058 99 03 0.8 187,181,171
058 99 02 0.8 162,146,134
058 99 00 0.8 119,106,92
058 99 00 0.8 80,67,56
058 99 00 0.8 42,33,23
058 99 00 0.8 16,6,0
058 99 00 0.8 0,31,99
058 99 04 0.8 170,211,231
058 99 07 0.8 229,230,214
058 99 03 0.8 202,191,184
058 99 02 0.8 176,166,155
058 99 02 0.8 144,130,114
058 99 01 0.8 99,89,77
058 99 01 0.8 65,48,37
058 99 01 0.8 25,16,2
058 99 01 0.8 0,0,0
058 99 01 0.8 0,36,113
058 99 03 0.8 182,227,245
058 99 04 0.9 255,251,267
058 99 05 0.9 251,238,227
058 99 03 0.9 218,207,198
058 99 02 0.9 183,171,152
058 99 01 0.9 135,122,113
058 99 00 0.9 100,83,70
058 99 00 0.9 60,53,41
058 99 00 0.9 31,19,13
058 99 00 0.9 21,69,139
058 99 05 0.9 211,256,278
058 99 07 0.9 288,270,256
058 99 07 0.9 237,225,217
058 99 04 0.9 210,197,181
058 99 01 0.9 167,154,142
058 99 00 0.9 127,114,101
058 99 00 0.9 92,82,67
058 99 00 0.9 51,37,27
058 99 00 0.9 14,3,0
058 99 00 0.9 0,18,76
058 99 05 0.9 154,215,247
058 99 08 0.9 257,259,261
058 99 08 0.9 247,231,221
058 99 04 0.9 211,201,187
058 99 02 0.9 176,165,155
058 99 00 0.9 138,124,110
058 99 00 0.9 102,91,78
058 99 00 0.9 65,55,43
058 99 00 0.9 36,24,13
058 99 00 0.9 15,49,115
058 99 06 0.9 186,234,252
059 99 08 0.8 252,236,226
059 99 04 0.8 209,194,180
059 99 02 0.8 173,163,153
059 99 01 0.8 141,125,114
059 99 00 0.8 100,90,74
059 99 00 0.8 60,47,39
059 99 00 0.8 27,18,9
059 99 00 0.8 3,0,0
059 99 00 0.8 1,61,142
059 99 06 0.8 208,243,258

