177628!20190918_160337!0!0
2.45!2.39!2.45!2.38!2.4!2.4!
99!30!57!40!561
397.2 2.42 76 62

030 70 01 1.0 195,178,157
030 70 00 1.0 135,113,93
030 70 00 1.0 74,59,46
030 70 00 1.0 32,15,0
030 70 00 1.0 0,0,0
030 70 00 1.0 0,0,0
030 70 00 1.0 0,38,132
030 70 08 1.0 206,255,284
030 70 08 1.3 297,295,378
030 70 06 1.3 363,356,345
030 70 04 1.3 334,315,302
030 70 02 1.3 288,273,253
030 70 01 1.3 230,211,187
030 70 00 1.3 172,153,137
030 70 00 1.3 117,98,81
030 70 00 1.3 67,55,40
030 70 00 1.3 26,26,67
030 70 03 1.3 148,245,322
030 70 08 1.3 368,397,411
030 70 08 1.4 415,384,371
030 70 05 1.4 357,345,334
030 70 03 1.4 322,307,288
030 70 01 1.4 266,242,215
030 70 00 1.4 190,168,150
030 70 00 1.4 130,112,94
030 70 00 1.4 76,56,39
030 70 00 1.4 26,12,0
030 70 00 1.4 0,11,80
030 70 04 1.4 174,258,315
030 70 08 1.3 347,362,364
030 70 07 1.3 368,354,339
030 70 04 1.3 327,316,305
030 70 03 1.3 293,276,258
030 70 01 1.3 238,218,197
030 70 00 1.3 178,158,141
030 70 00 1.3 121,108,93
030 70 00 1.3 79,65,49
030 70 00 1.3 36,18,15
030 70 00 1.3 46,117,203
030 70 06 1.3 271,310,331
056 99 07 1.1 334,311,291
056 99 04 1.1 273,262,252
056 99 03 1.1 240,227,209
056 99 01 1.1 193,170,150
056 99 00 1.1 131,114,95
056 99 00 1.1 78,63,47
056 99 00 1.1 31,13,0
056 99 00 1.1 0,0,0
056 99 00 1.1 0,0,25
056 99 04 1.1 119,207,269
056 99 08 1.1 306,326,333
056 99 07 1.3 388,377,358
056 99 04 1.3 349,333,322
056 99 03 1.3 304,290,277
056 99 01 1.3 260,239,214
056 99 00 1.3 194,176,161
056 99 00 1.3 145,125,105
056 99 00 1.3 82,65,46
056 99 00 1.3 32,14,5
056 99 00 1.3 24,89,183
056 99 07 1.3 271,333,369
056 99 08 1.3 386,389,373
056 99 06 1.3 354,331,317
056 99 03 1.3 306,296,281
056 99 02 1.3 260,236,215
056 99 00 1.3 196,178,160
056 99 00 1.3 139,121,101
056 99 00 1.3 82,60,41
056 99 00 1.3 25,7,0
056 99 00 1.3 0,0,0
056 99 00 1.3 0,60,153
056 99 07 1.3 230,280,302
056 99 08 1.2 314,361,349
056 99 05 1.2 323,297,279
056 99 02 1.2 260,251,235
056 99 01 1.2 222,204,183
056 99 00 1.2 160,138,121
056 99 00 1.2 101,81,59
056 99 00 1.2 46,28,9
056 99 00 1.2 0,0,0
056 99 00 1.2 0,0,0
056 99 02 1.2 39,123,186
056 99 07 1.0 218,228,227
056 99 07 1.0 282,265,245
056 99 04 1.0 231,216,204
056 99 00 1.0 183,166,150
056 99 00 1.0 133,111,87
056 99 00 1.0 66,48,27
056 99 00 1.0 11,0,0
056 99 00 1.0 0,0,0
056 99 00 1.0 0,0,0
056 99 00 1.0 0,0,22
056 99 07 1.0 112,171,207
056 99 08 1.2 224,229,354
056 99 06 1.2 339,318,301
056 99 03 1.2 287,274,255
056 99 01 1.2 236,216,199
056 99 00 1.2 179,161,143
056 99 00 1.2 125,107,89
056 99 00 1.2 72,50,33
056 99 00 1.2 11,0,0
056 99 00 1.2 0,0,0
056 99 01 1.2 28,120,200
056 99 08 1.2 253,282,297
055 99 07 1.2 303,343,325
055 99 04 1.2 301,284,268
055 99 02 1.2 254,236,218
055 99 01 1.2 198,180,160
055 99 00 1.2 143,122,102
055 99 00 1.2 80,65,46
055 99 00 1.2 30,10,0
055 99 00 1.2 0,0,0
055 99 00 1.2 0,0,21
055 99 04 1.2 108,192,237
055 99 08 1.2 266,276,339
055 99 06 1.2 324,304,287
055 99 03 1.2 275,265,252
055 99 02 1.2 234,216,199
055 99 00 1.2 180,163,145
055 99 00 1.2 128,109,93
055 99 00 1.2 78,64,50
055 99 00 1.2 36,21,3
055 99 00 1.2 0,0,0
055 99 01 1.2 40,126,206
055 99 07 1.2 257,280,287
055 99 07 1.1 288,306,289
055 99 06 1.1 270,255,244
055 99 03 1.1 231,213,194
055 99 00 1.1 177,159,145
055 99 00 1.1 127,112,90
055 99 00 1.1 72,56,40
055 99 00 1.1 24,7,0
055 99 00 1.1 0,0,0
055 99 00 1.1 0,0,71
055 99 07 1.1 167,241,283
056 99 08 1.3 307,319,320
056 99 07 1.3 364,346,328
056 99 04 1.3 314,299,286
056 99 02 1.3 276,264,252
056 99 01 1.3 241,235,221
056 99 00 1.3 207,189,179
056 99 00 1.3 157,136,117
056 99 00 1.3 102,85,68
056 99 00 1.3 53,65,116
056 99 04 1.3 201,289,349
056 99 08 1.2 379,389,393
056 99 07 1.2 339,329,310
056 99 04 1.2 298,285,276
056 99 02 1.2 261,246,228
056 99 01 1.2 206,183,164
056 99 00 1.2 145,128,110
056 99 00 1.2 88,71,53
056 99 00 1.2 36,15,0
056 99 00 1.2 0,0,0
056 99 00 1.2 0,42,138
056 99 06 1.2 215,258,280
056 99 08 1.2 293,297,350
056 99 05 1.2 330,308,289
056 99 03 1.2 276,263,249
056 99 01 1.2 229,212,194
056 99 00 1.2 180,163,143
056 99 00 1.2 123,103,86
056 99 00 1.2 71,53,37
056 99 00 1.2 19,6,0
056 99 00 1.2 0,0,40
056 99 04 1.2 128,217,280
056 99 08 1.2 312,327,329
056 99 07 1.2 348,334,311
056 99 03 1.2 291,273,260
056 99 02 1.2 244,227,209
056 99 00 1.2 191,172,155
056 99 00 1.2 136,118,96
056 99 00 1.2 73,50,34
056 99 00 1.2 23,9,0
056 99 00 1.2 0,0,0
056 99 00 1.2 0,52,138
056 99 06 1.2 206,241,251
056 99 07 1.0 254,288,271
056 99 06 1.0 251,230,219
056 99 02 1.0 206,193,173
056 99 00 1.0 156,137,116
056 99 00 1.0 94,76,60
056 99 00 1.0 43,22,2
056 99 00 1.0 0,0,0
056 99 00 1.0 0,0,0
056 99 00 1.0 0,0,88
056 99 08 1.0 169,218,246
056 99 08 1.2 254,256,339
056 99 07 1.2 320,298,278
056 99 03 1.2 263,248,229
056 99 00 1.2 210,186,167
056 99 00 1.2 144,125,105
056 99 00 1.2 86,68,53
056 99 00 1.2 34,15,0
056 99 00 1.2 0,0,0
056 99 00 1.2 0,0,44
056 99 06 1.2 138,213,257
056 99 08 1.2 277,283,354
056 99 06 1.2 343,325,300
056 99 03 1.2 280,257,242
056 99 01 1.2 225,210,192
056 99 00 1.2 169,149,129
056 99 00 1.2 111,89,68
056 99 00 1.2 49,29,10
056 99 00 1.2 0,0,0
056 99 00 1.2 0,0,8
056 99 03 1.2 93,174,225
056 99 07 1.1 252,263,262
056 99 06 1.1 308,287,271
056 99 03 1.1 256,249,235
056 99 02 1.1 219,197,177
056 99 00 1.1 156,132,110
056 99 00 1.1 93,78,60
056 99 00 1.1 41,24,12
056 99 00 1.1 0,0,0
056 99 00 1.1 0,0,59
056 99 05 1.1 158,232,277
056 99 08 1.2 296,306,355
056 99 06 1.2 344,324,307
056 99 03 1.2 288,275,258
056 99 02 1.2 241,222,198
056 99 00 1.2 177,158,142
056 99 00 1.2 125,107,87
056 99 00 1.2 70,53,35
056 99 00 1.2 17,0,0
056 99 00 1.2 0,0,49
056 99 04 1.2 146,240,296
056 99 08 1.2 324,338,343
057 99 07 1.2 365,348,327
057 99 04 1.2 307,289,277
057 99 02 1.2 258,243,221
057 99 00 1.2 204,185,165
057 99 00 1.2 145,123,102
057 99 00 1.2 85,68,56
057 99 00 1.2 39,18,0
057 99 00 1.2 0,0,0
057 99 01 1.2 29,111,205
057 99 07 1.2 271,312,327
057 99 08 1.2 333,352,335
057 99 05 1.2 313,299,287
057 99 03 1.2 273,255,235
057 99 01 1.2 215,197,180
057 99 00 1.2 167,152,133
057 99 00 1.2 114,94,79
057 99 00 1.2 63,51,36
057 99 00 1.2 20,5,0
057 99 00 1.2 25,89,175
057 99 06 1.2 238,274,287
057 99 07 1.0 284,270,246
057 99 05 1.0 228,214,205
057 99 02 1.0 194,185,174
057 99 00 1.0 157,140,120
057 99 00 1.0 101,82,64
057 99 00 1.0 52,35,19
057 99 00 1.0 0,0,0
057 99 00 1.0 0,0,0
057 99 00 1.0 0,16,109
057 99 08 1.0 198,260,298
057 99 08 1.3 318,320,384
057 99 06 1.3 369,348,328
057 99 03 1.3 308,293,284
057 99 02 1.3 269,253,232
057 99 00 1.3 216,197,180
057 99 00 1.3 167,153,133
057 99 00 1.3 110,91,76
057 99 00 1.3 64,49,35
057 99 00 1.3 21,43,111
057 99 05 1.3 207,295,358
057 99 08 1.3 394,417,420
057 99 07 1.3 396,377,358
057 99 04 1.3 343,329,316
057 99 02 1.3 297,281,261
057 99 01 1.3 246,230,215
057 99 00 1.3 195,179,157
057 99 00 1.3 141,123,111
057 99 00 1.3 96,82,65
057 99 00 1.3 53,38,34
057 99 00 1.3 65,141,243
057 99 07 1.3 327,379,406
057 99 08 1.3 418,421,376
057 99 06 1.3 360,342,332
057 99 04 1.3 320,306,290
057 99 02 1.3 274,257,239
057 99 01 1.3 220,206,187
057 99 00 1.3 171,152,137
057 99 00 1.3 121,107,93
057 99 00 1.3 81,69,54
057 99 00 1.3 39,54,107
057 99 04 1.3 199,285,345
057 99 08 1.1 373,380,378
057 99 06 1.1 329,318,305
057 99 04 1.1 294,284,274
057 99 02 1.1 261,246,226
057 99 01 1.1 212,192,175
057 99 00 1.1 157,143,129
057 99 00 1.1 116,101,87
057 99 00 1.1 71,58,43
057 99 00 1.1 28,28,68
057 99 03 1.1 151,250,331
057 99 08 1.1 385,418,436
057 99 08 1.4 439,405,388
057 99 06 1.4 374,360,347
057 99 03 1.4 333,318,304
057 99 02 1.4 290,277,260
057 99 00 1.4 243,222,200
057 99 00 1.4 182,165,152
057 99 00 1.4 135,120,108
057 99 00 1.4 96,84,70
057 99 00 1.4 92,161,264
057 99 07 1.4 359,426,465
057 99 08 1.4 488,498,499
057 99 07 1.4 417,401,384
057 99 04 1.4 376,368,356
057 99 03 1.4 336,318,301
057 99 01 1.4 282,265,252
057 99 00 1.4 240,227,210
057 99 00 1.4 194,178,161
057 99 00 1.4 145,129,113
057 99 00 1.4 97,85,102
057 99 02 1.4 161,258,354
057 99 08 1.4 425,468,491
057 99 08 1.4 503,504,410
057 99 06 1.4 390,372,356
057 99 03 1.4 347,337,325
057 99 02 1.4 308,291,274
057 99 01 1.4 259,241,229
057 99 00 1.4 213,195,177
057 99 00 1.4 164,144,128
057 99 00 1.4 109,98,83
057 99 00 1.4 70,70,114
057 99 03 1.4 197,292,360
057 99 08 1.2 395,412,417
057 99 07 1.2 346,331,316
057 99 04 1.2 303,297,287
057 99 03 1.2 275,262,243
057 99 01 1.2 227,210,195
057 99 00 1.2 177,160,141
057 99 00 1.2 128,110,98
057 99 00 1.2 80,68,50
057 99 00 1.2 36,21,11
057 99 00 1.2 33,97,193
057 99 07 1.2 282,340,374
057 99 08 1.3 390,396,396
057 99 06 1.3 372,355,333
057 99 04 1.3 319,305,294
057 99 02 1.3 280,264,247
057 99 01 1.3 227,208,191
057 99 00 1.3 177,157,141
057 99 00 1.3 124,108,89
057 99 00 1.3 70,56,41
057 99 00 1.3 29,16,25
057 99 01 1.3 74,167,265
057 99 08 1.3 339,382,410
057 99 08 1.4 419,419,390
057 99 06 1.4 375,357,343
057 99 03 1.4 329,314,300
057 99 02 1.4 286,270,249
057 99 00 1.4 231,211,196
057 99 00 1.4 177,162,142
057 99 00 1.4 125,107,91
057 99 00 1.4 76,59,41
057 99 00 1.4 25,15,29
057 99 01 1.4 89,185,279
057 99 08 1.4 343,377,395
057 99 08 1.3 398,379,363
057 99 05 1.3 348,331,319
057 99 03 1.3 305,291,274
057 99 01 1.3 255,235,216
057 99 00 1.3 199,182,169
057 99 00 1.3 152,138,120
057 99 00 1.3 103,83,71
057 99 00 1.3 57,45,27
057 99 00 1.3 10,1,33
057 99 02 1.3 109,202,271
057 99 08 1.1 314,329,335
057 99 06 1.1 322,310,292
057 99 04 1.1 281,267,252
057 99 02 1.1 236,223,209
057 99 01 1.1 194,175,155
057 99 00 1.1 135,125,108
057 99 00 1.1 96,72,60
057 99 00 1.1 41,27,11
057 99 00 1.1 0,0,0
057 99 00 1.1 0,18,108
057 99 06 1.1 210,285,332
057 99 08 1.4 360,371,371
057 99 07 1.4 394,379,360
057 99 04 1.4 346,336,322
057 99 02 1.4 307,287,270
057 99 01 1.4 250,231,211
057 99 00 1.4 191,173,159
057 99 00 1.4 142,125,109
057 99 00 1.4 93,79,64
057 99 00 1.4 51,34,38
057 99 01 1.4 85,173,273
057 99 08 1.4 352,404,432
057 99 08 1.4 443,443,398
057 99 06 1.4 378,355,343
057 99 03 1.4 330,321,308
057 99 02 1.4 293,276,254
057 99 00 1.4 235,212,194
057 99 00 1.4 174,157,141
057 99 00 1.4 125,108,91
057 99 00 1.4 76,64,47
057 99 00 1.4 32,26,55
057 99 02 1.4 128,226,315
057 99 08 1.4 369,397,412
057 99 08 1.3 413,378,358
057 99 05 1.3 337,325,315
057 99 03 1.3 307,295,280
057 99 02 1.3 262,244,226
057 99 00 1.3 209,193,174
057 99 00 1.3 155,138,122
057 99 00 1.3 112,101,91
057 99 00 1.3 75,57,38
057 99 00 1.3 35,69,149
057 99 05 1.3 242,315,351
057 99 08 1.1 366,364,320
057 99 05 1.1 302,285,273
057 99 03 1.1 266,255,244
057 99 02 1.1 226,214,190
057 99 00 1.1 176,157,143
057 99 00 1.1 127,110,96
057 99 00 1.1 80,65,47
057 99 00 1.1 30,14,0
057 99 00 1.1 0,0,0
057 99 01 1.1 38,128,230
057 99 08 1.1 301,348,372
056 99 08 1.4 389,387,402
056 99 06 1.4 378,359,343
056 99 03 1.4 331,319,306
056 99 02 1.4 287,269,248
056 99 00 1.4 231,211,195
056 99 00 1.4 179,164,147
056 99 00 1.4 133,114,98
056 99 00 1.4 78,63,47
056 99 00 1.4 31,30,68
056 99 03 1.4 154,256,338
056 99 08 1.4 384,411,423
056 99 08 1.3 425,388,370
056 99 05 1.3 354,336,321
056 99 03 1.3 306,292,279
056 99 01 1.3 260,242,222
056 99 00 1.3 202,185,169
056 99 00 1.3 152,129,107
056 99 00 1.3 86,74,58
056 99 00 1.3 46,27,11
056 99 00 1.3 0,0,36
056 99 03 1.3 120,219,297
056 99 08 1.3 339,358,362
056 99 07 1.3 369,354,334
056 99 04 1.3 315,304,293
056 99 03 1.3 282,267,250
056 99 01 1.3 229,216,199
056 99 00 1.3 184,163,144
056 99 00 1.3 124,107,93
056 99 00 1.3 76,58,45
056 99 00 1.3 32,21,4
056 99 00 1.3 0,34,110
056 99 05 1.3 203,269,308
056 99 08 1.1 328,334,329
056 99 06 1.1 312,299,285
056 99 03 1.1 273,258,248
056 99 02 1.1 232,214,188
056 99 00 1.1 170,156,145
056 99 00 1.1 130,111,92
056 99 00 1.1 73,56,44
056 99 00 1.1 29,14,0
056 99 00 1.1 0,0,0
056 99 00 1.1 0,52,156
056 99 07 1.1 246,308,340
056 99 08 1.4 363,367,409
056 99 06 1.4 390,373,360
056 99 04 1.4 350,337,326
056 99 02 1.4 310,294,272
056 99 00 1.4 257,241,227
056 99 00 1.4 210,195,180
056 99 00 1.4 162,144,127
056 99 00 1.4 110,93,76
056 99 00 1.4 58,45,45
056 99 01 1.4 83,166,266
056 99 07 1.4 348,400,432
056 99 08 1.4 450,454,401
056 99 06 1.4 386,367,351
056 99 04 1.4 340,324,312
056 99 02 1.4 295,279,260
056 99 00 1.4 244,230,215
056 99 00 1.4 194,176,156
056 99 00 1.4 142,122,107
056 99 00 1.4 90,75,57
056 99 00 1.4 41,26,28
056 99 01 1.4 69,155,253
056 99 07 1.4 327,370,393
056 99 08 1.3 403,400,363
056 99 05 1.3 345,332,319
056 99 03 1.3 310,296,286
056 99 02 1.3 269,250,229
056 99 00 1.3 214,196,183
056 99 00 1.3 164,150,134
056 99 00 1.3 117,103,86
056 99 00 1.3 73,57,45
056 99 00 1.3 32,51,113
056 99 04 1.3 204,287,334
056 99 08 1.1 358,362,364
056 99 06 1.1 320,303,284
056 99 04 1.1 273,264,257
056 99 02 1.1 242,225,205
056 99 00 1.1 188,170,157
056 99 00 1.1 138,125,109
056 99 00 1.1 94,77,58
056 99 00 1.1 40,24,10
056 99 00 1.1 0,0,0
056 99 01 1.1 40,136,240
056 99 08 1.1 317,360,381
056 99 08 1.4 392,391,404
056 99 06 1.4 387,372,357
056 99 04 1.4 346,330,318
056 99 02 1.4 301,283,264
056 99 01 1.4 248,235,215
056 99 00 1.4 197,182,167
056 99 00 1.4 150,134,120
056 99 00 1.4 106,89,68
056 99 00 1.4 55,72,136
056 99 04 1.4 236,328,395
056 99 08 1.4 431,456,464
056 99 08 1.4 406,388,371
056 99 05 1.4 353,339,326
056 99 03 1.4 309,293,276
056 99 01 1.4 259,241,220
056 99 00 1.4 200,182,166
056 99 00 1.4 152,133,114
056 99 00 1.4 95,81,65
056 99 00 1.4 47,31,18
056 99 00 1.4 26,73,164
056 99 06 1.4 261,329,363
056 99 08 1.2 377,383,359
056 99 06 1.2 340,318,305
056 99 03 1.2 293,285,269
056 99 02 1.2 256,235,218
056 99 00 1.2 204,187,169
056 99 00 1.2 151,136,120
056 99 00 1.2 106,89,75
056 99 00 1.2 54,39,22
056 99 00 1.2 10,9,48
056 99 03 1.2 125,220,285
056 99 08 1.1 325,339,342
056 99 06 1.1 327,309,291
056 99 04 1.1 276,263,252
056 99 02 1.1 233,218,198
056 99 00 1.1 183,164,146
056 99 00 1.1 129,108,90
056 99 00 1.1 69,54,39
056 99 00 1.1 20,0,0
056 99 00 1.1 0,0,0
056 99 00 1.1 0,3,99
056 99 06 1.1 193,258,297
056 99 08 1.3 315,323,378
056 99 06 1.3 367,346,325
056 99 03 1.3 307,297,284
056 99 02 1.3 271,249,233
056 99 00 1.3 212,192,172
056 99 00 1.3 157,141,123
056 99 00 1.3 102,82,64
056 99 00 1.3 48,36,23
056 99 00 1.3 6,0,0
056 99 00 1.3 26,118,219
056 99 07 1.3 292,332,356
056 99 08 1.3 365,362,370
056 99 05 1.3 347,330,313
056 99 03 1.3 300,281,264
056 99 01 1.3 247,230,210
056 99 00 1.3 196,178,159
056 99 00 1.3 139,120,103
056 99 00 1.3 85,69,53
056 99 00 1.3 37,21,3
056 99 00 1.3 0,0,0
056 99 01 1.3 40,137,230
056 99 08 1.3 288,317,331
056 99 08 1.2 333,357,339
056 99 04 1.2 317,304,293
056 99 03 1.2 283,269,251
056 99 01 1.2 234,214,198
056 99 00 1.2 180,164,148
056 99 00 1.2 133,119,100
056 99 00 1.2 82,61,42
056 99 00 1.2 27,15,3
056 99 00 1.2 0,14,77
056 99 04 1.2 169,252,302
055 99 08 1.1 324,331,331
055 99 06 1.1 328,312,294
055 99 04 1.1 283,272,260
055 99 02 1.1 241,219,199
055 99 00 1.1 183,165,147
055 99 00 1.1 129,114,94
055 99 00 1.1 75,58,44
055 99 00 1.1 30,11,0
055 99 00 1.1 0,0,0
055 99 00 1.1 0,43,138
055 99 07 1.1 227,288,325
055 99 08 1.4 347,356,396
055 99 06 1.4 381,362,346

