176927!20190923_181718!0!0
3.04!3.07!3.22!3.04!3.23!3.13!
98!30!53!44!193
501.0 3.14 42 72

030 70 04 0.7 254,234,215
030 70 00 0.7 188,164,144
030 70 00 0.7 122,104,80
030 70 00 0.7 59,33,7
030 70 00 0.7 0,0,0
030 70 00 0.7 0,0,0
030 70 00 0.7 0,0,0
030 70 00 0.7 0,0,0
030 70 03 0.7 0,0,24
030 70 08 0.7 42,48,258
030 70 06 0.7 240,221,209
030 70 02 0.7 194,167,133
030 70 00 0.7 104,79,52
030 70 00 0.7 27,1,0
030 70 00 0.7 0,0,0
030 70 00 0.7 0,0,0
030 70 00 0.7 0,0,0
030 70 00 0.7 0,0,0
030 70 00 0.7 0,0,0
030 70 00 0.7 0,0,0
030 70 01 0.7 0,0,0
030 70 07 0.6 0,0,224
030 70 04 0.6 218,209,204
030 70 02 0.6 193,175,151
030 70 01 0.6 131,111,90
030 70 00 0.6 68,43,15
030 70 00 0.6 0,0,0
030 70 00 0.6 0,0,0
030 70 00 0.6 0,0,0
030 70 00 0.6 0,0,0
030 70 00 0.6 0,0,0
030 70 01 0.6 0,0,0
030 70 04 0.6 0,0,0
030 70 03 0.6 205,187,176
030 70 02 0.6 168,168,162
030 70 02 0.6 149,134,111
030 70 01 0.6 92,65,43
030 70 00 0.6 14,0,0
030 70 00 0.6 0,0,0
030 70 00 0.6 0,0,0
030 70 00 0.6 0,0,0
030 70 00 0.6 0,0,0
030 70 00 0.6 0,0,0
030 70 03 0.6 0,0,0
051 99 04 0.8 0,6,310
051 99 05 0.8 307,301,299
051 99 04 0.8 295,280,266
051 99 02 0.8 242,229,204
051 99 00 0.8 184,161,142
051 99 00 0.8 121,97,71
051 99 00 0.8 42,14,0
051 99 00 0.8 0,0,0
051 99 00 0.8 0,0,0
051 99 00 0.8 0,0,0
051 99 01 0.8 0,0,38
051 99 06 0.8 75,110,127
051 99 06 0.8 139,141,310
051 99 08 0.8 311,308,311
051 99 05 0.8 297,285,264
051 99 02 0.8 252,235,216
051 99 00 0.8 197,175,160
051 99 00 0.8 141,122,102
051 99 00 0.8 78,59,35
051 99 00 0.8 16,0,0
051 99 00 0.8 0,0,0
051 99 00 0.8 0,0,0
051 99 02 0.8 21,72,106
051 99 08 0.6 130,141,241
051 99 04 0.6 235,227,229
051 99 03 0.6 229,227,218
051 99 02 0.6 200,181,165
051 99 01 0.6 146,130,108
051 99 00 0.6 91,75,59
051 99 00 0.6 47,26,8
051 99 00 0.6 0,0,0
051 99 00 0.6 0,0,0
051 99 00 0.6 0,0,0
051 99 00 0.6 0,0,0
051 99 05 0.6 43,84,111
051 99 06 0.8 124,125,296
051 99 08 0.8 299,306,301
051 99 06 0.8 294,283,276
051 99 03 0.8 261,241,219
051 99 00 0.8 201,182,162
051 99 00 0.8 143,123,109
051 99 00 0.8 83,66,45
051 99 00 0.8 28,8,0
051 99 00 0.8 0,0,0
051 99 00 0.8 0,0,0
051 99 00 0.8 0,0,60
051 99 07 0.8 109,149,189
051 99 08 0.9 217,226,228
051 99 08 0.9 335,340,339
051 99 07 0.9 338,327,315
051 99 03 0.9 294,272,251
051 99 00 0.9 237,224,205
051 99 00 0.9 191,165,146
051 99 00 0.9 122,106,87
051 99 00 0.9 69,47,22
051 99 00 0.9 0,0,0
051 99 00 0.9 0,0,0
051 99 00 0.9 0,5,66
051 99 07 0.9 125,162,197
051 99 08 0.8 208,222,221
051 99 08 0.8 298,299,301
051 99 07 0.8 304,293,279
051 99 03 0.8 261,252,241
051 99 01 0.8 224,213,200
051 99 00 0.8 186,173,159
051 99 00 0.8 138,111,88
051 99 00 0.8 72,57,30
051 99 00 0.8 11,0,0
051 99 00 0.8 0,0,0
051 99 00 0.8 0,33,85
051 99 07 0.8 125,148,159
051 99 07 0.6 159,217,212
051 99 04 0.6 210,209,210
051 99 03 0.6 207,197,181
051 99 02 0.6 163,142,126
051 99 00 0.6 105,92,71
051 99 00 0.6 55,36,18
051 99 00 0.6 0,0,0
051 99 00 0.6 0,0,0
051 99 00 0.6 0,0,0
051 99 00 0.6 0,0,0
051 99 03 0.6 0,36,89
051 99 07 0.6 131,163,181
051 99 07 0.9 191,351,356
051 99 06 0.9 360,360,353
051 99 04 0.9 342,332,314
051 99 02 0.9 295,269,248
051 99 00 0.9 232,223,207
051 99 00 0.9 186,161,143
051 99 00 0.9 127,109,91
051 99 00 0.9 77,67,53
051 99 00 0.9 35,15,4
051 99 00 0.9 10,51,117
051 99 04 0.9 181,229,263
051 99 07 0.9 291,308,312
051 99 07 0.8 312,311,311
051 99 07 0.8 314,309,298
051 99 04 0.8 283,264,247
051 99 00 0.8 224,210,190
051 99 00 0.8 173,150,132
051 99 00 0.8 109,90,68
051 99 00 0.8 52,32,20
051 99 00 0.8 4,0,0
051 99 00 0.8 0,0,0
051 99 00 0.8 0,40,98
051 99 07 0.8 135,164,177
051 99 08 0.6 186,233,230
051 99 04 0.6 230,233,233
051 99 03 0.6 225,219,206
051 99 02 0.6 194,180,165
051 99 01 0.6 147,124,106
051 99 00 0.6 88,73,55
051 99 00 0.6 40,24,6
051 99 00 0.6 0,0,0
051 99 00 0.6 0,0,0
051 99 00 0.6 0,17,80
051 99 05 0.6 121,154,173
051 99 06 0.8 188,190,194
051 99 07 0.8 297,300,299
051 99 06 0.8 294,282,269
051 99 02 0.8 253,237,215
051 99 00 0.8 199,179,164
051 99 00 0.8 144,130,120
051 99 00 0.8 104,83,56
051 99 00 0.8 42,26,5
051 99 00 0.8 0,0,0
051 99 00 0.8 0,11,79
051 99 07 0.8 141,184,223
051 99 08 0.8 253,271,276
051 99 08 0.8 333,336,338
051 99 08 0.8 341,338,325
051 99 05 0.8 315,298,284
051 99 01 0.8 259,244,226
051 99 00 0.8 216,198,187
051 99 00 0.8 165,141,112
051 99 00 0.8 91,74,55
051 99 00 0.8 36,13,0
051 99 00 0.8 0,0,2
051 99 01 0.8 55,110,162
051 99 08 0.8 191,219,229
052 99 08 0.6 232,247,247
052 99 04 0.6 250,260,258
052 99 03 0.6 250,230,217
052 99 02 0.6 203,186,167
052 99 00 0.6 145,126,111
052 99 00 0.6 91,72,49
052 99 00 0.6 29,10,0
052 99 00 0.6 0,0,0
052 99 00 0.6 0,0,0
052 99 00 0.6 0,0,47
052 99 05 0.6 88,120,143
052 99 06 0.7 160,157,266
052 99 07 0.7 259,261,259
052 99 05 0.7 254,245,229
052 99 02 0.7 208,185,165
052 99 00 0.7 145,136,127
052 99 00 0.7 117,99,75
052 99 00 0.7 52,32,13
052 99 00 0.7 0,0,0
052 99 00 0.7 0,0,0
052 99 00 0.7 0,0,11
052 99 06 0.7 75,128,171
052 99 08 0.7 204,227,237
052 99 08 0.8 239,331,329
052 99 08 0.8 326,330,328
052 99 05 0.8 312,293,269
052 99 01 0.8 253,237,226
052 99 00 0.8 214,201,182
052 99 00 0.8 161,138,119
052 99 00 0.8 104,87,70
052 99 00 0.8 50,29,13
052 99 00 0.8 0,0,16
052 99 01 0.8 71,130,180
052 99 08 0.8 218,245,263
052 99 08 0.8 267,271,274
051 99 08 0.7 275,290,290
051 99 06 0.7 288,271,255
051 99 02 0.7 244,237,223
051 99 00 0.7 202,181,166
051 99 00 0.7 155,139,122
051 99 00 0.7 99,80,58
051 99 00 0.7 34,16,0
051 99 00 0.7 0,0,0
051 99 00 0.7 0,41,96
051 99 07 0.7 142,173,189
051 99 08 0.6 197,197,233
051 99 05 0.6 234,233,229
051 99 04 0.6 226,220,208
051 99 02 0.6 194,178,161
051 99 01 0.6 138,117,96
051 99 00 0.6 83,65,50
051 99 00 0.6 26,7,0
051 99 00 0.6 0,0,0
051 99 00 0.6 0,0,0
051 99 00 0.6 0,0,0
051 99 03 0.6 34,91,130
051 99 07 0.6 162,184,200
051 99 07 0.8 203,322,322
051 99 05 0.8 326,326,324
051 99 04 0.8 314,305,289
051 99 02 0.8 270,251,234
051 99 01 0.8 225,208,194
051 99 00 0.8 171,155,130
051 99 00 0.8 114,93,77
051 99 00 0.8 57,35,10
051 99 00 0.8 0,0,22
051 99 01 0.8 75,134,186
051 99 06 0.8 223,252,270
052 99 06 0.7 278,294,297
052 99 08 0.7 302,306,295
052 99 05 0.7 282,268,255
052 99 01 0.7 240,218,198
052 99 00 0.7 182,166,153
052 99 00 0.7 133,117,99
052 99 00 0.7 81,63,40
052 99 00 0.7 19,0,0
052 99 00 0.7 0,0,50
052 99 04 0.7 110,159,192
052 99 08 0.6 213,222,227
052 99 08 0.6 250,250,248
052 99 06 0.6 250,240,232
052 99 02 0.6 214,201,183
052 99 00 0.6 166,143,122
052 99 00 0.6 104,84,65
052 99 00 0.6 45,29,9
052 99 00 0.6 0,0,0
052 99 00 0.6 0,0,0
052 99 00 0.6 0,0,0
052 99 04 0.6 34,76,109
052 99 08 0.6 130,138,141
052 99 05 0.6 244,244,239
052 99 04 0.6 236,231,223
052 99 03 0.6 211,194,174
052 99 01 0.6 158,138,124
052 99 00 0.6 107,90,74
052 99 00 0.6 60,46,30
052 99 00 0.6 7,0,0
052 99 00 0.6 0,0,0
052 99 00 0.6 0,0,15
052 99 03 0.6 57,87,104
052 99 04 0.5 107,188,179
052 99 03 0.5 176,171,171
052 99 03 0.5 166,159,146
052 99 02 0.5 135,117,96
052 99 00 0.5 74,56,38
052 99 00 0.5 23,5,0
052 99 00 0.5 0,0,0
052 99 00 0.5 0,0,0
052 99 00 0.5 0,0,0
052 99 01 0.5 0,0,6
052 99 05 0.5 49,69,84
052 99 05 0.6 88,244,238
052 99 03 0.6 236,239,243
052 99 03 0.6 241,229,213
052 99 02 0.6 194,183,165
052 99 01 0.6 147,120,104
052 99 01 0.6 85,67,52
052 99 00 0.6 34,14,0
052 99 00 0.6 0,0,0
052 99 00 0.6 0,0,0
052 99 01 0.6 0,54,105
052 99 04 0.6 145,173,197
052 99 05 0.7 204,277,274
052 99 05 0.7 277,281,281
052 99 04 0.7 277,271,261
052 99 03 0.7 245,233,215
052 99 01 0.7 197,172,159
052 99 00 0.7 145,132,108
052 99 00 0.7 92,80,65
052 99 00 0.7 45,22,9
052 99 00 0.7 0,0,0
052 99 00 0.7 19,74,127
052 99 05 0.7 172,204,233
052 99 06 0.7 248,256,256
052 99 07 0.7 280,284,287
052 99 07 0.7 284,282,274
052 99 04 0.7 264,248,235
052 99 01 0.7 221,201,185
052 99 00 0.7 170,159,144
052 99 00 0.7 131,115,93
052 99 00 0.7 71,53,40
052 99 00 0.7 28,16,24
052 99 00 0.7 56,113,158
052 99 07 0.7 190,207,223
052 99 08 0.5 228,228,204
052 99 04 0.5 206,209,211
052 99 03 0.5 202,184,172
052 99 02 0.5 160,147,132
052 99 01 0.5 110,97,79
052 99 00 0.5 70,54,35
052 99 00 0.5 14,0,0
052 99 00 0.5 0,0,0
052 99 00 0.5 0,0,0
052 99 01 0.5 0,13,68
052 99 06 0.5 112,147,175
052 99 07 0.8 192,199,197
052 99 07 0.8 311,316,308
052 99 06 0.8 304,296,289
052 99 03 0.8 269,248,226
052 99 00 0.8 213,198,186
052 99 00 0.8 169,151,131
052 99 00 0.8 114,99,86
052 99 00 0.8 64,42,24
052 99 00 0.8 12,0,0
052 99 00 0.8 12,62,131
052 99 07 0.8 184,228,259
052 99 08 0.8 281,294,297
052 99 08 0.8 312,315,319
052 99 08 0.8 326,324,319
052 99 05 0.8 306,285,272
052 99 02 0.8 260,252,239
052 99 00 0.8 222,211,196
052 99 00 0.8 181,167,152
052 99 00 0.8 135,119,104
052 99 00 0.8 92,74,60
052 99 00 0.8 54,75,117
052 99 04 0.8 169,209,235
052 99 08 0.5 252,262,267
052 99 05 0.5 213,210,207
052 99 04 0.5 205,201,198
052 99 03 0.5 183,172,150
052 99 01 0.5 138,117,102
052 99 00 0.5 87,75,63
052 99 00 0.5 45,23,0
052 99 00 0.5 0,0,0
052 99 00 0.5 0,0,0
052 99 00 0.5 0,0,0
052 99 02 0.5 0,55,100
052 99 06 0.5 140,167,190
052 99 07 0.8 195,196,315
052 99 08 0.8 320,322,320
052 99 07 0.8 315,305,292
052 99 03 0.8 277,265,249
052 99 00 0.8 232,212,193
052 99 00 0.8 175,154,140
052 99 00 0.8 125,113,93
052 99 00 0.8 69,51,32
052 99 00 0.8 15,0,0
052 99 00 0.8 10,61,128
052 99 07 0.8 184,230,264
052 99 08 0.8 289,302,307
052 99 08 0.8 312,317,329
052 99 08 0.8 336,332,331
052 99 06 0.8 316,301,286
052 99 02 0.8 269,259,239
052 99 00 0.8 225,205,192
052 99 00 0.8 171,152,135
052 99 00 0.8 120,103,88
052 99 00 0.8 75,59,44
052 99 00 0.8 27,27,54
052 99 02 0.8 105,167,212
052 99 08 0.8 242,262,269
052 99 08 0.6 272,245,246
052 99 05 0.6 253,248,245
052 99 03 0.6 228,220,203
052 99 02 0.6 193,178,160
052 99 00 0.6 142,126,116
052 99 00 0.6 104,88,69
052 99 00 0.6 51,30,17
052 99 00 0.6 0,0,0
052 99 00 0.6 0,0,0
052 99 01 0.6 23,84,135
052 99 06 0.6 170,190,203
052 99 06 0.6 210,214,222
052 98 05 0.7 222,228,276
052 98 06 0.7 272,254,249
052 98 02 0.7 227,210,194
052 98 00 0.7 186,177,157
052 98 00 0.7 138,118,101
052 98 00 0.7 81,59,37
052 98 00 0.7 22,3,0
052 98 00 0.7 0,0,0
052 98 00 0.7 0,15,84
052 98 07 0.7 147,195,229
052 98 08 0.8 262,276,286
052 98 08 0.8 335,332,331
052 98 07 0.8 327,331,319
052 98 04 0.8 305,284,269
052 98 01 0.8 261,245,234
052 98 00 0.8 215,203,188
052 98 00 0.8 173,161,142
052 98 00 0.8 124,98,85
052 98 00 0.8 63,48,31
052 98 00 0.8 23,31,66
052 98 03 0.8 125,184,228
052 98 08 0.8 265,292,310
052 98 08 0.7 312,291,291
052 98 08 0.7 296,300,305
052 98 07 0.7 304,296,282
052 98 03 0.7 261,244,226
052 98 00 0.7 212,197,185
052 98 00 0.7 173,162,140
052 98 00 0.7 121,99,84
052 98 00 0.7 62,42,25
052 98 00 0.7 10,7,12
052 98 00 0.7 49,104,160
052 98 07 0.7 202,226,243
052 98 07 0.6 248,243,244
052 98 05 0.6 246,249,246
052 98 04 0.6 241,231,218
052 98 02 0.6 197,177,155
052 98 00 0.6 138,121,109
052 98 00 0.6 96,83,66
052 98 00 0.6 52,29,10
052 98 00 0.6 0,0,0
052 98 00 0.6 0,0,0
052 98 00 0.6 0,0,63
052 98 05 0.6 126,177,219
052 98 08 0.6 254,279,288
052 98 07 0.6 291,294,298
052 98 06 1.0 305,389,382
052 98 04 1.0 367,352,337
052 98 02 1.0 315,295,271
052 98 00 1.0 256,240,217
052 98 00 1.0 194,177,162
052 98 00 1.0 146,121,101
052 98 00 1.0 77,58,38
052 98 00 1.0 27,35,70
052 98 02 1.0 129,194,249
052 98 07 1.0 295,330,357
052 98 07 0.8 368,370,345
052 98 06 0.8 350,358,355
052 98 04 0.8 345,325,313
052 98 02 0.8 297,282,260
052 98 01 0.8 244,231,216
052 98 00 0.8 201,178,162
052 98 00 0.8 140,125,103
052 98 00 0.8 81,65,50
052 98 00 0.8 35,15,1
052 98 00 0.8 14,51,110
052 98 04 0.8 158,196,219
053 98 05 0.6 234,236,235
053 98 03 0.6 232,235,237
053 98 03 0.6 225,213,196
053 98 02 0.6 184,166,151
053 98 02 0.6 141,129,119
053 98 01 0.6 103,90,70
053 98 01 0.6 50,27,1
053 98 00 0.6 0,0,0
053 98 00 0.6 0,0,0
053 98 00 0.6 0,0,0
053 98 03 0.6 63,122,171
053 98 05 0.6 205,223,230
053 98 04 0.8 230,347,350
053 98 05 0.8 350,345,330
053 98 04 0.8 321,310,301
053 98 02 0.8 286,271,251
053 98 00 0.8 232,215,202
053 98 00 0.8 185,166,150
053 98 00 0.8 129,106,80
053 98 00 0.8 58,38,18
053 98 00 0.8 5,7,33
053 98 01 0.8 89,156,220
053 98 07 0.8 262,303,332
053 98 07 0.9 345,348,347
053 98 06 0.9 350,350,352
053 98 05 0.9 350,338,322
053 98 03 0.9 300,284,273
053 98 01 0.9 266,256,239
053 98 00 0.9 222,209,197
053 98 00 0.9 180,161,145
053 98 00 0.9 126,104,76
053 98 00 0.9 61,46,41
053 98 00 0.9 61,106,169
053 98 05 0.9 225,269,293
053 98 06 0.9 310,313,318
053 98 06 0.7 271,275,268
053 98 06 0.7 268,256,249
053 98 03 0.7 237,226,211
053 98 00 0.7 190,173,162
053 98 00 0.7 153,140,123
053 98 00 0.7 103,80,58
053 98 00 0.7 36,26,6
053 98 00 0.7 0,0,0
053 98 00 0.7 0,0,64
053 98 06 0.7 131,184,229
053 98 08 0.9 265,295,303
053 98 07 0.9 353,348,346
053 98 05 0.9 355,353,348
053 98 04 0.9 336,323,311
053 98 02 0.9 291,269,243
053 98 00 0.9 228,215,198
053 98 00 0.9 178,160,145
053 98 00 0.9 124,100,82
053 98 00 0.9 61,46,23
053 98 00 0.9 15,10,44
053 98 02 0.9 100,178,240
053 98 07 0.9 289,319,345
052 98 07 0.9 358,366,368
052 98 06 0.9 362,367,369
052 98 05 0.9 369,360,348
052 98 03 0.9 332,318,306
052 98 02 0.9 298,286,274
052 98 01 0.9 259,237,218
052 98 00 0.9 198,185,162
052 98 00 0.9 143,116,91
052 98 00 0.9 61,46,51
052 98 00 0.9 85,142,201
052 98 04 0.9 245,278,305
052 98 06 0.7 323,325,272
052 98 07 0.7 268,270,273
052 98 06 0.7 270,266,255
052 98 03 0.7 238,214,194
052 98 00 0.7 177,160,143
052 98 00 0.7 123,102,81
052 98 00 0.7 59,41,21
052 98 00 0.7 0,0,0
052 98 00 0.7 0,0,0
052 98 00 0.7 0,27,87
052 98 07 0.7 137,170,194
052 98 08 0.7 206,211,213
052 98 08 0.7 297,292,290
052 98 06 0.7 287,283,270
052 98 03 0.7 251,233,210
052 98 00 0.7 190,171,149
052 98 00 0.7 128,107,89
052 98 00 0.7 68,44,16
052 98 00 0.7 0,0,0
052 98 00 0.7 0,0,0
052 98 00 0.7 0,56,118
052 98 08 0.7 168,206,233
052 98 08 0.8 241,238,301
052 98 08 0.8 298,299,298
052 98 06 0.8 289,276,260
052 98 02 0.8 249,229,206
052 98 00 0.8 180,162,141
052 98 00 0.8 116,96,81
052 98 00 0.8 64,43,21
052 98 00 0.8 4,0,0
052 98 00 0.8 0,0,19
052 98 03 0.8 73,123,162
052 98 08 0.6 189,207,204
052 98 06 0.6 242,235,238
052 98 04 0.6 237,229,222
052 98 02 0.6 207,193,171
052 98 01 0.6 151,130,105
052 98 00 0.6 83,61,38
052 98 00 0.6 23,3,0
052 98 00 0.6 0,0,0
052 98 00 0.6 0,0,0
052 98 00 0.6 0,3,60
052 98 05 0.6 98,125,145
052 98 05 0.7 150,261,253
052 98 06 0.7 248,244,238
052 98 04 0.7 235,223,206
052 98 00 0.7 181,158,139
052 98 00 0.7 121,106,84
052 98 00 0.7 67,42,25
052 98 00 0.7 3,0,0
052 98 00 0.7 0,0,0
052 98 00 0.7 0,0,24
052 98 06 0.7 89,131,173
053 98 08 0.8 193,211,213
053 98 08 0.8 303,298,292
053 98 06 0.8 291,283,273
053 98 03 0.8 259,242,225
053 98 00 0.8 208,192,170

