176927!20190919_125729!0!0
2.95!2.79!2.88!2.95!3.03!2.94!
97!53!61!0!600
490.2 3.0 30 39

061 97 07 2.5 1298,1353,1232
061 97 05 2.5 1190,1115,1029
061 97 05 2.5 955,919,891
061 97 03 2.5 864,814,764
061 97 01 2.5 691,618,540
061 97 00 2.5 471,407,343
061 97 01 2.5 292,234,187
061 97 00 2.5 131,87,33
061 97 00 2.5 0,0,105
061 97 02 2.5 449,865,1176
061 97 03 2.8 1316,1361,1357
061 97 04 2.8 1380,1325,1249
061 97 04 2.8 1171,1109,1069
061 97 03 2.8 1025,971,900
061 97 00 2.8 813,727,635
061 97 02 2.8 562,490,429
061 97 00 2.8 363,303,241
061 97 00 2.8 189,129,71
061 97 00 2.8 2,0,0
061 97 00 2.8 171,540,938
060 97 05 2.7 1189,1292,1305
060 97 05 2.7 1352,1297,1226
060 97 06 2.7 1141,1083,1045
060 97 05 2.7 1017,979,926
060 97 00 2.7 861,786,713
060 97 01 2.7 632,556,482
060 97 00 2.7 425,367,314
060 97 00 2.7 262,210,156
060 97 00 2.7 92,31,14
060 97 00 2.7 165,502,904
060 97 06 2.7 1192,1313,1334
060 97 07 2.6 1309,1272,1207
060 97 05 2.6 1129,1063,1023
060 97 07 2.6 993,956,904
060 97 00 2.6 833,748,667
060 97 00 2.6 591,524,460
060 97 00 2.6 398,341,277
060 97 00 2.6 219,157,100
060 97 00 2.6 42,0,0
060 97 00 2.6 0,155,537
060 97 07 2.6 953,1227,1340
060 97 02 2.8 1367,1361,1410
060 97 07 2.8 1346,1269,1211
060 97 07 2.8 1169,1141,1091
060 97 03 2.8 1034,962,891
060 97 00 2.8 820,749,686
060 97 01 2.8 622,559,499
060 97 00 2.8 448,400,348
060 97 00 2.8 294,236,182
060 97 00 2.8 115,76,140
060 97 01 2.8 408,807,1156
059 97 07 2.6 1344,1399,1416
059 97 05 2.6 1307,1252,1169
059 97 06 2.6 1111,1067,1041
059 97 07 2.6 1007,964,910
059 97 00 2.6 849,780,707
059 97 00 2.6 642,583,530
059 97 00 2.6 468,406,353
059 97 00 2.6 305,258,198
059 97 00 2.6 135,79,77
059 97 00 2.6 240,582,994
059 97 05 2.6 1292,1434,1475
059 97 07 2.8 1480,1392,1347
059 97 07 2.8 1283,1225,1188
059 97 07 2.8 1161,1134,1086
059 97 03 2.8 1020,940,857
059 97 00 2.8 780,709,646
059 97 01 2.8 588,530,469
059 97 00 2.8 409,358,302
059 97 00 2.8 247,182,128
059 97 00 2.8 77,108,325
059 97 02 2.8 711,1106,1347
059 97 06 2.7 1443,1464,1466
059 97 06 2.7 1357,1297,1217
059 97 07 2.7 1164,1133,1108
059 97 05 2.7 1074,1016,942
059 97 00 2.7 860,787,720
059 97 00 2.7 660,597,536
059 97 00 2.7 473,411,362
059 97 00 2.7 308,257,193
059 97 00 2.7 135,79,52
059 97 00 2.7 155,449,846
059 97 07 2.7 1161,1305,1334
060 97 07 2.5 1278,1249,1204
060 97 06 2.5 1155,1110,1081
060 97 08 2.5 1056,1033,993
060 97 03 2.5 934,858,776
060 97 00 2.5 697,624,567
060 97 00 2.5 514,466,413
060 97 00 2.5 363,314,259
060 97 00 2.5 207,147,133
060 97 00 2.5 260,589,996
060 97 05 2.5 1313,1462,1515
060 97 07 2.8 1533,1396,1359
060 97 06 2.8 1294,1241,1206
060 97 08 2.8 1186,1161,1124
060 97 04 2.8 1071,1007,936
060 97 00 2.8 863,785,713
060 97 01 2.8 653,596,535
060 97 00 2.8 470,408,351
060 97 00 2.8 290,232,183
060 97 00 2.8 224,461,849
060 97 07 2.8 1231,1456,1555
060 97 07 2.8 1597,1611,1408
060 97 05 2.8 1354,1292,1247
060 97 07 2.8 1217,1188,1154
060 97 04 2.8 1103,1046,978
060 97 00 2.8 911,847,791
060 97 00 2.8 744,688,632
060 97 01 2.8 580,530,477
060 97 00 2.8 421,371,316
060 97 00 2.8 271,307,534
060 97 03 2.8 905,1276,1493
060 97 08 2.7 1578,1598,1327
060 97 04 2.7 1293,1234,1184
060 97 03 2.7 1151,1139,1113
060 97 08 2.7 1075,1021,958
060 97 00 2.7 889,813,742
060 97 00 2.7 676,621,567
060 97 00 2.7 516,467,423
060 97 00 2.7 367,311,257
060 97 00 2.7 218,220,374
060 97 03 2.7 713,1115,1418
060 97 05 2.7 1571,1648,1690
060 97 06 3.0 1702,1466,1406
060 97 06 3.0 1349,1299,1273
060 97 08 3.0 1236,1196,1143
060 97 02 3.0 1075,1002,917
060 97 00 3.0 845,778,717
060 97 01 3.0 656,595,538
060 97 00 3.0 491,433,380
060 97 00 3.0 314,255,233
060 97 00 3.0 356,672,1066
060 97 05 3.0 1366,1507,1554
060 97 07 2.7 1570,1560,1299
060 97 07 2.7 1241,1188,1155
060 97 08 2.7 1135,1107,1069
060 97 03 2.7 1012,952,883
060 97 00 2.7 818,752,681
060 97 00 2.7 619,558,505
060 97 00 2.7 451,398,345
060 97 00 2.7 289,226,180
060 97 00 2.7 240,497,871
060 97 07 2.7 1217,1412,1504
059 97 08 2.8 1543,1553,1348
059 97 06 2.8 1293,1230,1179
059 97 08 2.8 1148,1121,1083
059 97 04 2.8 1032,961,891
059 97 00 2.8 814,743,667
059 97 01 2.8 600,540,481
059 97 00 2.8 423,364,311
059 97 00 2.8 256,195,123
059 97 00 2.8 79,158,436
059 97 04 2.8 831,1173,1361
059 97 08 2.9 1437,1486,1501
059 97 04 2.9 1393,1325,1251
059 97 07 2.9 1208,1175,1148
059 97 05 2.9 1095,1034,947
059 97 00 2.9 868,777,705
059 97 01 2.9 630,559,495
059 97 00 2.9 436,384,324
059 97 00 2.9 263,204,151
059 97 00 2.9 159,330,670
059 97 04 2.9 1034,1278,1387
059 97 07 2.7 1432,1445,1277
059 97 07 2.7 1225,1153,1097
059 97 06 2.7 1052,1024,987
059 97 04 2.7 940,873,794
059 97 00 2.7 711,626,550
059 97 00 2.7 479,408,340
059 97 00 2.7 271,209,136
059 97 00 2.7 63,0,0
059 97 00 2.7 173,514,864
059 97 06 2.7 1087,1175,1204
059 97 07 2.5 1212,1162,1093
059 97 07 2.5 1017,962,915
059 97 03 2.5 881,840,791
059 97 00 2.5 725,652,570
059 97 00 2.5 496,424,350
059 97 00 2.5 273,203,148
059 97 00 2.5 91,28,0
059 97 00 2.5 0,0,64
059 97 03 2.5 394,740,954
059 97 05 2.3 1025,1021,1096
059 97 06 2.3 1024,937,872
059 97 05 2.3 826,806,771
059 97 01 2.3 723,650,571
059 97 00 2.3 491,412,336
059 97 00 2.3 265,194,131
059 97 00 2.3 67,6,0
059 97 00 2.3 0,0,0
059 97 00 2.3 0,0,221
059 97 06 2.3 625,909,1045
059 97 08 2.7 1083,1090,1313
059 97 04 2.7 1264,1197,1138
059 97 06 2.7 1090,1052,1009
059 97 03 2.7 949,880,795
059 97 00 2.7 721,636,557
059 97 00 2.7 474,397,330
059 97 00 2.7 268,209,141
059 97 00 2.7 69,0,0
059 97 00 2.7 0,0,0
059 97 00 2.7 110,497,848
059 97 08 2.6 1037,1104,1100
059 97 04 2.6 1291,1228,1158
059 97 05 2.6 1079,1031,988
059 97 04 2.6 954,905,845
059 97 00 2.6 772,685,604
059 97 00 2.6 522,456,391
059 97 00 2.6 325,267,201
059 97 00 2.6 143,73,9
059 97 00 2.6 0,0,0
059 97 00 2.6 0,0,327
059 97 01 2.6 706,938,1023
059 97 07 2.4 1019,1171,1103
059 97 06 2.4 1028,963,925
059 97 05 2.4 899,874,829
059 97 01 2.4 772,697,627
059 97 00 2.4 547,471,394
059 97 00 2.4 324,256,195
059 97 00 2.4 145,95,38
059 97 00 2.4 0,0,0
059 97 00 2.4 0,17,358
059 97 06 2.4 745,1036,1169
059 97 08 2.7 1224,1222,1347
059 97 07 2.7 1294,1230,1173
059 97 06 2.7 1135,1108,1070
059 97 04 2.7 1019,952,872
059 97 00 2.7 794,712,640
059 97 00 2.7 561,489,417
059 97 00 2.7 351,294,231
059 97 00 2.7 171,100,29
059 97 00 2.7 0,0,0
059 97 00 2.7 210,594,951
059 97 07 2.6 1153,1221,1235
059 97 05 2.6 1316,1274,1207
059 97 07 2.6 1140,1104,1082
059 97 08 2.6 1055,1012,959
059 97 00 2.6 892,824,752
059 97 00 2.6 686,620,558
059 97 00 2.6 502,450,399
059 97 00 2.6 347,299,248
059 97 00 2.6 203,148,95
059 97 00 2.6 93,247,575
059 97 02 2.6 941,1191,1288
059 97 08 2.4 1300,1199,1155
059 97 06 2.4 1100,1037,993
059 97 07 2.4 964,944,909
059 97 03 2.4 858,794,722
059 97 00 2.4 652,573,501
059 97 01 2.4 439,385,330
059 97 00 2.4 270,217,165
059 97 00 2.4 108,51,0
059 97 00 2.4 0,2,235
059 97 03 2.4 614,995,1223
059 97 04 2.9 1332,1377,1393
059 97 06 2.9 1420,1365,1301
059 97 06 2.9 1246,1208,1182
059 97 06 2.9 1147,1090,1019
059 97 00 2.9 941,870,802
059 97 00 2.9 734,681,618
059 97 01 2.9 560,498,446
059 97 00 2.9 388,329,267
059 97 00 2.9 208,149,94
059 97 00 2.9 72,187,491
059 97 06 2.9 880,1179,1316
058 97 08 2.6 1363,1371,1277
058 97 04 2.6 1224,1164,1116
058 97 06 2.6 1089,1071,1051
058 97 07 2.6 1012,959,896
058 97 00 2.6 831,765,697
058 97 00 2.6 642,588,535
058 97 00 2.6 471,410,352
058 97 00 2.6 303,247,194
058 97 00 2.6 127,77,66
058 97 00 2.6 224,551,944
058 97 07 2.6 1226,1356,1400
058 97 08 2.7 1410,1338,1298
058 97 06 2.7 1243,1197,1162
058 97 08 2.7 1138,1106,1062
058 97 04 2.7 999,928,859
058 97 00 2.7 797,734,670
058 97 01 2.7 606,553,507
058 97 00 2.7 451,396,336
058 97 00 2.7 282,223,154
058 97 00 2.7 100,92,247
058 97 03 2.7 574,963,1253
058 97 02 2.7 1393,1459,1485
058 97 07 2.8 1487,1363,1304
058 97 05 2.8 1246,1212,1183
058 97 07 2.8 1155,1110,1056
058 97 01 2.8 990,923,858
058 97 00 2.8 786,723,654
058 97 01 2.8 597,539,487
058 97 00 2.8 432,370,310
058 97 00 2.8 252,194,137
058 97 00 2.8 91,160,415
058 97 03 2.8 792,1112,1276
058 97 07 2.5 1332,1347,1243
058 97 05 2.5 1197,1141,1096
058 97 05 2.5 1070,1044,1015
058 97 03 2.5 973,925,860
058 97 01 2.5 797,730,665
058 97 00 2.5 598,538,483
058 97 02 2.5 435,386,333
058 97 01 2.5 277,221,167
058 97 00 2.5 111,74,145
058 97 01 2.5 409,786,1135
058 97 05 2.5 1332,1429,1474
058 97 05 2.9 1500,1410,1357
058 97 04 2.9 1289,1242,1214
058 97 05 2.9 1190,1155,1107
058 97 02 2.9 1038,970,897
058 97 00 2.9 833,764,695
058 97 01 2.9 634,573,515
058 97 01 2.9 458,394,332
058 97 00 2.9 269,211,145
058 97 00 2.9 75,18,62
058 97 01 2.9 292,667,1037
058 97 05 2.9 1266,1371,1410
058 97 05 2.8 1420,1382,1333
058 97 05 2.8 1273,1226,1200
058 97 07 2.8 1168,1127,1067
058 97 02 2.8 1006,940,871
058 97 00 2.8 801,734,673
058 97 02 2.8 622,571,518
058 97 00 2.8 463,407,354
058 97 00 2.8 296,239,183
058 97 00 2.8 131,79,33
058 97 00 2.8 53,237,578
058 97 03 2.8 934,1168,1258
058 97 07 2.5 1273,1232,1195
058 97 04 2.5 1141,1092,1048
058 97 05 2.5 1026,1000,965
058 97 03 2.5 915,854,786
058 97 00 2.5 705,630,569
058 97 01 2.5 515,464,413
058 97 01 2.5 361,308,252
058 97 01 2.5 200,136,68
058 97 00 2.5 0,0,0
058 97 00 2.5 0,111,468
058 97 03 2.5 851,1129,1257
058 97 04 2.9 1320,1334,1332
058 97 04 2.9 1397,1347,1296
058 97 04 2.9 1264,1237,1199
058 97 04 2.9 1153,1088,1020
058 97 00 2.9 943,875,802
058 97 00 2.9 733,665,602
058 97 01 2.9 534,473,409
058 97 00 2.9 346,275,211
058 97 00 2.9 147,85,24
058 97 00 2.9 0,0,52
058 97 01 2.9 356,752,1069
058 97 05 2.9 1236,1302,1321
058 97 04 2.8 1373,1331,1272
058 97 06 2.8 1212,1174,1154
058 97 06 2.8 1135,1101,1052
058 97 02 2.8 986,917,844
058 97 00 2.8 789,736,687
058 97 00 2.8 632,577,523
058 97 00 2.8 468,416,358
058 97 00 2.8 296,232,172
058 97 00 2.8 115,75,113
058 97 00 2.8 322,671,1029
058 97 07 2.8 1259,1363,1402
057 97 06 2.7 1412,1318,1268
057 97 07 2.7 1217,1177,1147
057 97 08 2.7 1113,1081,1034
057 97 03 2.7 984,917,854
057 97 00 2.7 798,733,673
057 97 00 2.7 612,561,508
057 97 00 2.7 457,403,348
057 97 00 2.7 283,227,163
057 97 00 2.7 101,42,20
057 97 00 2.7 133,425,826
057 97 04 2.7 1163,1357,1449
057 97 02 3.0 1498,1522,1494
057 97 06 3.0 1450,1391,1351
057 97 05 3.0 1323,1299,1260
057 97 05 3.0 1212,1149,1080
057 97 00 3.0 1004,935,867
057 97 00 3.0 810,755,698
057 97 01 3.0 637,572,510
057 97 00 3.0 447,389,333
057 97 00 3.0 271,211,141
057 97 00 3.0 93,117,330
057 97 03 3.0 690,1057,1288
057 97 08 3.0 1381,1423,1440
057 97 06 2.7 1339,1300,1242
057 97 06 2.7 1210,1181,1163
057 97 07 2.7 1139,1106,1050
057 97 02 2.7 985,929,878
057 97 00 2.7 818,756,701
057 97 01 2.7 654,605,550
057 97 01 2.7 495,438,382
057 97 00 2.7 329,279,224
057 97 00 2.7 166,140,259
057 97 02 2.7 561,943,1256
057 97 07 2.7 1420,1499,1536
056 97 07 2.8 1546,1387,1338
056 97 06 2.8 1289,1259,1243
056 97 08 2.8 1225,1190,1138
056 97 03 2.8 1075,1009,944
056 97 00 2.8 884,821,763
056 97 00 2.8 714,670,618
056 97 01 2.8 555,494,435
056 97 00 2.8 382,324,273
056 97 00 2.8 213,164,176
056 97 00 2.8 364,706,1085
056 97 07 2.8 1351,1496,1573
056 97 06 3.0 1619,1631,1454
056 97 07 3.0 1401,1354,1325
056 97 07 3.0 1309,1284,1237
056 97 05 3.0 1184,1121,1057
056 97 00 3.0 988,923,857
056 97 00 3.0 796,736,677
056 97 01 3.0 621,566,514
056 97 00 3.0 455,397,328
056 97 00 3.0 268,209,156
056 97 00 3.0 109,143,360
056 97 02 3.0 716,1076,1301
056 97 08 3.0 1407,1448,1469
056 97 04 2.8 1351,1322,1275
056 97 04 2.8 1243,1222,1200
056 97 07 2.8 1169,1122,1071
056 97 02 2.8 1008,949,881
056 97 00 2.8 826,764,711
056 97 00 2.8 661,613,562
056 97 01 2.8 508,451,395
056 97 00 2.8 328,265,204
056 97 00 2.8 151,123,214
056 97 01 2.8 489,869,1201
056 97 07 2.8 1397,1498,1554
055 97 07 2.9 1577,1442,1396
055 97 07 2.9 1344,1303,1282
055 97 08 2.9 1263,1232,1183
055 97 04 2.9 1126,1064,997
055 97 00 2.9 922,853,790
055 97 00 2.9 734,679,625
055 97 00 2.9 572,512,447
055 97 00 2.9 379,312,244
055 97 00 2.9 175,110,51
055 97 00 2.9 0,38,256
055 97 03 2.9 626,980,1217
055 97 08 2.9 1328,1388,1403
055 97 05 2.8 1394,1350,1296
055 97 06 2.8 1238,1206,1177
055 97 06 2.8 1150,1101,1038
055 97 01 2.8 975,906,839
055 97 00 2.8 772,712,655
055 97 01 2.8 601,542,488
055 97 00 2.8 427,369,304
055 97 00 2.8 242,181,128
055 97 00 2.8 79,30,6
055 97 00 2.8 97,367,732
055 97 07 2.8 1035,1193,1238
055 97 05 2.5 1243,1220,1181
055 97 04 2.5 1126,1073,1042
055 97 04 2.5 1018,991,958
055 97 02 2.5 904,845,782
055 97 00 2.5 713,639,568
055 97 01 2.5 512,460,407
055 97 01 2.5 349,286,223
055 97 00 2.5 161,104,43
055 97 00 2.5 0,0,0
055 97 00 2.5 0,37,370
055 97 05 2.5 760,1053,1206
054 97 06 2.9 1268,1303,1299
054 97 04 2.9 1391,1339,1280
054 97 04 2.9 1237,1198,1167
054 97 03 2.9 1122,1071,1010
054 97 01 2.9 945,873,800
054 97 00 2.9 732,675,623
054 97 01 2.9 568,510,447
054 97 00 2.9 381,310,245
054 97 00 2.9 188,125,57
054 97 00 2.9 0,0,20
054 97 00 2.9 260,624,961
054 97 05 2.9 1157,1235,1265
054 97 03 2.7 1274,1286,1235
054 97 04 2.7 1173,1132,1104
054 97 07 2.7 1081,1053,1005
054 97 02 2.7 948,890,833
054 97 00 2.7 779,718,662
054 97 00 2.7 607,563,512
054 97 01 2.7 452,392,331
054 97 00 2.7 278,219,160
054 97 00 2.7 96,43,53
054 97 00 2.7 236,568,938
054 97 06 2.7 1194,1325,1388
054 97 07 2.8 1415,1419,1355
054 97 06 2.8 1312,1263,1232
054 97 08 2.8 1202,1171,1126
054 97 04 2.8 1077,1012,943
054 97 00 2.8 869,806,748
054 97 01 2.8 691,637,586
054 97 01 2.8 540,489,433
054 97 00 2.8 371,308,247
054 97 00 2.8 180,122,124
054 97 00 2.8 300,637,1012
054 97 06 2.8 1272,1403,1463
054 97 07 2.8 1492,1488,1346
054 97 07 2.8 1295,1247,1219
054 97 08 2.8 1192,1163,1116
054 97 04 2.8 1061,992,929
054 97 00 2.8 865,805,747
054 97 00 2.8 694,644,589
054 97 01 2.8 535,476,424
054 97 00 2.8 371,321,273
054 97 00 2.8 222,169,141
054 97 00 2.8 236,504,852
054 97 07 2.8 1140,1285,1344
054 97 05 2.5 1356,1203,1166
054 97 06 2.5 1117,1080,1053
054 97 07 2.5 1036,1008,971
054 97 03 2.5 920,859,796
054 97 00 2.5 725,664,604
054 97 00 2.5 559,507,460
054 97 01 2.5 400,341,285
054 97 00 2.5 234,180,124
054 97 00 2.5 63,6,2
054 97 00 2.5 165,496,879
054 97 06 2.5 1159,1309,1391
054 97 08 3.0 1441,1464,1449
054 97 05 3.0 1403,1347,1311
054 97 07 3.0 1278,1251,1211
054 97 05 3.0 1160,1094,1024
054 97 00 3.0 950,879,808
054 97 00 3.0 743,682,622
054 97 00 3.0 569,507,450
054 97 00 3.0 386,325,265
054 97 00 3.0 202,146,83
054 97 00 3.0 40,91,327
054 97 02 3.0 693,1038,1239
054 97 07 2.7 1326,1357,1367
054 97 03 2.7 1306,1259,1205
054 97 06 2.7 1163,1136,1115
054 97 08 2.7 1086,1041,980
054 97 00 2.7 915,855,798
054 97 00 2.7 741,684,622
054 97 00 2.7 564,505,449
054 97 00 2.7 392,340,285
054 97 00 2.7 223,166,110
054 97 00 2.7 49,0,0
054 97 00 2.7 143,466,837
054 97 06 2.7 1112,1248,1302
054 97 08 2.7 1321,1323,1320
054 97 06 2.7 1274,1222,1195
054 97 06 2.7 1171,1154,1106
054 97 05 2.7 1051,975,906
054 97 00 2.7 839,775,720
054 97 01 2.7 662,606,545
054 97 00 2.7 481,420,358
054 97 00 2.7 293,231,166
054 97 00 2.7 110,53,0
054 97 00 2.7 0,58,347
054 97 06 2.7 727,1048,1225
054 97 08 2.8 1299,1334,1343
054 97 07 2.8 1361,1307,1247
054 97 05 2.8 1207,1185,1160
054 97 06 2.8 1121,1072,1014
054 97 01 2.8 951,886,823
054 97 00 2.8 762,705,647
054 97 02 2.8 594,534,473
054 97 00 2.8 417,364,322
054 97 00 2.8 274,229,183
054 97 00 2.8 130,98,191
054 97 01 2.8 458,825,1126
053 97 06 2.5 1282,1328,1336
053 97 05 2.5 1218,1180,1122
053 97 04 2.5 1076,1042,1017
053 97 04 2.5 986,943,896
053 97 01 2.5 841,784,712
053 97 00 2.5 650,583,523
053 97 02 2.5 462,412,361
053 97 01 2.5 313,254,198
053 97 00 2.5 129,65,6
053 97 00 2.5 0,0,0
053 97 00 2.5 178,545,908
053 97 05 2.5 1141,1251,1297
053 97 05 2.9 1314,1400,1360
053 97 05 2.9 1310,1261,1227
053 97 05 2.9 1194,1155,1106
053 97 02 2.9 1042,970,893
053 97 00 2.9 822,757,694
053 97 01 2.9 630,569,503
053 97 00 2.9 436,371,307
053 97 00 2.9 251,182,121
053 97 00 2.9 54,0,0
053 97 00 2.9 0,0,0
053 97 01 2.9 218,598,923
053 97 04 2.9 1098,1169,1188
053 97 03 2.7 1332,1295,1243
053 97 04 2.7 1200,1166,1151
053 97 07 2.7 1125,1090,1043
053 97 02 2.7 988,927,860
053 97 00 2.7 794,743,689
053 97 00 2.7 642,584,531
053 97 01 2.7 471,414,364
053 97 00 2.7 310,255,194

