176927!20190917_135825!0!0
2.94!2.88!3.07!3.11!3.13!3.15!
96!57!64!534!534
501.0 2.97 44 143

062 96 02 2.3 0,0,0
062 96 00 2.3 0,0,0
062 96 02 2.3 73,303,464
062 96 07 2.0 528,530,705
062 96 04 2.0 628,541,477
062 96 02 2.0 451,439,419
062 96 01 2.0 390,350,315
062 96 00 2.0 277,242,200
062 96 00 2.0 155,110,75
062 96 00 2.0 45,23,5
062 96 00 2.0 0,0,0
062 96 01 2.0 115,336,561
062 96 05 2.2 719,777,789
062 96 05 2.2 789,732,656
062 96 06 2.2 596,547,514
062 96 01 2.2 482,447,403
062 96 00 2.2 344,282,222
062 96 00 2.2 175,145,120
062 96 00 2.2 94,72,55
062 96 00 2.2 40,22,7
062 96 00 2.2 42,182,403
063 96 05 1.9 602,702,715
063 96 06 1.9 681,622,548
063 96 06 1.9 480,429,408
063 96 01 1.9 390,373,339
063 96 00 1.9 295,245,192
063 96 00 1.9 147,105,66
063 96 00 1.9 30,2,0
063 96 00 1.9 0,0,0
063 96 00 1.9 0,101,325
063 96 05 2.0 543,653,680
063 96 06 2.0 731,675,593
063 96 04 2.0 518,471,451
063 96 02 2.0 441,421,385
063 96 01 2.0 335,281,230
063 96 00 2.0 182,142,106
063 96 00 2.0 76,50,28
063 96 00 2.0 2,0,0
063 96 00 2.0 30,202,440
063 96 04 2.0 646,752,797
063 96 05 2.2 799,797,723
063 96 06 2.2 644,578,544
063 96 02 2.2 524,520,503
063 96 01 2.2 474,429,373
063 96 00 2.2 316,256,200
063 96 00 2.2 151,110,85
063 96 00 2.2 68,56,47
063 96 00 2.2 76,211,438
063 96 04 2.2 673,820,872
063 96 08 2.2 877,795,735
063 96 04 2.2 657,590,549
063 96 03 2.2 526,504,475
063 96 00 2.2 436,387,328
063 96 00 2.2 267,218,174
063 96 00 2.2 135,98,69
063 96 00 2.2 41,14,5
063 96 00 2.2 65,249,503
063 96 07 2.2 724,831,854
063 96 06 2.3 835,790,719
063 96 06 2.3 644,585,555
063 96 02 2.3 537,513,480
063 96 00 2.3 429,383,327
063 96 00 2.3 279,228,181
063 96 00 2.3 142,108,88
063 96 00 2.3 63,54,125
063 96 02 2.3 312,554,740
063 96 08 2.1 819,834,754
063 96 04 2.1 697,616,540
063 96 04 2.1 491,461,439
063 96 00 2.1 414,380,335
063 96 00 2.1 275,210,150
063 96 00 2.1 105,69,37
063 96 00 2.1 7,0,0
063 96 00 2.1 0,0,72
063 96 03 2.1 287,500,622
064 96 08 1.9 648,688,631
064 96 06 1.9 556,481,429
064 96 01 1.9 399,383,357
064 96 00 1.9 317,263,206
064 96 00 1.9 155,114,74
064 96 00 1.9 41,4,0
064 96 00 1.9 0,0,0
064 96 00 1.9 0,0,149
064 96 04 1.9 358,511,555
064 96 05 1.8 643,586,513
064 96 05 1.8 434,372,332
064 96 00 1.8 312,290,264
064 96 00 1.8 225,186,147
064 96 00 1.8 108,68,33
064 96 00 1.8 1,0,0
064 96 00 1.8 0,0,0
064 96 00 1.8 0,63,282
064 96 04 1.8 492,615,658
064 96 07 2.1 659,730,659
064 96 06 2.1 581,521,483
064 96 01 2.1 461,435,404
064 96 00 2.1 360,312,258
064 96 00 2.1 205,164,137
064 96 00 2.1 108,77,48
064 96 00 2.1 27,4,0
064 96 00 2.1 0,0,136
064 96 05 2.1 352,547,650
064 96 08 1.9 673,695,640
064 96 06 1.9 566,492,447
064 96 02 1.9 417,404,381
064 96 00 1.9 348,305,261
064 96 00 1.9 218,179,138
064 96 00 1.9 104,73,52
064 96 00 1.9 32,9,0
064 96 00 1.9 0,0,0
064 96 00 1.9 0,141,322
064 96 06 1.5 450,486,535
064 96 03 1.5 478,412,354
064 96 02 1.5 315,293,284
064 96 00 1.5 271,250,215
064 96 00 1.5 181,144,114
064 96 00 1.5 83,55,31
064 96 00 1.5 8,0,0
064 96 00 1.5 0,0,0
064 96 00 1.5 0,61,240
064 96 04 1.5 413,508,533
064 96 06 1.6 590,545,483
064 96 07 1.6 427,379,350
064 96 01 1.6 324,304,272
064 96 00 1.6 242,214,185
064 96 00 1.6 153,118,87
064 96 00 1.6 56,27,3
064 96 00 1.6 0,0,0
064 96 00 1.6 0,0,53
064 96 04 1.6 240,443,582
064 96 08 1.8 632,635,661
064 96 05 1.8 596,526,471
064 96 04 1.8 445,431,421
064 96 02 1.8 397,360,313
064 96 00 1.8 272,229,197
064 96 00 1.8 163,140,110
064 96 00 1.8 87,67,48
064 96 00 1.8 33,14,0
064 96 00 1.8 0,36,174
064 96 05 1.8 355,510,583
064 96 05 1.6 593,575,518
064 96 06 1.6 456,412,391
064 96 02 1.6 379,368,348
064 96 01 1.6 319,281,238
064 96 00 1.6 199,159,122
064 96 00 1.6 88,65,43
064 96 00 1.6 22,0,0
064 96 00 1.6 0,0,0
064 96 00 1.6 9,174,361
064 96 05 1.6 491,532,524
064 96 05 1.6 562,509,451
064 96 04 1.6 405,382,369
064 96 02 1.6 359,338,308
064 96 00 1.6 272,232,189
064 96 00 1.6 147,116,88
064 96 00 1.6 63,39,21
064 96 00 1.6 3,0,0
064 96 00 1.6 0,0,19
064 96 03 1.6 198,419,586
064 96 07 2.0 669,696,691
064 96 04 2.0 722,669,616
064 96 04 2.0 586,567,554
064 96 03 2.0 528,496,450
064 96 01 2.0 407,360,318
064 96 00 2.0 276,244,219
064 96 00 2.0 193,167,137
064 96 00 2.0 114,93,75
064 96 00 2.0 53,37,58
064 96 01 2.0 177,371,569
064 96 04 1.8 684,719,714
064 96 03 1.8 644,593,543
064 96 04 1.8 508,497,484
064 96 03 1.8 468,442,409
064 96 01 1.8 366,318,272
064 96 00 1.8 229,190,161
064 96 00 1.8 133,106,80
064 96 00 1.8 55,28,0
064 96 00 1.8 0,0,0
064 96 00 1.8 54,229,425
064 96 04 1.8 559,617,613
064 96 03 1.8 624,566,519
064 96 04 1.8 484,466,458
064 96 02 1.8 449,432,398
064 96 02 1.8 360,314,272
064 96 00 1.8 231,195,162
064 96 00 1.8 139,111,89
064 96 00 1.8 56,33,3
064 96 00 1.8 0,0,26
064 96 01 1.8 171,397,607
064 96 05 2.2 731,784,799
064 96 05 2.2 806,757,703
064 96 07 2.2 664,647,634
064 96 04 2.2 622,596,561
064 96 01 2.2 513,464,412
064 96 00 2.2 370,335,305
064 96 00 2.2 273,241,210
064 96 00 2.2 183,155,127
064 96 00 2.2 100,72,57
064 96 00 2.2 91,226,434
064 96 06 2.2 631,752,802
064 96 07 2.0 808,724,674
064 96 04 2.0 626,593,583
064 96 03 2.0 579,576,558
064 96 02 2.0 524,479,430
064 96 01 2.0 382,339,301
064 96 00 2.0 269,241,211
064 96 00 2.0 182,151,125
064 96 00 2.0 93,59,28
064 96 00 2.0 17,74,232
064 96 04 2.0 453,639,737
064 96 05 2.0 769,766,716
064 96 04 2.0 662,617,595
064 96 04 2.0 589,584,572
064 96 03 2.0 546,506,459
064 96 01 2.0 410,364,316
064 96 00 2.0 283,244,216
064 96 00 2.0 181,153,121
064 96 00 2.0 88,58,30
064 96 00 2.0 22,81,260
064 96 03 2.0 499,709,830
063 96 06 2.4 893,919,880
063 96 04 2.4 828,771,729
063 96 04 2.4 708,694,682
063 96 03 2.4 654,615,559
063 96 01 2.4 507,452,405
063 96 00 2.4 362,324,293
063 96 00 2.4 256,221,179
063 96 00 2.4 147,116,86
063 96 00 2.4 56,25,16
063 96 00 2.4 85,264,506
063 96 04 2.4 709,831,886
063 96 06 2.3 900,862,806
063 96 07 2.3 748,707,692
063 96 05 2.3 683,662,632
063 96 02 2.3 586,536,484
063 96 00 2.3 440,400,356
063 96 00 2.3 316,273,239
063 96 00 2.3 199,173,142
063 96 00 2.3 115,84,50
063 96 00 2.3 19,0,0
063 96 00 2.3 51,229,433
063 96 05 1.8 588,649,656
063 96 04 1.8 653,605,546
063 96 05 1.8 505,483,486
063 96 03 1.8 477,462,423
063 96 00 1.8 382,330,284
063 96 00 1.8 239,202,168
063 96 00 1.8 133,99,64
063 96 00 1.8 33,3,0
063 96 00 1.8 0,0,0
063 96 00 1.8 0,0,147
063 96 04 1.8 383,573,671
061 96 08 2.2 710,710,803
061 96 05 2.2 755,710,670
061 96 08 2.2 652,632,616
061 96 04 2.2 585,549,495
061 96 00 2.2 445,400,358
061 96 00 2.2 325,283,250
061 96 00 2.2 211,177,143
061 96 00 2.2 113,86,57
061 96 00 2.2 30,13,66
061 96 01 2.2 227,465,679
061 96 05 2.3 802,860,874
061 96 08 2.3 847,798,742
061 96 06 2.3 697,678,667
061 96 07 2.3 659,630,589
061 96 00 2.3 536,488,444
061 96 00 2.3 399,356,316
061 96 00 2.3 285,250,216
061 96 00 2.3 177,148,122
061 96 00 2.3 94,66,36
061 96 00 2.3 5,0,20
061 96 01 2.3 168,381,577
061 96 07 1.9 681,715,719
061 96 04 1.9 686,626,582
061 96 05 1.9 556,545,535
061 96 03 1.9 512,487,450
061 96 00 1.9 408,361,317
061 96 00 1.9 274,230,193
061 96 00 1.9 160,125,95
061 96 00 1.9 67,41,11
061 96 00 1.9 0,0,0
061 96 00 1.9 0,0,49
061 96 04 1.9 254,471,619
060 96 08 2.0 674,691,766
060 96 05 2.0 731,682,635
060 96 08 2.0 612,598,584
060 96 04 2.0 558,523,480
060 96 00 2.0 429,378,330
060 96 00 2.0 291,253,219
060 96 00 2.0 188,157,128
060 96 00 2.0 96,67,36
060 96 00 2.0 9,0,0
060 96 00 2.0 0,112,327
060 96 05 2.0 553,700,763
060 96 08 2.2 786,813,778
060 96 06 2.2 723,682,655
060 96 08 2.2 643,626,604
060 96 03 2.2 570,526,474
060 96 00 2.2 421,378,340
060 96 00 2.2 309,276,245
060 96 00 2.2 211,181,148
060 96 00 2.2 120,87,59
060 96 00 2.2 25,0,0
060 96 00 2.2 0,118,319
060 96 07 2.2 514,629,665
060 96 07 1.8 664,666,614
060 96 07 1.8 560,528,511
060 96 03 1.8 499,480,455
060 96 01 1.8 424,386,340
060 96 00 1.8 296,248,212
060 96 00 1.8 173,143,110
060 96 00 1.8 86,63,41
060 96 00 1.8 12,0,0
060 96 00 1.8 0,0,0
060 96 01 1.8 128,352,541
058 96 07 2.0 648,683,686
058 96 06 2.0 748,705,657
058 96 08 2.0 622,607,591
058 96 06 2.0 573,547,511
058 96 00 2.0 469,413,369
058 96 00 2.0 324,288,247
058 96 00 2.0 211,181,156
058 96 00 2.0 129,97,67
058 96 00 2.0 38,13,0
058 96 00 2.0 0,53,239
058 96 05 2.0 469,643,730
058 96 08 2.1 760,760,755
058 96 06 2.1 704,649,621
058 96 07 2.1 606,598,581
058 96 03 2.1 550,513,462
058 96 00 2.1 415,366,329
058 96 00 2.1 293,257,227
058 96 00 2.1 194,164,129
058 96 00 2.1 107,82,58
058 96 00 2.1 29,3,0
058 96 00 2.1 0,0,123
058 96 05 2.1 331,516,618
058 96 08 1.8 643,680,649
058 96 07 1.8 605,567,539
058 96 04 1.8 529,517,501
058 96 02 1.8 472,433,392
058 96 00 1.8 352,312,267
058 96 00 1.8 229,195,164
058 96 00 1.8 126,94,70
058 96 00 1.8 48,19,0
058 96 00 1.8 0,0,0
058 96 00 1.8 0,120,331
058 96 04 1.8 509,594,615
057 96 05 1.8 692,663,613
057 96 07 1.8 558,528,514
057 96 03 1.8 507,496,468
057 96 01 1.8 436,391,350
057 96 00 1.8 306,264,227
057 96 00 1.8 192,160,131
057 96 00 1.8 101,73,49
057 96 00 1.8 28,4,0
057 96 00 1.8 0,42,219
057 96 04 1.8 441,616,697
057 96 08 2.0 723,714,711
057 96 05 2.0 655,606,574
057 96 03 2.0 562,552,536
057 96 02 2.0 508,474,433
057 96 01 2.0 389,345,308
057 96 00 2.0 267,232,196
057 96 00 2.0 164,128,98
057 96 00 2.0 74,49,26
057 96 00 2.0 31,129,317
057 96 04 2.0 520,653,706
057 96 04 1.8 712,674,628
057 96 05 1.8 572,528,508
057 96 03 1.8 502,488,461
057 96 02 1.8 425,385,337
057 96 00 1.8 295,252,212
057 96 00 1.8 179,145,111
057 96 00 1.8 79,53,30
057 96 00 1.8 0,0,71
057 96 02 1.8 246,447,588
057 96 04 1.7 640,644,633
057 96 05 1.7 590,535,487
057 96 03 1.7 461,447,435
057 96 02 1.7 415,382,342
057 96 01 1.7 294,247,202
057 96 00 1.7 166,134,99
057 96 00 1.7 62,33,6
057 96 00 1.7 0,0,0
057 96 00 1.7 0,0,0
057 96 02 1.7 169,369,507
057 96 04 1.7 553,555,629
057 96 05 1.7 582,526,484
057 96 03 1.7 462,454,436
057 96 02 1.7 416,381,343
057 96 01 1.7 296,243,197
057 96 00 1.7 161,132,102
057 96 00 1.7 68,45,18
057 96 00 1.7 0,0,0
057 96 00 1.7 0,0,0
057 96 00 1.7 0,82,260
057 96 04 1.4 396,454,451
057 96 04 1.4 520,471,417
057 96 04 1.4 372,354,348
057 96 02 1.4 338,313,279
057 96 00 1.4 244,205,161
057 96 00 1.4 125,94,58
057 96 00 1.4 27,0,0
057 96 00 1.4 0,0,0
057 96 00 1.4 0,0,0
057 96 00 1.4 0,34,185
057 96 07 1.2 299,344,337
057 96 06 1.2 423,365,313
057 96 02 1.2 277,255,239
057 96 01 1.2 232,216,194
057 96 01 1.2 160,124,86
057 96 00 1.2 49,19,0
057 96 00 1.2 0,0,0
057 96 00 1.2 0,0,0
057 96 00 1.2 0,0,0
057 96 01 1.2 13,181,356
057 96 03 1.6 459,501,499
057 96 03 1.6 612,568,521
057 96 04 1.6 480,460,447
057 96 02 1.6 435,409,377
057 96 01 1.6 341,299,259
057 96 00 1.6 222,195,173
057 96 00 1.6 147,121,95
057 96 00 1.6 76,57,35
057 96 00 1.6 17,0,0
057 96 00 1.6 46,191,383
057 96 03 1.6 542,622,649
057 96 04 1.7 648,626,577
057 96 05 1.7 529,501,487
057 96 03 1.7 481,465,442
057 96 02 1.7 406,368,332
057 96 00 1.7 292,256,218
057 96 00 1.7 191,169,147
057 96 00 1.7 126,104,86
057 96 00 1.7 64,47,26
057 96 00 1.7 17,34,114
057 96 02 1.7 253,393,482
057 96 02 1.3 505,471,423
057 96 04 1.3 365,311,281
057 96 02 1.3 265,255,239
057 96 01 1.3 216,188,159
057 96 00 1.3 126,96,69
057 96 00 1.3 41,17,0
057 96 00 1.3 0,0,0
057 96 00 1.3 0,0,0
057 96 00 1.3 0,0,34
057 96 03 1.3 198,351,431
057 96 03 1.5 454,559,525
057 96 07 1.5 474,424,395
057 96 03 1.5 388,378,369
057 96 02 1.5 347,317,272
057 96 00 1.5 230,193,166
057 96 00 1.5 144,119,99
057 96 00 1.5 78,66,47
057 96 00 1.5 31,11,0
057 96 00 1.5 0,27,161
057 96 05 1.5 361,545,658
057 96 08 1.9 712,731,736
057 96 04 1.9 695,643,603
057 96 04 1.9 584,572,561
057 96 03 1.9 534,508,469
057 96 01 1.9 431,385,351
057 96 00 1.9 318,292,267
057 96 00 1.9 243,221,201
057 96 00 1.9 180,153,131
057 96 00 1.9 108,91,77
057 96 00 1.9 113,244,444
057 96 03 1.9 622,723,751
057 96 04 1.7 756,654,609
057 96 05 1.7 557,523,507
057 96 03 1.7 499,481,452
057 96 02 1.7 415,373,326
057 96 00 1.7 282,242,204
057 96 00 1.7 173,146,129
057 96 00 1.7 103,79,51
057 96 00 1.7 30,8,0
057 96 00 1.7 0,81,240
057 96 03 1.7 427,557,623
057 97 04 1.7 635,637,589
057 97 05 1.7 541,503,484
057 97 03 1.7 470,460,443
057 97 02 1.7 415,376,335
057 97 00 1.7 296,252,212
057 97 00 1.7 179,153,131
057 97 00 1.7 109,92,69
057 97 00 1.7 45,18,1
057 97 00 1.7 31,155,358
057 97 05 1.7 565,704,768
058 97 05 2.0 789,770,731
058 97 07 2.0 677,635,613
058 97 05 2.0 603,593,567
058 97 03 2.0 536,487,447
058 97 00 2.0 403,364,320
058 97 00 2.0 276,241,211
058 97 00 2.0 184,157,132
058 97 00 2.0 105,83,59
058 97 00 2.0 40,68,188
058 97 04 2.0 398,603,741
058 97 08 2.0 798,813,759
058 97 05 2.0 716,661,614
058 97 08 2.0 594,586,572
058 97 04 2.0 542,505,457
058 97 00 2.0 418,369,327
058 97 00 2.0 283,245,212
058 97 00 2.0 179,149,120
058 97 00 2.0 93,68,44
058 97 00 2.0 31,85,236
058 97 03 2.0 444,615,701
058 97 08 1.8 721,674,624
058 97 06 1.8 563,510,485
058 97 03 1.8 473,463,446
058 97 02 1.8 421,381,329
058 97 00 1.8 277,230,191
058 97 00 1.8 156,129,104
058 97 00 1.8 77,51,31
058 97 00 1.8 7,0,0
058 97 00 1.8 91,256,442
058 97 05 1.6 565,615,613
058 97 05 1.6 596,543,488
058 97 05 1.6 451,435,422
058 97 02 1.6 405,376,343
058 97 00 1.6 302,257,216
058 97 00 1.6 173,140,103
058 97 00 1.6 76,48,27
058 97 00 1.6 8,0,0
058 97 00 1.6 0,0,67
058 97 03 1.6 218,349,411
059 97 08 1.2 401,406,341
059 97 03 1.2 284,248,234
059 97 02 1.2 229,216,195
059 97 01 1.2 157,123,86
059 97 00 1.2 59,29,2
059 97 00 1.2 0,0,0
059 97 00 1.2 0,0,0
059 97 00 1.2 0,0,0
059 97 02 1.2 90,268,384
059 97 03 1.5 431,425,559
059 97 06 1.5 511,460,421
059 97 03 1.5 401,386,372
059 97 02 1.5 347,315,275
059 97 00 1.5 240,207,169
059 97 00 1.5 132,106,87
059 97 00 1.5 70,47,23
059 97 00 1.5 0,0,0
059 97 00 1.5 75,244,445
059 96 06 1.8 586,650,664
059 96 05 1.8 674,640,582
059 96 07 1.8 536,502,490
059 96 03 1.8 469,445,410
059 96 00 1.8 371,326,282
059 96 00 1.8 242,211,180
059 96 00 1.8 158,132,113
059 96 00 1.8 91,72,52
059 96 00 1.8 31,10,0
059 96 00 1.8 36,156,321
059 96 06 1.4 470,543,559
059 96 03 1.4 543,502,450
059 96 07 1.4 403,376,368
059 96 03 1.4 358,341,310
059 96 00 1.4 272,237,196
059 96 00 1.4 159,126,100
059 96 00 1.4 78,52,28
059 96 00 1.4 5,0,0
059 96 00 1.4 0,0,0
059 96 02 1.4 117,288,423
059 96 05 1.4 483,488,524
059 96 06 1.4 474,418,371
059 96 04 1.4 352,339,326
059 96 00 1.4 307,280,242
059 96 00 1.4 202,167,133
059 96 00 1.4 106,78,54
059 96 00 1.4 31,14,0
059 96 00 1.4 0,0,0
059 96 00 1.4 0,47,228
059 96 06 1.4 421,549,603
059 96 08 1.7 611,664,625
059 96 06 1.7 576,532,508
059 96 04 1.7 492,478,454
059 96 02 1.7 422,384,340
059 96 00 1.7 297,260,231
059 96 00 1.7 206,182,156
059 96 00 1.7 135,110,93
059 96 00 1.7 70,50,29
059 96 00 1.7 9,17,104
059 96 03 1.7 274,462,581
059 96 05 1.6 625,619,584
059 96 07 1.6 537,483,453
059 96 04 1.6 436,436,420
059 96 02 1.6 402,366,320
059 96 00 1.6 278,241,212
059 96 00 1.6 177,151,125
059 96 00 1.6 103,75,53
059 96 00 1.6 32,8,0
059 96 00 1.6 0,0,43
059 96 02 1.6 191,365,486
059 96 04 1.5 529,523,529
059 96 06 1.5 480,427,392
059 96 04 1.5 375,364,351
059 96 01 1.5 330,301,260

