176927!20190927_112214!0!0
3.18!3.06!3.02!3.1!2.95!2.95!
93!30!56!601!560
491.4 2.95 50 141

030 70 07 14.2 3797,3642,3426
030 70 01 14.2 3168,2885,2612
030 70 00 14.2 2360,2135,1937
030 70 01 14.2 1754,1584,1422
030 70 00 14.2 1272,1128,986
030 70 00 14.2 852,720,595
030 70 00 14.2 493,524,1009
030 70 03 14.2 2145,3508,4539
030 70 06 13.2 4941,5023,4485
030 70 03 13.2 4313,4049,3801
030 70 06 13.2 3633,3535,3445
030 70 06 13.2 3316,3136,2909
030 70 00 13.2 2658,2399,2151
030 70 00 13.2 1923,1715,1531
030 70 01 13.2 1360,1201,1049
030 70 00 13.2 902,759,619
030 70 00 13.2 479,345,223
030 70 01 13.2 152,308,1064
030 70 04 13.2 2322,3564,4259
030 70 05 12.5 4435,4241,4072
030 70 06 12.5 3807,3522,3308
030 70 05 12.5 3189,3099,2986
030 70 04 12.5 2817,2603,2351
030 70 00 12.5 2087,1834,1602
030 70 00 12.5 1398,1213,1051
030 70 00 12.5 902,761,622
030 70 00 12.5 484,347,216
030 70 00 12.5 85,0,0
030 70 00 12.5 0,578,1858
030 70 06 12.5 3269,4226,4558
030 70 04 13.8 4625,4707,4522
030 70 06 13.8 4245,3981,3804
030 70 06 13.8 3697,3590,3443
030 70 04 13.8 3237,2993,2724
030 70 00 13.8 2460,2209,1986
030 70 00 13.8 1781,1594,1425
030 70 00 13.8 1268,1120,977
030 70 00 13.8 840,708,574
030 70 00 13.8 440,311,229
030 70 01 13.8 378,1153,2464
030 70 05 13.8 3766,4507,4711
055 93 04 13.1 4705,4353,4117
055 93 06 13.1 3834,3605,3475
055 93 07 13.1 3396,3306,3158
055 93 03 13.1 2954,2704,2446
055 93 00 13.1 2194,1962,1747
055 93 00 13.1 1554,1376,1215
055 93 00 13.1 1059,912,766
055 93 00 13.1 629,491,356
055 93 00 13.1 222,106,82
055 93 00 13.1 416,1411,2717
055 93 06 12.1 3779,4190,4203
055 93 07 12.1 3987,3744,3444
055 93 06 12.1 3190,3033,2952
055 93 05 12.1 2869,2742,2550
055 93 00 12.1 2322,2072,1826
055 93 00 12.1 1593,1378,1189
055 93 00 12.1 1020,876,740
055 93 00 12.1 605,470,339
055 93 01 12.1 214,89,0
055 93 00 12.1 0,0,365
055 93 01 12.1 1564,3004,4097
055 93 05 13.9 4512,4607,4724
055 93 06 13.9 4549,4270,3997
055 93 08 13.9 3825,3735,3659
055 93 05 13.9 3538,3352,3118
055 93 00 13.9 2857,2589,2339
055 93 00 13.9 2108,1904,1721
055 93 01 13.9 1552,1401,1252
055 93 00 13.9 1109,963,820
055 93 00 13.9 675,540,423
055 93 00 13.9 428,879,2026
055 93 05 13.9 3411,4457,4831
055 93 07 13.2 4879,4388,4170
055 93 06 13.2 3873,3603,3442
055 93 07 13.2 3362,3292,3173
055 93 05 13.2 2982,2741,2476
055 93 00 13.2 2213,1963,1735
055 93 00 13.2 1528,1344,1179
055 93 00 13.2 1025,881,739
055 93 00 13.2 594,443,292
055 93 00 13.2 189,291,1000
055 93 01 13.2 2277,3589,4365
055 93 04 13.0 4569,4540,4196
055 93 04 13.0 3930,3627,3394
055 93 06 13.0 3267,3188,3095
055 93 04 13.0 2937,2721,2465
055 93 00 13.0 2195,1931,1689
055 93 00 13.0 1473,1276,1096
055 93 00 13.0 929,783,642
055 93 00 13.0 503,357,210
055 93 00 13.0 63,0,14
055 93 00 13.0 646,1894,3223
056 93 03 12.8 4053,4279,4243
056 93 07 12.8 4148,3883,3578
056 93 06 12.8 3341,3206,3134
056 93 07 12.8 3052,2905,2693
056 93 00 12.8 2438,2172,1914
056 93 00 12.8 1676,1462,1277
056 93 00 12.8 1107,959,813
056 93 00 12.8 675,533,393
056 93 00 12.8 250,107,0
056 93 00 12.8 0,0,482
056 93 01 12.8 1597,2788,3529
056 93 08 11.2 3669,3668,3400
056 93 04 11.2 3074,2763,2556
056 93 05 11.2 2444,2374,2273
056 93 01 11.2 2118,1909,1665
056 93 00 11.2 1412,1176,972
056 93 00 11.2 793,631,478
056 93 02 11.2 337,204,79
056 93 02 11.2 0,0,0
056 93 00 11.2 0,0,0
056 93 00 11.2 0,661,1980
056 93 04 12.3 3132,3633,3688
056 93 03 12.3 4138,3919,3630
056 93 03 12.3 3345,3148,3030
056 93 04 12.3 2944,2818,2641
056 93 01 12.3 2410,2156,1901
056 93 00 12.3 1663,1452,1266
056 93 01 12.3 1101,953,814
056 93 02 12.3 688,566,447
056 93 00 12.3 323,199,80
056 93 00 12.3 0,51,602
056 93 01 12.3 1784,3122,4038
056 93 04 12.6 4320,4303,4184
056 93 03 12.6 3953,3660,3393
056 93 04 12.6 3217,3117,3029
056 93 04 12.6 2893,2697,2458
056 93 01 12.6 2209,1960,1733
056 93 00 12.6 1523,1345,1186
056 93 01 12.6 1044,907,776
056 93 02 12.6 648,531,412
056 93 00 12.6 296,172,64
056 93 00 12.6 30,288,1157
056 93 03 12.6 2355,3378,3785
056 93 05 10.9 3769,3552,3270
056 93 04 10.9 2952,2695,2552
056 93 05 10.9 2482,2416,2300
056 93 01 10.9 2126,1914,1682
056 93 00 10.9 1461,1252,1067
056 93 00 10.9 904,760,625
056 93 00 10.9 498,376,263
056 93 00 10.9 144,27,0
056 93 00 10.9 0,0,0
056 93 00 10.9 289,1414,2705
056 93 05 12.1 3624,3921,3915
056 93 06 12.1 4059,3828,3543
056 93 07 12.1 3302,3157,3074
056 93 06 12.1 2982,2847,2654
056 93 01 12.1 2423,2171,1932
056 93 00 12.1 1713,1520,1347
056 93 00 12.1 1197,1059,927
056 93 00 12.1 799,672,551
056 93 00 12.1 428,308,201
056 93 00 12.1 138,309,1125
056 93 05 12.1 2486,3832,4597
056 93 05 13.5 4814,4826,4574
056 93 05 13.5 4344,4048,3797
056 93 06 13.5 3636,3535,3432
056 93 06 13.5 3277,3064,2808
056 93 00 13.5 2546,2286,2053
056 93 00 13.5 1840,1660,1495
056 93 01 13.5 1344,1199,1057
056 93 01 13.5 925,796,673
056 93 01 13.5 549,428,319
056 93 00 13.5 271,515,1430
056 93 05 13.5 2767,3970,4535
056 93 06 12.7 4636,4286,4099
056 93 07 12.7 3826,3560,3382
056 93 05 12.7 3295,3235,3138
056 93 06 12.7 2983,2771,2527
056 93 00 12.7 2279,2046,1832
056 93 00 12.7 1637,1464,1308
056 93 00 12.7 1165,1022,885
056 93 02 12.7 749,618,485
056 93 02 12.7 356,231,122
056 93 00 12.7 108,444,1417
056 93 03 12.7 2674,3682,4054
056 93 08 11.6 4040,3779,3520
056 93 07 11.6 3217,2969,2826
056 93 06 11.6 2753,2676,2545
056 93 01 11.6 2361,2133,1891
056 93 00 11.6 1654,1437,1240
056 93 00 11.6 1064,908,766
056 93 00 11.6 640,511,387
056 93 00 11.6 260,138,20
056 93 00 11.6 0,0,0
056 93 00 11.6 0,777,2148
056 93 05 11.6 3502,4252,4475
056 93 05 13.7 4496,4657,4435
056 93 05 13.7 4152,3910,3762
056 93 07 13.7 3664,3561,3414
056 93 04 13.7 3210,2965,2699
056 93 00 13.7 2442,2202,1989
056 93 00 13.7 1797,1626,1464
056 93 01 13.7 1317,1174,1035
056 93 00 13.7 899,762,633
056 93 01 13.7 506,390,315
056 93 00 13.7 437,1142,2385
056 93 06 13.7 3648,4383,4563
056 93 06 12.4 4206,4051,3807
056 93 05 12.4 3526,3314,3199
056 93 05 12.4 3135,3052,2909
056 93 03 12.4 2713,2474,2213
056 93 00 12.4 1965,1736,1538
056 93 00 12.4 1355,1197,1049
056 93 01 12.4 905,757,617
056 93 01 12.4 485,358,231
056 93 02 12.4 105,0,0
056 93 00 12.4 16,668,1884
056 93 05 12.4 3154,3941,4158
056 93 07 12.4 4128,4071,3818
056 93 06 12.4 3533,3315,3199
056 93 05 12.4 3131,3043,2898
056 93 03 12.4 2699,2462,2208
056 93 00 12.4 1967,1741,1545
056 93 00 12.4 1372,1218,1075
056 93 00 12.4 933,795,666
056 93 00 12.4 539,412,283
056 93 00 12.4 158,49,0
056 93 00 12.4 144,957,2326
056 93 07 12.4 3701,4494,4747
056 93 04 14.0 4799,4744,4534
056 93 04 14.0 4246,3991,3842
056 93 04 14.0 3759,3681,3548
056 93 04 14.0 3351,3111,2851
056 93 00 14.0 2596,2356,2140
056 93 00 14.0 1948,1771,1608
056 93 01 14.0 1453,1303,1159
056 93 01 14.0 1023,888,752
056 93 01 14.0 620,491,375
056 93 01 14.0 322,561,1462
056 93 03 14.0 2767,3930,4457
056 93 03 12.4 4526,4105,3897
056 93 07 12.4 3613,3348,3175
056 93 07 12.4 3095,3029,2926
056 93 05 12.4 2757,2535,2284
056 93 00 12.4 2033,1794,1577
056 93 00 12.4 1379,1205,1043
056 93 01 12.4 895,753,616
056 93 01 12.4 488,358,233
056 93 02 12.4 101,0,0
056 93 00 12.4 0,0,759
056 93 04 12.4 2085,3393,4127
055 93 06 13.2 4319,4316,4394
055 93 06 13.2 4163,3879,3661
055 93 06 13.2 3543,3479,3395
055 93 05 13.2 3258,3060,2821
055 93 00 13.2 2566,2315,2085
055 93 00 13.2 1873,1689,1523
055 93 00 13.2 1370,1218,1072
055 93 01 13.2 934,796,662
055 93 01 13.2 525,401,274
055 93 01 13.2 184,282,1016
055 93 03 13.2 2382,3828,4730
055 93 07 14.4 5025,5094,4870
055 93 08 14.4 4700,4435,4195
055 93 01 14.4 4063,4019,3984
055 93 05 14.4 3893,3733,3522
055 93 01 14.4 3282,3035,2787
055 93 00 14.4 2550,2341,2171
055 93 00 14.4 2031,1895,1757
055 93 00 14.4 1618,1483,1346
055 93 00 14.4 1200,1044,884
055 93 00 14.4 739,665,857
055 93 00 14.4 1666,2877,3981
055 93 06 11.7 4503,4566,3759
055 93 06 11.7 3502,3200,2960
055 93 04 11.7 2845,2810,2785
055 93 04 11.7 2701,2554,2354
055 93 00 11.7 2118,1864,1622
055 93 00 11.7 1412,1232,1073
055 93 00 11.7 918,775,634
055 93 00 11.7 505,378,241
055 93 00 11.7 101,0,0
055 93 01 11.7 0,0,590
055 93 04 11.7 1846,3099,3790
055 93 05 12.5 3949,4167,4014
055 93 07 12.5 3769,3496,3316
055 93 05 12.5 3245,3220,3157
055 93 05 12.5 3021,2824,2597
055 93 00 12.5 2356,2118,1887
055 93 00 12.5 1690,1525,1374
055 93 00 12.5 1223,1067,909
055 93 01 12.5 760,618,486
055 93 01 12.5 357,231,175
055 93 00 12.5 432,1409,2796
055 93 05 12.5 4035,4622,4787
055 93 05 13.8 4804,4522,4275
055 93 07 13.8 3979,3756,3652
055 93 06 13.8 3590,3496,3337
055 93 03 13.8 3119,2860,2563
055 93 00 13.8 2250,1947,1674
055 93 00 13.8 1448,1251,1078
055 93 00 13.8 909,751,596
055 93 00 13.8 442,290,138
055 93 00 13.8 1,0,203
055 93 00 13.8 1161,2492,3633
055 93 06 12.7 4120,4190,4179
055 93 06 12.7 3991,3713,3438
055 93 08 12.7 3255,3167,3103
055 93 06 12.7 2999,2833,2612
055 93 00 12.7 2353,2084,1818
055 93 00 12.7 1578,1361,1166
055 93 00 12.7 991,831,682
055 93 00 12.7 543,402,262
055 93 00 12.7 115,0,0
055 93 01 12.7 191,1256,2750
055 93 06 12.7 4060,4633,4763
055 93 07 14.4 4759,4726,4479
055 93 05 14.4 4162,3911,3780
055 93 05 14.4 3730,3665,3535
055 93 04 14.4 3336,3085,2811
055 93 01 14.4 2530,2264,2017
055 93 00 14.4 1797,1600,1429
055 93 00 14.4 1267,1114,955
055 93 00 14.4 800,647,500
055 93 00 14.4 369,359,884
055 93 01 14.4 2198,3753,4898
055 93 05 15.3 5306,5420,5435
055 93 04 15.3 4988,4713,4374
055 93 04 15.3 4133,4033,4000
055 93 05 15.3 3928,3780,3569
055 93 01 15.3 3324,3053,2777
055 93 00 15.3 2520,2285,2072
055 93 01 15.3 1869,1685,1518
055 93 00 15.3 1361,1208,1054
055 93 00 15.3 893,732,574
055 93 00 15.3 450,523,1265
055 93 01 15.3 2633,4043,4850
055 93 05 14.0 5033,5003,4413
055 93 04 14.0 4142,3813,3557
055 93 04 14.0 3457,3446,3419
055 93 04 14.0 3308,3114,2867
055 93 01 14.0 2591,2309,2037
055 93 00 14.0 1788,1554,1345
055 93 00 14.0 1155,982,814
055 93 00 14.0 647,485,324
055 93 00 14.0 163,2,0
055 93 00 14.0 0,189,1374
055 93 02 14.0 2874,4057,4477
055 93 05 14.3 4524,4655,4461
055 93 06 14.3 4155,3834,3630
055 93 07 14.3 3562,3543,3482
055 93 06 14.3 3332,3110,2846
055 93 00 14.3 2566,2287,2016
055 93 00 14.3 1770,1550,1358
055 93 00 14.3 1185,1018,851
055 93 00 14.3 688,528,371
055 93 00 14.3 215,63,0
055 93 00 14.3 0,431,1724
055 93 02 14.3 3259,4381,4754
055 93 06 14.8 4808,4866,4695
055 93 06 14.8 4395,4067,3851
055 93 06 14.8 3768,3731,3649
055 93 04 14.8 3488,3260,2998
055 93 00 14.8 2721,2445,2186
055 93 00 14.8 1953,1746,1555
055 93 00 14.8 1380,1210,1046
055 93 00 14.8 887,727,570
055 93 00 14.8 413,271,133
055 93 00 14.8 80,398,1494
055 93 06 14.8 2948,4150,4604
055 93 05 13.8 4640,4462,4243
055 93 06 13.8 3932,3628,3447
055 93 07 13.8 3393,3366,3296
055 93 05 13.8 3142,2929,2668
055 93 00 13.8 2389,2105,1844
055 93 00 13.8 1607,1402,1219
055 93 00 13.8 1052,890,730
055 93 00 13.8 569,410,259
055 93 00 13.8 114,0,0
055 93 00 13.8 0,147,1253
055 93 06 13.8 2693,3848,4269
055 93 07 13.5 4293,4395,4176
055 93 05 13.5 3872,3581,3409
055 93 07 13.5 3358,3336,3265
055 93 05 13.5 3108,2883,2624
055 93 00 13.5 2352,2092,1850
055 93 00 13.5 1627,1435,1266
055 93 00 13.5 1116,963,812
055 93 00 13.5 663,524,380
055 93 00 13.5 237,97,0
055 93 00 13.5 91,852,2255
055 93 06 13.5 3708,4569,4805
055 93 06 14.5 4830,4761,4548
055 93 04 14.5 4251,4003,3892
055 93 04 14.5 3876,3853,3755
055 93 04 14.5 3580,3353,3108
055 93 00 14.5 2852,2603,2376
055 93 00 14.5 2174,1993,1823
055 93 01 14.5 1660,1505,1354
055 93 01 14.5 1209,1057,900
055 93 01 14.5 737,595,505
055 93 01 14.5 695,1597,2955
055 93 04 13.1 4196,4743,4798
055 93 05 13.1 4167,3925,3602
055 93 05 13.1 3310,3168,3161
055 93 04 13.1 3183,3132,2988
055 93 03 13.1 2777,2531,2265
055 93 00 13.1 2003,1762,1549
055 93 00 13.1 1357,1182,1022
055 93 01 13.1 868,720,572
055 93 01 13.1 421,263,108
055 93 00 13.1 0,0,131
055 93 01 13.1 1153,2619,3911
055 93 03 14.2 4473,4574,4653
055 93 07 14.2 4494,4218,3913
055 93 08 14.2 3735,3715,3747
055 93 07 14.2 3718,3580,3368
055 93 03 14.2 3117,2858,2599
055 93 00 14.2 2359,2139,1944
055 93 00 14.2 1766,1598,1433
055 93 01 14.2 1278,1119,962
055 93 00 14.2 789,623,464
055 93 00 14.2 392,725,1867
055 93 06 14.2 3370,4608,5101
055 93 05 14.8 5203,5196,4672
055 93 04 14.8 4401,4079,3876
055 93 04 14.8 3845,3866,3824
055 93 04 14.8 3664,3446,3202
055 93 00 14.8 2966,2730,2505
055 93 00 14.8 2285,2080,1892
055 93 00 14.8 1719,1557,1396
055 93 01 14.8 1235,1079,917
055 93 00 14.8 756,592,436
055 93 00 14.8 348,622,1664
055 93 02 14.8 3069,4226,4650
055 93 03 13.4 4665,4195,3949
055 93 04 13.4 3615,3325,3208
055 93 05 13.4 3235,3273,3216
055 93 03 13.4 3053,2824,2567
055 93 01 13.4 2303,2045,1801
055 93 00 13.4 1581,1384,1201
055 93 01 13.4 1025,854,684
055 93 00 13.4 520,351,179
055 93 00 13.4 1,0,0
055 93 00 13.4 0,981,2447
055 93 03 13.4 3742,4280,4356
055 93 06 14.2 4564,4400,4109
055 93 07 14.2 3781,3566,3527
055 93 07 14.2 3555,3532,3387
055 93 04 14.2 3170,2911,2644
055 93 00 14.2 2377,2122,1887
055 93 00 14.2 1671,1474,1286
055 93 00 14.2 1113,938,774
055 93 00 14.2 604,438,269
055 93 00 14.2 98,0,0
055 93 00 14.2 404,1702,3247
055 93 05 14.2 4370,4724,4773
055 93 06 14.9 4836,4673,4376
055 93 06 14.9 4051,3859,3817
055 93 07 14.9 3817,3747,3581
055 93 03 14.9 3344,3080,2803
055 93 00 14.9 2533,2279,2041
055 93 00 14.9 1829,1632,1451
055 93 00 14.9 1276,1100,933
055 93 00 14.9 768,603,431
055 93 00 14.9 263,111,47
055 93 00 14.9 371,1486,2954
055 93 06 14.1 4155,4595,4632
055 93 07 14.1 4502,4302,4001
055 93 05 14.1 3693,3520,3498
055 93 07 14.1 3516,3472,3318
055 93 04 14.1 3098,2839,2573
055 93 00 14.1 2308,2053,1818
055 93 00 14.1 1600,1403,1218
055 93 00 14.1 1042,869,702
055 93 00 14.1 535,367,195
055 93 00 14.1 24,0,0
055 93 00 14.1 62,1124,2576
055 93 05 13.7 3798,4256,4283
055 93 04 13.7 4389,4172,3849
055 93 06 13.7 3528,3337,3292
055 93 04 13.7 3289,3232,3082
055 93 02 13.7 2861,2605,2327
055 93 00 13.7 2055,1792,1562
055 93 00 13.7 1353,1167,996
055 93 00 13.7 833,677,516
055 93 00 13.7 357,197,43
055 93 00 13.7 0,0,0
055 93 00 13.7 0,1052,2563
055 93 08 13.7 3862,4380,4445
055 93 03 14.4 4703,4528,4241
055 93 06 14.4 3915,3690,3606
055 93 07 14.4 3595,3544,3408
055 93 04 14.4 3195,2946,2678
055 93 00 14.4 2407,2147,1906
055 93 00 14.4 1695,1506,1336
055 93 00 14.4 1168,1006,849
055 93 00 14.4 701,550,394
055 93 00 14.4 241,95,0
055 93 00 14.4 120,947,2323
055 93 06 14.4 3659,4326,4411
055 93 06 13.4 4305,4085,3789
055 93 05 13.4 3483,3282,3208
055 93 04 13.4 3191,3139,3005
055 93 03 13.4 2807,2560,2292
055 93 00 13.4 2018,1764,1532
055 93 00 13.4 1329,1146,983
055 93 00 13.4 823,665,509
055 93 00 13.4 365,219,78
055 93 00 13.4 0,0,0
055 93 00 13.4 0,1042,2489
055 93 07 13.5 3715,4191,4214
055 93 05 13.5 4373,4156,3855
055 93 05 13.5 3557,3365,3291
055 93 04 13.5 3253,3180,3028
055 93 02 13.5 2817,2560,2296
055 93 00 13.5 2031,1790,1571
055 93 00 13.5 1380,1209,1050
055 93 00 13.5 897,747,601
055 93 00 13.5 459,322,177
055 93 00 13.5 40,0,0
055 93 00 13.5 411,1673,3175
055 93 06 14.2 4264,4609,4628
055 93 08 14.2 4651,4445,4149
055 93 06 14.2 3863,3697,3644
055 93 06 14.2 3619,3540,3379
055 93 03 14.2 3158,2910,2652
055 93 00 14.2 2401,2167,1958
055 93 00 14.2 1770,1599,1443
055 93 01 14.2 1301,1156,1013
055 93 00 14.2 870,730,587
055 93 00 14.2 442,324,361
055 93 00 14.2 994,2323,3779
055 93 07 14.0 4707,4940,4596
055 93 04 14.0 4444,4183,3872
055 93 02 14.0 3645,3584,3622
055 93 01 14.0 3641,3558,3389
055 93 04 14.0 3165,2927,2678
055 93 00 14.0 2445,2224,2031
055 93 00 14.0 1854,1694,1535
055 93 00 14.0 1380,1228,1081
055 93 00 14.0 929,773,612
055 93 00 14.0 468,385,645
055 93 02 14.0 1697,3157,4411
055 93 05 13.8 4879,4889,4364
055 93 07 13.8 4123,3803,3500
055 93 08 13.8 3364,3381,3441
055 93 07 13.8 3410,3268,3056
055 93 01 13.8 2816,2570,2324
055 93 00 13.8 2088,1870,1681
055 93 00 13.8 1515,1362,1212
055 93 01 13.8 1059,907,755
055 93 00 13.8 601,440,281
055 93 00 13.8 161,289,1223
055 93 05 13.8 2742,4216,4945
055 93 06 15.1 5089,5071,4813
055 93 05 15.1 4593,4291,4055
055 93 04 15.1 3993,4055,4092
055 93 06 15.1 4017,3821,3572
055 93 02 15.1 3310,3063,2836
055 93 00 15.1 2633,2454,2289
055 93 00 15.1 2130,1979,1830
055 93 00 15.1 1689,1548,1412
055 93 00 15.1 1275,1133,983
055 93 01 15.1 862,959,1760
055 93 04 15.1 3071,4333,4928
055 93 06 13.1 5000,4037,3811
055 93 07 13.1 3526,3338,3388
055 93 06 13.1 3603,3789,3840
055 93 07 13.1 3773,3646,3489
055 93 06 13.1 3337,3209,3119
055 93 00 13.1 3067,3054,3074
055 93 00 13.1 3097,3106,3073
055 93 00 13.1 2979,2820,2630
055 93 01 13.1 2450,2297,2289
055 93 00 13.1 2680,3378,4013
055 93 06 13.1 4242,4134,3909
055 93 07 13.1 3605,3225,2858
055 93 00 13.1 2627,2589,2647
055 93 00 13.1 2674,2586,2395
055 93 00 13.1 2143,1871,1582
055 93 00 13.1 1306,1054,841
055 93 00 13.1 664,507,371
055 93 00 13.1 238,106,0
055 93 00 13.1 0,0,0
055 93 00 13.1 0,598,2145
055 93 04 13.1 3613,4296,4383
049 93 08 15.1 4823,4726,4515
049 93 05 15.1 4190,3874,3720
049 93 07 15.1 3710,3725,3653
049 93 04 15.1 3480,3241,2973
049 93 00 15.1 2704,2440,2192
049 93 00 15.1 1959,1745,1547
049 93 00 15.1 1366,1197,1027
049 93 00 15.1 847,651,464
049 93 00 15.1 357,733,1973
049 93 02 15.1 3543,4734,5092
049 93 07 14.9 5085,4661,4525
049 93 07 14.9 4236,3854,3541
049 93 06 14.9 3432,3461,3478
049 93 07 14.9 3387,3184,2929
049 93 00 14.9 2656,2402,2165
049 93 00 14.9 1955,1758,1578
049 93 00 14.9 1411,1259,1111
049 93 00 14.9 963,798,624
049 93 00 14.9 445,310,497
049 93 00 14.9 1519,2987,4231

