176927!20191008_125012!1!3
2.82!2.89!2.86!2.92!3.2!3.15!
98!55!63!0!102
522.6 3.11 47 133

061 98 00 1.1 79,67,58
061 98 00 1.1 44,34,26
061 98 00 1.1 36,93,191
061 98 06 1.1 297,361,383
063 98 08 1.2 380,342,322
063 98 06 1.2 295,274,266
063 98 03 1.2 269,265,260
063 98 02 1.2 243,227,211
063 98 01 1.2 188,165,138
063 98 00 1.2 121,106,93
063 98 00 1.2 75,62,47
063 98 00 1.2 31,15,1
063 98 00 1.2 1,34,123
063 98 05 1.2 240,336,391
063 98 08 1.2 421,447,456
063 98 07 1.6 448,417,388
063 98 03 1.6 373,371,369
063 98 03 1.6 356,340,314
063 98 02 1.6 294,269,253
063 98 01 1.6 229,209,190
063 98 01 1.6 176,165,151
063 98 01 1.6 137,117,97
063 98 00 1.6 74,61,79
063 98 01 1.6 153,267,374
063 98 06 1.6 444,482,506
063 98 06 1.6 524,520,438
063 98 04 1.6 408,391,380
063 98 03 1.6 375,361,348
063 98 02 1.6 326,303,280
063 98 01 1.6 258,240,223
063 98 01 1.6 209,193,175
063 98 00 1.6 155,137,121
063 98 00 1.6 107,93,73
063 98 00 1.6 55,38,51
063 98 01 1.6 117,222,331
063 98 05 1.6 397,430,445
061 98 05 1.4 453,410,385
061 98 04 1.4 358,348,352
061 98 03 1.4 350,340,323
061 98 02 1.4 301,278,259
061 98 01 1.4 241,222,201
061 98 01 1.4 189,176,165
061 98 01 1.4 148,133,118
061 98 01 1.4 106,93,79
061 98 00 1.4 64,63,103
061 98 02 1.4 196,304,387
061 98 05 1.4 429,452,463
061 98 05 1.4 399,383,360
061 98 04 1.4 348,347,349
061 98 03 1.4 341,324,304
061 98 02 1.4 286,269,251
061 98 01 1.4 236,219,206
061 98 01 1.4 191,181,167
061 98 01 1.4 157,148,137
061 98 01 1.4 127,117,105
061 98 01 1.4 101,140,229
061 98 03 1.4 335,406,440
061 98 06 1.3 460,473,473
061 98 05 1.3 352,338,338
061 98 05 1.3 350,355,349
061 98 04 1.3 334,314,294
061 98 02 1.3 276,265,255
061 98 01 1.3 252,242,231
061 98 00 1.3 218,208,197
061 98 00 1.3 190,182,178
061 98 00 1.3 164,155,147
061 98 01 1.3 190,275,387
061 98 08 1.3 460,502,529
060 98 08 1.6 564,594,599
060 98 08 1.6 441,428,439
060 98 07 1.6 457,469,471
060 98 06 1.6 467,458,443
060 98 04 1.6 428,416,406
060 98 02 1.6 400,389,374
060 98 01 1.6 357,341,323
060 98 00 1.6 302,275,246
060 98 00 1.6 219,191,167
060 98 00 1.6 154,196,284
060 98 04 1.6 393,462,496
060 98 08 1.3 513,524,527
060 98 06 1.3 349,316,279
060 98 02 1.3 256,244,236
060 98 01 1.3 227,216,204
060 98 00 1.3 190,181,159
060 98 00 1.3 141,110,91
060 98 00 1.3 64,42,19
060 98 00 1.3 0,0,0
060 98 00 1.3 0,0,0
060 98 00 1.3 0,0,0
060 98 00 1.3 0,0,34
060 98 06 1.3 138,191,220
060 98 08 1.5 235,240,424
060 98 06 1.5 386,347,300
060 98 01 1.5 261,257,265
060 98 01 1.5 275,248,218
060 98 00 1.5 186,154,123
060 98 00 1.5 94,71,49
060 98 00 1.5 33,11,0
060 98 00 1.5 0,0,0
060 98 00 1.5 0,0,0
060 98 00 1.5 0,0,0
060 98 03 1.5 90,172,212
058 99 08 1.3 226,234,367
058 99 06 1.3 345,311,289
058 99 03 1.3 274,273,265
058 99 02 1.3 256,233,207
058 99 00 1.3 182,160,139
058 99 00 1.3 120,104,86
058 99 00 1.3 67,45,24
058 99 00 1.3 1,0,0
058 99 00 1.3 0,0,0
058 99 00 1.3 0,0,0
058 99 02 1.3 64,155,210
058 99 08 1.2 225,228,343
058 99 06 1.2 326,300,280
058 99 03 1.2 263,252,234
058 99 01 1.2 210,185,155
058 99 00 1.2 134,106,84
058 99 00 1.2 56,39,21
058 99 00 1.2 11,0,0
058 99 00 1.2 0,0,0
058 99 00 1.2 0,0,0
058 99 00 1.2 0,0,0
058 99 02 1.2 0,82,130
058 99 07 1.2 131,313,285
058 99 04 1.2 256,237,228
058 99 02 1.2 225,217,199
058 99 01 1.2 185,176,175
058 99 00 1.2 160,146,121
058 99 00 1.2 106,84,69
058 99 00 1.2 44,18,0
058 99 00 1.2 0,0,0
058 99 00 1.2 0,0,0
058 99 02 1.2 75,182,252
058 99 08 1.2 273,273,341
058 99 06 1.2 316,279,256
058 99 02 1.2 245,249,241
058 99 02 1.2 226,208,193
058 99 00 1.2 176,148,120
058 99 00 1.2 94,79,68
058 99 00 1.2 64,62,58
058 99 00 1.2 52,41,34
058 99 00 1.2 47,110,213
058 99 06 1.2 309,373,394
058 99 08 1.3 410,409,371
058 99 07 1.3 350,341,348
058 99 05 1.3 365,372,368
058 99 04 1.3 357,343,332
058 99 03 1.3 320,310,303
058 99 02 1.3 301,303,303
058 99 02 1.3 300,293,284
058 99 01 1.3 272,268,297
058 99 03 1.3 380,490,580
058 99 08 1.3 632,665,698
058 99 08 1.6 725,734,459
058 99 06 1.6 449,452,456
058 99 04 1.6 463,455,443
058 99 03 1.6 420,394,367
058 99 02 1.6 336,312,281
058 99 01 1.6 257,227,206
058 99 00 1.6 186,168,146
058 99 00 1.6 121,96,80
058 99 00 1.6 105,188,306
058 99 04 1.6 406,464,495
058 99 06 1.6 518,535,534
058 99 05 1.6 431,402,389
058 99 03 1.6 385,383,371
058 99 02 1.6 353,325,291
058 99 01 1.6 263,236,218
058 99 00 1.6 191,172,152
058 99 00 1.6 135,119,97
058 99 00 1.6 76,51,29
058 99 00 1.6 10,0,0
058 99 00 1.6 0,25,135
058 99 03 1.6 264,352,396
058 99 06 1.7 421,441,446
058 99 05 1.7 461,435,412
058 99 03 1.7 408,407,403
058 99 03 1.7 387,367,345
058 99 02 1.7 320,296,270
058 99 01 1.7 252,232,214
058 99 00 1.7 194,172,152
058 99 00 1.7 123,106,83
058 99 00 1.7 72,52,30
058 99 00 1.7 7,0,0
058 99 00 1.7 39,147,273
058 99 05 1.7 357,396,415
058 99 06 1.6 431,435,438
058 99 04 1.6 411,392,381
058 99 03 1.6 383,374,362
058 99 02 1.6 337,312,283
058 99 01 1.6 257,233,210
058 99 00 1.6 190,171,149
058 99 00 1.6 131,111,92
058 99 00 1.6 69,48,24
058 99 00 1.6 4,0,0
058 99 00 1.6 0,0,0
058 99 01 1.6 72,190,277
058 99 05 1.6 321,335,343
057 99 05 1.4 399,377,350
057 99 03 1.4 338,336,333
057 99 03 1.4 323,306,283
057 99 02 1.4 259,231,207
057 99 01 1.4 185,164,144
057 99 00 1.4 126,109,89
057 99 00 1.4 69,45,29
057 99 00 1.4 8,0,0
057 99 00 1.4 0,0,0
057 99 00 1.4 0,0,104
057 99 04 1.4 206,265,282
057 99 05 1.3 291,367,348
057 99 05 1.3 318,301,296
057 99 03 1.3 299,295,282
057 99 02 1.3 264,243,217
057 99 00 1.3 194,172,157
057 99 00 1.3 135,118,96
057 99 00 1.3 82,60,47
057 99 00 1.3 27,10,0
057 99 00 1.3 0,0,0
057 99 00 1.3 0,0,0
057 99 01 1.3 60,171,242
057 99 08 1.3 273,280,280
057 99 07 1.3 349,326,302
057 99 04 1.3 294,295,300
057 99 03 1.3 291,274,252
057 99 01 1.3 233,210,191
057 99 00 1.3 174,159,143
057 99 00 1.3 130,115,100
057 99 00 1.3 82,64,48
057 99 00 1.3 31,11,0
057 99 00 1.3 0,0,0
057 99 00 1.3 59,162,252
057 99 08 1.3 299,315,324
057 99 07 1.2 345,327,303
057 99 04 1.2 294,297,300
057 99 03 1.2 294,282,263
057 99 02 1.2 246,225,207
057 99 00 1.2 190,173,157
057 99 00 1.2 139,128,115
057 99 00 1.2 103,91,76
057 99 00 1.2 58,37,20
057 99 00 1.2 6,11,60
057 99 02 1.2 157,261,331
057 99 08 1.2 356,362,356
057 99 07 1.2 346,323,309
057 99 04 1.2 307,316,316
057 99 04 1.2 307,289,273
057 99 02 1.2 255,240,222
057 99 00 1.2 209,196,179
057 99 00 1.2 163,146,137
057 99 00 1.2 127,116,99
057 99 00 1.2 82,67,63
057 99 00 1.2 99,184,288
057 99 07 1.2 367,403,417
057 99 08 1.2 417,352,335
057 99 06 1.2 322,314,317
057 99 04 1.2 318,313,302
057 99 03 1.2 282,262,241
057 99 01 1.2 226,210,197
057 99 00 1.2 181,169,157
057 99 00 1.2 146,132,117
057 99 00 1.2 98,92,122
057 99 02 1.2 206,309,388
057 99 08 1.2 428,444,446
057 99 07 1.2 349,330,312
057 99 05 1.2 307,310,317
057 99 04 1.2 309,296,270
057 99 02 1.2 252,232,217
057 99 00 1.2 199,179,159
057 99 00 1.2 143,131,124
057 99 00 1.2 111,95,74
057 99 00 1.2 62,82,155
057 99 04 1.2 257,344,390
057 99 08 1.2 409,416,416
057 99 07 1.2 340,322,314
057 99 05 1.2 315,323,311
057 99 03 1.2 296,273,254
057 99 02 1.2 232,213,191
057 99 00 1.2 173,155,145
057 99 00 1.2 130,117,99
057 99 00 1.2 82,62,40
057 99 00 1.2 25,24,74
057 99 02 1.2 170,279,356
056 99 08 1.3 388,405,409
056 99 08 1.3 384,366,346
056 99 05 1.3 338,337,336
056 99 04 1.3 325,307,285
056 99 02 1.3 263,244,226
056 99 00 1.3 211,191,169
056 99 00 1.3 147,127,114
056 99 00 1.3 96,80,61
056 99 00 1.3 42,17,0
056 99 00 1.3 0,9,83
056 99 03 1.3 189,285,338
056 99 08 1.3 361,371,383
056 99 07 1.3 368,346,332
056 99 04 1.3 328,331,326
056 99 03 1.3 315,290,265
056 99 01 1.3 241,221,204
056 99 00 1.3 189,174,153
056 99 00 1.3 132,113,95
056 99 00 1.3 78,58,44
056 99 00 1.3 27,9,0
056 99 00 1.3 0,0,63
056 99 03 1.3 168,249,285
056 99 08 1.1 293,318,302
056 99 05 1.1 277,254,248
056 99 03 1.1 253,264,259
056 99 03 1.1 245,223,203
056 99 01 1.1 183,162,142
056 99 00 1.1 123,107,92
056 99 00 1.1 79,65,51
056 99 00 1.1 37,16,0
056 99 00 1.1 0,0,42
056 99 02 1.1 147,250,303
056 99 08 1.2 322,323,348
056 99 06 1.2 332,317,309
056 99 04 1.2 309,310,305
056 99 03 1.2 291,270,249
056 99 01 1.2 233,218,198
056 99 00 1.2 178,160,145
056 99 00 1.2 131,116,98
056 99 00 1.2 79,58,40
056 99 00 1.2 29,54,137
056 99 04 1.2 250,349,403
056 99 08 1.2 429,450,462
056 99 08 1.5 458,411,393
056 99 06 1.5 391,391,389
056 99 04 1.5 374,353,331
056 99 02 1.5 309,293,273
056 99 00 1.5 256,239,223
056 99 00 1.5 204,184,167
056 99 00 1.5 149,133,113
056 99 00 1.5 91,74,80
056 99 00 1.5 138,239,344
056 99 07 1.5 412,448,468
057 99 08 1.4 474,393,370
057 99 06 1.4 350,342,342
057 99 04 1.4 338,325,299
057 99 02 1.4 271,244,219
057 99 00 1.4 198,178,163
057 99 00 1.4 147,129,110
057 99 00 1.4 91,71,52
057 99 00 1.4 31,13,0
057 99 00 1.4 0,0,0
057 99 00 1.4 25,124,224
057 99 07 1.4 281,305,314
057 99 08 1.3 316,354,335
057 99 05 1.3 323,323,326
057 99 04 1.3 322,306,283
057 99 02 1.3 264,241,223
057 99 00 1.3 198,180,163
057 99 00 1.3 147,123,100
057 99 00 1.3 80,64,44
057 99 00 1.3 23,3,0
057 99 00 1.3 0,55,151
057 99 05 1.3 246,302,327
057 99 08 1.2 341,340,339
057 99 05 1.2 312,297,295
057 99 03 1.2 302,297,283
057 99 02 1.2 258,233,209
057 99 00 1.2 187,165,145
057 99 00 1.2 128,110,95
057 99 00 1.2 77,59,43
057 99 00 1.2 25,3,0
057 99 00 1.2 0,0,64
057 99 03 1.2 178,273,326
057 99 08 1.2 357,379,392
056 99 08 1.5 425,404,387
056 99 05 1.5 383,389,388
056 99 04 1.5 376,355,329
056 99 02 1.5 308,286,265
056 99 00 1.5 241,223,207
056 99 00 1.5 192,171,151
056 99 00 1.5 129,109,87
056 99 00 1.5 66,43,37
056 99 00 1.5 75,168,280
056 99 07 1.5 363,410,433
056 99 08 1.5 453,456,411
056 99 07 1.5 392,385,387
056 99 05 1.5 386,375,355
056 99 03 1.5 336,312,289
056 99 01 1.5 268,252,240
056 99 00 1.5 225,207,185
056 99 00 1.5 166,149,131
056 99 00 1.5 115,97,79
056 99 00 1.5 54,31,13
056 99 00 1.5 20,79,176
056 99 05 1.5 271,326,346
056 99 08 1.2 352,333,315
056 99 05 1.2 297,294,297
056 99 04 1.2 303,292,278
056 99 03 1.2 256,236,212
056 99 01 1.2 191,171,157
056 99 00 1.2 138,120,104
056 99 00 1.2 89,71,53
056 99 00 1.2 33,14,0
056 99 00 1.2 0,0,0
056 99 01 1.2 73,184,278
056 99 08 1.2 329,358,373
056 99 08 1.4 379,405,388
056 99 06 1.4 382,382,382
056 99 04 1.4 376,362,344
056 99 02 1.4 322,303,281
056 99 01 1.4 263,244,225
056 99 00 1.4 203,184,166
056 99 00 1.4 147,130,110
056 99 00 1.4 89,66,49
056 99 00 1.4 51,99,195
056 99 05 1.4 305,389,436
056 99 08 1.4 469,495,506
057 99 07 1.6 449,428,415
057 99 04 1.6 414,417,412
057 99 03 1.6 396,374,347
057 99 02 1.6 326,305,283
057 99 01 1.6 260,239,223
057 99 01 1.6 203,183,161
057 99 00 1.6 141,122,106
057 99 00 1.6 82,61,41
057 99 00 1.6 32,60,141
057 99 03 1.6 262,358,419
057 99 06 1.6 450,478,495
057 99 05 1.6 494,444,431
057 99 04 1.6 426,433,430
057 99 03 1.6 419,398,374
057 99 02 1.6 347,326,307
057 99 01 1.6 295,279,262
057 99 01 1.6 239,219,204
057 99 00 1.6 187,166,141
057 99 00 1.6 121,102,86
057 99 00 1.6 66,58,81
057 99 01 1.6 163,270,358
057 99 05 1.6 411,440,461
057 99 05 1.4 466,403,390
057 99 04 1.4 384,385,389
057 99 03 1.4 386,366,344
057 99 02 1.4 320,303,281
057 99 01 1.4 260,244,226
057 99 01 1.4 209,191,172
057 99 00 1.4 154,130,109
057 99 00 1.4 89,72,52
057 99 00 1.4 24,0,0
057 99 00 1.4 0,35,131
057 99 03 1.4 238,311,353
056 99 05 1.4 377,394,407
056 99 05 1.4 391,374,371
056 99 03 1.4 374,378,368
056 99 03 1.4 350,324,301
056 99 02 1.4 282,264,245
056 99 01 1.4 226,210,194
056 99 01 1.4 178,158,138
056 99 00 1.4 119,99,82
056 99 00 1.4 61,41,32
056 99 00 1.4 63,141,244
056 99 04 1.4 323,366,382
056 99 05 1.2 387,349,332
056 99 05 1.2 319,315,319
056 99 04 1.2 322,313,298
056 99 03 1.2 275,254,231
056 99 01 1.2 212,193,176
056 99 00 1.2 158,138,121
056 99 00 1.2 102,88,68
056 99 00 1.2 47,20,0
056 99 00 1.2 0,0,0
056 99 00 1.2 0,0,0
056 99 00 1.2 0,0,0
056 99 01 1.2 0,85,176
056 99 08 1.2 223,242,254
056 99 08 1.4 252,386,373
056 99 06 1.4 368,375,375
056 99 04 1.4 369,351,331
056 99 02 1.4 312,295,278
056 99 01 1.4 264,250,234
056 99 00 1.4 218,202,186
056 99 00 1.4 164,145,127
056 99 00 1.4 112,92,73
056 99 00 1.4 52,35,41
056 99 00 1.4 97,193,285
056 99 07 1.4 342,363,369
056 99 07 1.2 366,317,303
056 99 05 1.2 295,302,306
056 99 04 1.2 299,284,262
056 99 02 1.2 244,221,205
056 99 00 1.2 184,172,156
056 99 00 1.2 144,126,110
056 99 00 1.2 90,75,56
056 99 00 1.2 35,14,0
056 99 00 1.2 0,0,66
056 99 03 1.2 172,276,338
056 99 08 1.2 367,386,394
056 99 08 1.4 394,395,388
056 99 06 1.4 386,395,395
056 99 04 1.4 386,371,348
056 99 02 1.4 333,314,302
056 99 01 1.4 287,273,255
056 99 00 1.4 240,223,205
056 99 00 1.4 184,167,150
056 99 00 1.4 131,116,109
056 99 00 1.4 144,228,339
056 99 07 1.4 429,477,504
056 99 08 1.5 523,534,419
056 99 07 1.5 402,389,393
056 99 05 1.5 397,396,384
056 99 04 1.5 364,343,321
056 99 01 1.5 302,283,267
056 99 00 1.5 252,234,215
056 99 00 1.5 195,176,158
056 99 00 1.5 136,116,91
056 99 00 1.5 73,56,47
056 99 00 1.5 76,155,263
056 99 07 1.5 354,405,436
055 99 08 1.4 454,461,406
055 99 07 1.4 387,377,377
055 99 05 1.4 384,383,372
055 99 03 1.4 354,333,310
055 99 01 1.4 288,265,249
055 99 00 1.4 232,217,197
055 99 00 1.4 177,158,134
055 99 00 1.4 110,88,67
055 99 00 1.4 52,28,6
055 99 00 1.4 0,0,0
055 99 00 1.4 51,159,253
055 99 07 1.4 311,335,355
055 99 08 1.4 361,390,374
055 99 06 1.4 364,368,374
055 99 05 1.4 374,364,346
055 99 03 1.4 324,300,279
055 99 00 1.4 262,247,232
055 99 00 1.4 214,201,183
055 99 00 1.4 164,139,119
055 99 00 1.4 99,84,64
055 99 00 1.4 39,15,0
055 99 00 1.4 0,9,84
055 99 03 1.4 181,246,274
055 99 07 1.0 280,291,272
055 99 06 1.0 250,249,260
055 99 05 1.0 275,275,263
055 99 04 1.0 246,227,208
055 99 00 1.0 191,176,166
055 99 00 1.0 153,142,128
055 99 00 1.0 113,97,83
055 99 00 1.0 68,55,42
055 99 00 1.0 28,9,0
055 99 00 1.0 0,50,135
055 99 06 1.0 217,261,275
055 99 08 1.0 279,278,262
055 99 07 1.0 245,250,264
055 99 06 1.0 277,275,261
055 99 04 1.0 239,216,197
055 99 00 1.0 184,177,163
055 99 00 1.0 147,124,105
055 99 00 1.0 85,67,48
055 99 00 1.0 28,4,0
055 99 00 1.0 0,0,0
055 99 00 1.0 56,161,239
055 99 08 1.0 280,301,320
055 99 08 1.3 327,370,347
055 99 05 1.3 333,330,335
055 99 04 1.3 331,319,299
055 99 02 1.3 272,246,218
055 99 00 1.3 195,172,157
055 99 00 1.3 137,121,100
055 99 00 1.3 81,58,33
055 99 00 1.3 8,0,0
055 99 00 1.3 0,54,164
055 99 06 1.3 273,341,383
055 99 08 1.3 420,451,466
055 99 07 1.7 489,472,459
055 99 04 1.7 461,461,455
055 99 03 1.7 438,413,387
055 99 02 1.7 366,339,322
055 99 01 1.7 298,280,259
055 99 01 1.7 245,225,205
055 99 00 1.7 182,162,140
055 99 00 1.7 111,93,90
055 99 00 1.7 148,247,366
055 99 05 1.7 451,510,551
055 99 06 1.8 586,601,511
055 99 07 1.8 496,488,489
055 99 06 1.8 494,489,476
055 99 04 1.8 459,440,417
055 99 02 1.8 394,374,355
055 99 00 1.8 336,316,294
055 99 00 1.8 272,246,226
055 99 00 1.8 201,182,163
055 99 00 1.8 144,122,96
055 99 00 1.8 87,120,211
055 99 04 1.8 328,424,483
055 99 08 1.8 522,559,576
055 99 08 1.7 575,469,454
055 99 04 1.7 453,463,469
055 99 04 1.7 459,442,418
055 99 02 1.7 393,366,347
055 99 01 1.7 332,315,294
055 99 01 1.7 275,254,238
055 99 00 1.7 216,195,169
055 99 00 1.7 141,119,94
055 99 00 1.7 75,50,38
055 99 00 1.7 59,138,249
055 99 04 1.7 345,398,427
055 99 06 1.5 451,463,421

