100001!20190823_155746!0!0
2.5!2.48!2.47!2.53!2.45!2.51!
99!30!58!42!559
347.4 2.41 142 112

030 70 03 0.7 200,189,178
030 70 02 0.7 165,159,150
030 70 02 0.7 146,140,132
030 70 02 0.7 119,106,95
030 70 01 0.7 85,71,61
030 70 01 0.7 52,41,31
030 70 01 0.7 23,38,65
030 70 02 0.7 108,147,181
030 70 03 0.7 205,219,228
030 70 04 0.7 228,204,200
030 70 03 0.7 199,196,193
030 70 02 0.7 189,186,176
030 70 02 0.7 166,151,144
030 70 02 0.7 133,128,114
030 70 01 0.7 106,95,88
030 70 01 0.7 79,71,61
030 70 01 0.7 47,35,25
030 70 01 0.7 18,14,23
030 70 01 0.7 49,87,125
030 70 03 0.7 157,178,194
030 70 03 0.6 204,191,186
030 70 03 0.6 178,175,171
030 70 03 0.6 171,169,160
030 70 02 0.6 151,141,134
030 70 02 0.6 127,123,117
030 70 02 0.6 105,88,77
030 70 01 0.6 68,63,52
030 70 01 0.6 45,33,25
030 70 01 0.6 14,14,30
030 70 02 0.6 64,107,142
030 70 03 0.6 171,190,202
030 70 03 0.6 208,209,210
030 70 03 0.7 191,190,186
030 70 03 0.7 182,173,164
030 70 02 0.7 158,151,147
030 70 02 0.7 137,128,114
030 70 02 0.7 111,102,98
030 70 02 0.7 79,68,58
030 70 01 0.7 56,51,39
030 70 01 0.7 32,40,70
030 70 02 0.7 114,152,187
030 70 04 0.7 216,238,249
052 99 04 0.8 252,256,223
052 99 03 0.8 224,216,213
052 99 03 0.8 206,202,198
052 99 02 0.8 190,184,176
052 99 02 0.8 171,164,153
052 99 02 0.8 142,135,125
052 99 01 0.8 117,107,105
052 99 01 0.8 95,82,71
052 99 01 0.8 78,107,146
052 99 02 0.8 184,213,236
052 99 03 0.8 249,260,264
052 99 03 0.7 266,191,188
052 99 03 0.7 184,179,171
052 99 02 0.7 163,155,152
052 99 02 0.7 143,137,130
052 99 02 0.7 123,112,103
052 99 01 0.7 97,92,82
052 99 01 0.7 71,61,59
052 99 01 0.7 70,97,135
052 99 03 0.7 173,203,226
052 99 04 0.7 238,244,245
052 99 03 0.6 185,180,174
052 99 03 0.6 168,162,157
052 99 02 0.6 152,143,132
052 99 02 0.6 120,111,101
052 99 02 0.6 90,83,77
052 99 01 0.6 68,57,48
052 99 01 0.6 46,58,78
052 99 02 0.6 109,142,170
054 99 03 0.5 189,195,147
054 99 03 0.5 142,136,131
054 99 03 0.5 129,124,119
054 99 02 0.5 110,105,94
054 99 02 0.5 85,76,67
054 99 02 0.5 59,50,42
054 99 01 0.5 31,19,10
054 99 01 0.5 6,14,37
054 99 02 0.5 72,108,135
054 99 03 0.5 154,160,165
054 99 03 0.5 155,149,139
054 99 02 0.5 132,128,123
054 99 02 0.5 112,101,88
054 99 02 0.5 77,64,52
054 99 01 0.5 43,34,26
054 99 01 0.5 18,8,0
054 99 01 0.5 0,0,0
054 99 01 0.5 0,23,66
054 99 03 0.5 103,134,155
054 99 04 0.7 171,174,208
054 99 03 0.7 201,194,187
054 99 03 0.7 179,169,159
054 99 02 0.7 150,140,127
054 99 02 0.7 115,106,94
054 99 01 0.7 82,64,54
054 99 01 0.7 42,29,15
054 99 01 0.7 2,0,0
054 99 01 0.7 0,23,68
054 99 02 0.7 111,144,163
054 99 03 0.7 176,180,183
055 99 03 0.7 195,188,181
055 99 03 0.7 173,165,156
055 99 02 0.7 146,134,120
055 99 02 0.7 109,99,89
055 99 01 0.7 73,59,46
055 99 01 0.7 35,20,7
055 99 01 0.7 0,0,0
055 99 01 0.7 0,0,0
055 99 01 0.7 25,68,107
055 99 03 0.7 130,141,146
055 99 03 0.6 147,184,177
055 99 03 0.6 172,165,158
055 99 02 0.6 147,136,125
055 99 02 0.6 113,102,95
055 99 01 0.6 85,73,53
055 99 01 0.6 42,32,20
055 99 01 0.6 3,0,0
055 99 01 0.6 0,0,0
055 99 01 0.6 0,3,39
055 99 02 0.6 65,82,95
055 99 03 0.5 98,97,135
055 99 03 0.5 131,125,116
055 99 02 0.5 110,100,92
055 99 02 0.5 82,72,62
055 99 02 0.5 48,36,23
055 99 01 0.5 12,1,0
055 99 01 0.5 0,0,0
055 99 01 0.5 0,0,0
055 99 01 0.5 0,0,39
055 99 03 0.5 64,79,81
056 99 03 0.5 147,143,137
056 99 02 0.5 130,121,114
056 99 02 0.5 108,102,93
056 99 02 0.5 83,70,55
056 99 01 0.5 42,31,21
056 99 01 0.5 10,0,0
056 99 01 0.5 0,0,0
056 99 01 0.5 0,0,0
056 99 02 0.5 19,59,96
056 99 03 0.5 119,137,143
056 99 04 0.7 146,198,190
056 99 03 0.7 182,176,171
056 99 02 0.7 163,157,146
056 99 02 0.7 136,123,111
056 99 01 0.7 100,89,78
056 99 01 0.7 69,58,48
056 99 01 0.7 35,20,3
056 99 01 0.7 0,0,3
056 99 01 0.7 42,90,140
056 99 03 0.7 171,200,214
056 99 04 0.8 224,237,234
056 99 03 0.8 230,224,220
056 99 03 0.8 212,208,195
056 99 02 0.8 188,174,161
056 99 02 0.8 150,139,132
056 99 01 0.8 120,109,94
056 99 01 0.8 85,75,72
056 99 01 0.8 65,58,50
056 99 01 0.8 61,92,140
056 99 03 0.8 184,220,248
056 99 04 0.8 272,284,285
057 99 04 0.8 229,223,221
057 99 03 0.8 216,214,210
057 99 03 0.8 206,198,186
057 99 02 0.8 174,160,151
057 99 02 0.8 142,133,122
057 99 01 0.8 109,101,89
057 99 01 0.8 76,62,52
057 99 01 0.8 46,54,83
057 99 02 0.8 126,171,207
057 99 03 0.8 230,247,253
057 99 04 0.7 255,206,206
057 99 03 0.7 204,196,184
057 99 02 0.7 174,168,163
057 99 02 0.7 153,144,132
057 99 02 0.7 123,107,92
057 99 01 0.7 75,59,43
057 99 01 0.7 32,18,6
057 99 01 0.7 0,0,0
057 99 01 0.7 0,29,68
057 99 02 0.7 105,131,155
057 99 03 0.7 172,174,187
057 99 03 0.7 166,143,121
057 99 02 0.7 110,105,100
057 99 02 0.7 85,73,62
057 99 01 0.7 53,42,29
057 99 01 0.7 15,4,0
057 99 01 0.7 0,0,0
057 99 01 0.7 0,0,0
057 99 01 0.7 0,0,0
057 99 02 0.7 14,33,45
057 99 03 0.5 53,53,129
057 99 02 0.5 118,111,102
057 99 02 0.5 92,86,78
057 99 02 0.5 72,57,44
057 99 01 0.5 25,13,0
057 99 01 0.5 0,0,0
057 99 01 0.5 0,0,0
057 99 01 0.5 0,0,0
057 99 01 0.5 0,0,0
057 99 02 0.5 0,6,34
057 99 03 0.6 50,62,61
057 99 03 0.6 181,174,169
057 99 03 0.6 160,149,141
057 99 02 0.6 134,122,108
057 99 02 0.6 93,84,68
057 99 01 0.6 53,37,25
057 99 01 0.6 12,0,0
057 99 01 0.6 0,0,0
057 99 01 0.6 0,0,0
057 99 01 0.6 0,0,31
057 99 03 0.6 69,95,108
057 99 03 0.6 116,117,183
057 99 03 0.6 175,167,157
057 99 02 0.6 151,141,131
057 99 02 0.6 122,109,103
057 99 02 0.6 88,76,60
057 99 01 0.6 45,35,21
057 99 01 0.6 11,0,0
057 99 01 0.6 0,0,0
057 99 01 0.6 0,0,0
057 99 01 0.6 0,0,32
057 99 03 0.6 71,97,109
057 99 03 0.7 108,191,185
057 99 03 0.7 178,170,163
057 99 02 0.7 154,145,133
057 99 02 0.7 120,109,98
057 99 01 0.7 85,70,53
057 99 01 0.7 35,19,7
057 99 01 0.7 0,0,0
057 99 01 0.7 0,0,0
057 99 01 0.7 0,0,0
057 99 01 0.7 0,2,41
057 99 03 0.7 75,96,101
058 99 03 0.6 175,168,165
058 99 03 0.6 162,155,150
058 99 02 0.6 144,132,121
058 99 02 0.6 108,96,82
058 99 01 0.6 70,61,46
058 99 01 0.6 32,18,7
058 99 01 0.6 0,0,0
058 99 01 0.6 0,0,0
058 99 01 0.6 0,0,0
058 99 02 0.6 32,64,90
058 99 03 0.6 105,113,169
058 99 03 0.6 160,155,154
058 99 02 0.6 152,144,136
058 99 02 0.6 129,125,115
058 99 02 0.6 101,86,76
058 99 01 0.6 62,52,41
058 99 01 0.6 33,21,11
058 99 01 0.6 0,0,0
058 99 01 0.6 0,0,0
058 99 01 0.6 0,0,37
058 99 02 0.6 78,112,135
058 99 04 0.7 145,148,201
058 99 03 0.7 199,194,185
058 99 03 0.7 179,171,165
058 99 02 0.7 156,144,129
058 99 02 0.7 116,107,96
058 99 01 0.7 89,79,72
058 99 01 0.7 60,48,37
058 99 01 0.7 26,13,0
058 99 01 0.7 0,0,0
058 99 01 0.7 0,11,59
058 99 02 0.7 106,142,165
058 99 04 0.7 178,184,183
058 99 03 0.7 200,192,186
058 99 03 0.7 183,176,167
058 99 02 0.7 157,144,135
058 99 02 0.7 121,113,103
058 99 01 0.7 93,84,73
058 99 01 0.7 62,49,34
058 99 01 0.7 22,12,2
058 99 01 0.7 0,0,0
058 99 01 0.7 0,0,27
058 99 02 0.7 73,113,141
058 99 03 0.7 159,167,175
058 99 03 0.7 175,194,185
058 99 03 0.7 177,176,170
058 99 02 0.7 163,149,139
058 99 02 0.7 130,120,110
058 99 02 0.7 102,95,88
058 99 01 0.7 74,64,53
058 99 01 0.7 42,30,19
058 99 01 0.7 11,1,0
058 99 01 0.7 0,26,61
058 99 02 0.7 102,133,158
058 99 03 0.7 172,177,179
058 99 03 0.6 177,172,164
058 99 03 0.6 162,154,148
058 99 02 0.6 136,125,114
058 99 02 0.6 105,96,87
058 99 01 0.6 73,68,58
058 99 01 0.6 49,36,23
058 99 01 0.6 11,1,0
058 99 01 0.6 0,0,0
058 99 01 0.6 0,0,27
058 99 02 0.6 76,115,143
058 99 04 0.6 161,176,180
057 99 04 0.7 217,210,206
057 99 03 0.7 199,193,185
057 99 02 0.7 175,162,156
057 99 02 0.7 150,142,129
057 99 02 0.7 116,106,95
057 99 01 0.7 85,73,60
057 99 01 0.7 48,37,29
057 99 01 0.7 20,12,0
057 99 01 0.7 0,0,19
057 99 02 0.7 59,104,141
057 99 03 0.7 167,187,197
057 99 04 0.7 201,211,207
057 99 03 0.7 203,194,189
057 99 02 0.7 183,179,166
057 99 02 0.7 153,142,133
057 99 02 0.7 123,112,100
057 99 01 0.7 88,76,66
057 99 01 0.7 57,45,36
057 99 01 0.7 25,16,5
057 99 01 0.7 0,0,0
057 99 01 0.7 12,56,101
057 99 03 0.7 139,165,183
057 99 04 0.7 192,194,207
057 99 03 0.7 204,199,195
057 99 03 0.7 190,183,172
057 99 02 0.7 163,152,142
057 99 02 0.7 132,127,122
057 99 02 0.7 112,98,86
057 99 01 0.7 74,66,56
057 99 01 0.7 51,42,32
057 99 01 0.7 20,6,7
057 99 01 0.7 31,71,112
057 99 03 0.7 143,170,184
057 99 03 0.6 192,194,190
057 99 03 0.6 187,179,175
057 99 02 0.6 168,162,155
057 99 02 0.6 146,139,129
057 99 02 0.6 119,106,95
057 99 01 0.6 86,76,66
057 99 01 0.6 59,52,42
057 99 01 0.6 29,15,4
057 99 01 0.6 0,0,0
057 99 01 0.6 23,66,113
057 99 03 0.6 152,178,198
057 99 04 0.6 212,218,219
057 99 04 0.8 228,229,223
057 99 03 0.8 217,208,199
057 99 02 0.8 192,181,174
057 99 02 0.8 165,158,147
057 99 02 0.8 136,123,115
057 99 01 0.8 106,94,88
057 99 01 0.8 77,70,56
057 99 01 0.8 46,40,45
057 99 01 0.8 65,103,146
057 99 03 0.8 189,220,243
057 99 04 0.8 259,269,228
057 99 04 0.8 224,219,217
057 99 03 0.8 213,205,199
057 99 02 0.8 191,180,172
057 99 02 0.8 161,154,145
057 99 02 0.8 135,124,115
057 99 01 0.8 106,97,83
057 99 01 0.8 72,60,52
057 99 01 0.8 43,33,22
057 99 01 0.8 23,45,86
057 99 02 0.8 133,170,201
057 99 04 0.8 222,235,241
055 99 04 0.7 240,218,214
055 99 03 0.7 212,208,203
055 99 03 0.7 195,188,177
055 99 02 0.7 171,160,154
055 99 02 0.7 144,143,137
055 99 02 0.7 126,112,101
055 99 01 0.7 88,78,67
055 99 01 0.7 63,55,46
055 99 01 0.7 50,66,106
055 99 02 0.7 148,188,211
055 99 04 0.7 232,244,254
055 99 04 0.7 199,194,188
055 99 03 0.7 189,185,177
055 99 02 0.7 171,167,161
055 99 02 0.7 149,137,129
055 99 02 0.7 120,112,102
055 99 01 0.7 93,84,76
055 99 01 0.7 63,53,41
055 99 01 0.7 39,25,19
055 99 01 0.7 12,34,69
055 99 02 0.7 117,161,195
055 99 04 0.7 221,233,244
055 99 04 0.8 245,248,227
055 99 03 0.8 222,216,214
055 99 03 0.8 207,201,191
055 99 02 0.8 184,171,163
055 99 02 0.8 152,143,135
055 99 01 0.8 121,112,100
055 99 01 0.8 92,85,74
055 99 01 0.8 62,51,41
055 99 01 0.8 31,29,45
055 99 01 0.8 83,126,170
055 99 03 0.8 203,231,245
055 99 04 0.8 254,253,221
055 99 03 0.8 214,207,205
055 99 03 0.8 201,194,185
055 99 02 0.8 174,166,155
055 99 02 0.8 148,137,129
055 99 02 0.8 117,107,95
055 99 01 0.8 87,75,63
055 99 01 0.8 47,37,30
055 99 01 0.8 23,15,14
055 99 01 0.8 29,64,108
055 99 03 0.8 149,182,200
055 99 04 0.7 215,217,203
055 99 03 0.7 197,192,191
055 99 03 0.7 188,182,176
055 99 02 0.7 167,157,147
055 99 02 0.7 136,128,117
055 99 02 0.7 110,100,90
055 99 01 0.7 79,68,54
055 99 01 0.7 39,28,19
055 99 01 0.7 14,6,12
055 99 01 0.7 34,72,114
055 99 03 0.7 150,179,196
055 99 04 0.7 203,207,205
055 99 03 0.7 197,190,185
055 99 03 0.7 185,179,174
055 99 02 0.7 157,149,135
055 99 02 0.7 129,121,112
055 99 02 0.7 104,95,85
055 99 01 0.7 75,62,48
055 99 01 0.7 36,24,19
055 99 01 0.7 5,0,0
055 99 01 0.7 5,44,93
055 99 03 0.7 136,169,193
054 99 04 0.8 211,221,232
054 99 04 0.8 226,221,221
054 99 03 0.8 219,211,201
054 99 02 0.8 192,182,174
054 99 02 0.8 163,154,148
054 99 02 0.8 136,128,117
054 99 01 0.8 108,98,87
054 99 01 0.8 80,72,61
054 99 01 0.8 51,34,29
054 99 01 0.8 28,52,88
054 99 02 0.8 135,175,209
054 99 04 0.8 234,249,253
054 99 04 0.8 253,227,225
054 99 03 0.8 223,220,210
054 99 03 0.8 199,187,178
054 99 02 0.8 166,157,149
054 99 02 0.8 141,130,119
054 99 01 0.8 110,95,87
054 99 01 0.8 72,67,60
054 99 01 0.8 52,39,23
054 99 01 0.8 14,14,35
054 99 01 0.8 66,110,149
054 99 03 0.8 187,216,232
054 99 04 0.8 239,237,226
054 99 03 0.8 221,217,210
054 99 03 0.8 207,198,193
054 99 02 0.8 179,171,160
054 99 02 0.8 157,146,136
054 99 02 0.8 125,116,106
054 99 01 0.8 93,81,72
054 99 01 0.8 64,55,42
054 99 01 0.8 30,31,47
054 99 01 0.8 85,129,174
054 99 03 0.8 205,230,243
054 99 04 0.8 249,253,223
054 99 03 0.8 221,212,210
054 99 03 0.8 205,200,185
054 99 02 0.8 177,165,156
054 99 02 0.8 142,135,126
054 99 02 0.8 122,110,101
054 99 01 0.8 88,80,67
054 99 01 0.8 55,43,35
054 99 01 0.8 29,23,28
054 99 01 0.8 54,97,151
054 99 03 0.8 196,231,252
054 99 04 0.8 262,263,242
054 99 04 0.8 242,239,230
054 99 03 0.8 223,218,210
054 99 02 0.8 205,198,190
054 99 02 0.8 180,171,164
054 99 02 0.8 152,135,120
054 99 01 0.8 112,106,94
054 99 01 0.8 81,67,59
054 99 01 0.8 45,36,26
054 99 01 0.8 32,61,110
054 99 02 0.8 162,203,232
054 99 04 0.8 252,264,270
054 99 04 0.8 273,241,234
054 99 03 0.8 228,223,218
054 99 03 0.8 208,201,192
054 99 02 0.8 184,177,169
054 99 02 0.8 161,149,138
054 99 02 0.8 125,110,97
054 99 01 0.8 88,76,67
054 99 01 0.8 51,41,24
054 99 01 0.8 18,20,46
054 99 02 0.8 84,131,172
054 99 03 0.8 199,219,228
054 99 04 0.7 233,215,208
054 99 03 0.7 206,201,198
054 99 03 0.7 190,183,171
054 99 02 0.7 162,148,137
054 99 02 0.7 122,114,106
054 99 01 0.7 96,81,63
054 99 01 0.7 50,39,31
054 99 01 0.7 24,13,0
054 99 01 0.7 0,0,0
054 99 01 0.7 34,83,123
054 99 03 0.7 155,172,188
054 99 04 0.7 193,197,212
054 99 03 0.7 211,206,201
054 99 03 0.7 193,183,176
054 99 02 0.7 166,157,143
054 99 02 0.7 129,117,106
054 99 01 0.7 97,86,73
054 99 01 0.7 58,45,33
054 99 01 0.7 26,15,5
054 99 01 0.7 0,0,0
054 99 01 0.7 0,39,86
054 99 03 0.7 128,159,186
054 99 04 0.7 198,203,219
054 99 03 0.7 213,209,203
054 99 03 0.7 199,193,188
054 99 02 0.7 180,170,160
054 99 02 0.7 149,134,125
054 99 01 0.7 116,110,96
054 99 01 0.7 85,76,66
054 99 01 0.7 53,37,23
054 99 01 0.7 12,4,0
054 99 01 0.7 4,33,77
054 99 02 0.7 126,166,193
054 99 04 0.8 212,220,220
054 99 04 0.8 217,214,212
054 99 03 0.8 210,202,197
054 99 02 0.8 190,180,167
054 99 02 0.8 155,141,128
054 99 01 0.8 116,107,98
054 99 01 0.8 89,76,65
054 99 01 0.8 56,46,34
054 99 01 0.8 23,14,7
054 99 01 0.8 8,29,65
054 99 02 0.8 112,149,177
054 99 04 0.8 194,201,202
054 99 03 0.7 192,187,181
054 99 03 0.7 178,173,168
054 99 02 0.7 161,149,138
054 99 02 0.7 123,111,98
054 99 01 0.7 87,77,64
054 99 01 0.7 52,37,29
054 99 01 0.7 20,11,0
054 99 01 0.7 0,0,0
054 99 01 0.7 0,7,51
054 99 02 0.7 97,136,167
054 99 04 0.7 185,193,193
054 99 04 0.7 220,219,213
054 99 03 0.7 207,197,192
054 99 02 0.7 180,166,150
054 99 02 0.7 139,130,119
054 99 01 0.7 109,99,87
054 99 01 0.7 75,63,53
054 99 01 0.7 41,32,21
054 99 01 0.7 11,0,0
054 99 01 0.7 0,0,24
054 99 02 0.7 72,113,149
054 99 04 0.7 172,191,199
054 99 04 0.7 198,211,206
054 99 03 0.7 202,194,182
054 99 02 0.7 168,158,150
054 99 02 0.7 139,127,118
054 99 02 0.7 110,99,87
054 99 01 0.7 74,58,46
054 99 01 0.7 35,30,19
054 99 01 0.7 4,0,0
054 99 01 0.7 0,0,0
054 99 01 0.7 0,39,80
054 99 03 0.7 114,137,154
054 99 04 0.7 158,195,184
054 99 03 0.7 177,173,171
054 99 02 0.7 166,159,151
054 99 02 0.7 143,131,120
054 99 02 0.7 106,95,84
054 99 01 0.7 75,65,53
054 99 01 0.7 40,28,17
054 99 01 0.7 7,0,0
054 99 01 0.7 0,0,0
054 99 01 0.7 0,5,43
054 99 02 0.7 79,105,121
054 99 03 0.6 129,132,169
054 99 03 0.6 163,157,151
054 99 02 0.6 147,142,135
054 99 02 0.6 123,112,101
054 99 02 0.6 90,76,69
054 99 01 0.6 60,49,35
054 99 01 0.6 23,9,0
054 99 01 0.6 0,0,0
054 99 01 0.6 0,0,0
054 99 01 0.6 0,0,35

