177628!20190909_212718!0!0
2.45!2.46!2.42!2.46!2.4!2.38!
99!54!65!0!601
357.6 2.47 124 85

054 99 00 0.6 0,0,0
054 99 02 0.6 0,76,134
054 99 05 0.6 173,199,215
057 99 05 1.0 423,398,368
057 99 03 1.0 342,326,307
057 99 02 1.0 293,269,252
057 99 01 1.0 227,201,171
057 99 00 1.0 145,120,95
057 99 00 1.0 72,50,29
057 99 00 1.0 10,0,0
057 99 00 1.0 0,0,0
057 99 00 1.0 0,0,17
057 99 02 1.0 114,197,266
057 99 05 1.0 303,332,344
057 99 05 1.0 425,413,393
057 99 04 1.0 385,374,372
057 99 03 1.0 379,402,427
057 99 04 1.0 451,488,524
057 99 04 1.0 552,567,585
057 99 04 1.0 597,602,609
057 99 04 0.6 619,220,154
057 99 02 0.6 81,41,34
057 99 01 0.6 30,55,119
057 99 03 0.6 218,320,396
057 99 05 0.6 453,491,514
062 99 05 1.1 521,484,475
062 99 05 1.1 466,477,501
062 99 05 1.1 532,549,551
062 99 04 1.1 549,532,509
062 99 03 1.1 475,449,416
062 99 01 1.1 396,392,403
062 99 02 1.1 413,418,416
062 99 02 1.1 411,396,382
062 99 01 1.1 368,384,444
062 99 03 1.1 531,612,668
062 99 05 1.1 703,727,735
062 99 06 0.9 360,331,285
062 99 04 0.9 252,227,212
062 99 01 0.9 198,177,162
062 99 00 0.9 145,130,111
062 99 00 0.9 99,90,88
062 99 00 0.9 81,78,67
062 99 00 0.9 62,52,47
062 99 00 0.9 39,44,80
062 99 02 0.9 152,239,307
062 99 08 0.9 349,378,397
062 99 08 0.9 402,356,341
062 99 06 0.9 327,315,305
062 99 04 0.9 295,281,274
062 99 02 0.9 261,251,221
062 99 00 0.9 194,169,152
062 99 00 0.9 132,110,87
062 99 00 0.9 61,29,0
062 99 00 0.9 0,0,1
062 99 00 0.9 65,127,162
064 99 04 0.5 183,176,208
064 99 02 0.5 169,135,102
064 99 01 0.5 83,66,54
064 99 01 0.5 47,44,49
064 99 01 0.5 64,85,98
064 99 02 0.5 100,97,95
064 99 02 0.5 97,97,90
064 99 02 0.5 83,67,81
064 99 02 0.5 128,213,295
064 99 05 0.5 358,398,417
064 99 06 0.9 426,379,374
064 99 04 0.9 351,334,312
064 99 03 0.9 296,281,269
064 99 02 0.9 260,238,221
064 99 01 0.9 197,175,151
064 99 01 0.9 132,123,106
064 99 01 0.9 93,79,65
064 99 00 0.9 48,31,44
064 99 01 0.9 105,206,303
064 99 05 0.9 377,423,461
064 99 06 1.1 486,498,460
064 99 05 1.1 439,415,395
064 99 03 1.1 381,369,357
064 99 02 1.1 341,322,305
064 99 01 1.1 288,276,254
064 99 01 1.1 232,206,191
064 99 00 1.1 168,154,137
064 99 00 1.1 127,113,113
064 99 01 1.1 156,241,337
064 99 04 1.1 420,474,519
064 99 06 1.1 545,565,450
064 99 05 1.1 433,405,388
064 99 03 1.1 371,354,340
064 99 02 1.1 322,306,284
064 99 01 1.1 264,243,223
064 99 01 1.1 207,190,173
064 99 00 1.1 152,132,114
064 99 00 1.1 93,69,46
064 99 00 1.1 29,35,83
064 99 02 1.1 171,272,357
064 99 05 1.1 412,448,474
064 99 06 1.1 485,453,431
064 99 04 1.1 408,391,376
064 99 03 1.1 362,341,322
064 99 02 1.1 301,287,265
064 99 01 1.1 247,224,209
064 99 01 1.1 188,174,155
064 99 00 1.1 139,118,102
064 99 00 1.1 86,65,39
064 99 00 1.1 13,26,90
064 99 02 1.1 190,292,365
064 99 05 1.1 414,436,449
064 99 05 1.1 454,432,411
064 99 04 1.1 385,371,354
064 99 02 1.1 337,315,297
064 99 02 1.1 275,252,227
064 99 01 1.1 206,189,172
064 99 00 1.1 151,125,108
064 99 00 1.1 94,78,58
064 99 00 1.1 30,11,0
064 99 00 1.1 0,0,57
064 99 02 1.1 146,235,304
064 99 05 1.1 354,382,392
064 99 05 1.0 387,400,374
064 99 03 1.0 353,329,319
064 99 02 1.0 299,287,270
064 99 02 1.0 252,226,198
064 99 01 1.0 178,162,147
064 99 00 1.0 129,111,91
064 99 00 1.0 64,46,25
064 99 00 1.0 12,0,0
064 99 00 1.0 0,0,16
064 99 02 1.0 105,197,256
064 99 05 1.0 294,317,327
064 99 06 0.9 372,355,334
064 99 04 0.9 313,297,285
064 99 02 0.9 271,257,239
064 99 01 0.9 219,190,165
064 99 00 0.9 145,126,101
064 99 00 0.9 74,53,39
064 99 00 0.9 22,3,0
064 99 00 0.9 0,0,0
064 99 00 0.9 0,0,23
064 99 03 0.9 117,199,257
064 99 08 0.9 292,306,311
064 99 07 0.9 383,357,334
064 99 04 0.9 317,310,295
064 99 02 0.9 274,254,234
064 99 00 0.9 213,185,158
064 99 00 0.9 134,112,93
064 99 00 0.9 76,57,34
064 99 00 0.9 10,0,0
064 99 00 0.9 0,0,0
064 99 00 0.9 0,26,127
064 99 06 0.9 212,270,297
064 99 08 0.9 305,314,370
064 99 06 0.9 358,336,319
064 99 03 0.9 295,277,255
064 99 01 0.9 238,213,196
064 99 00 0.9 180,162,141
064 99 00 0.9 110,89,67
064 99 00 0.9 57,38,21
064 99 00 0.9 0,0,0
064 99 00 0.9 0,0,0
064 99 01 0.9 41,136,217
064 99 07 0.9 277,313,329
064 99 08 0.9 329,376,357
064 99 05 0.9 332,313,293
064 99 03 0.9 281,261,244
064 99 01 0.9 221,203,184
064 99 00 0.9 163,140,122
064 99 00 0.9 101,84,65
064 99 00 0.9 47,34,17
064 99 00 0.9 6,0,0
064 99 00 0.9 0,48,130
064 99 05 0.9 204,254,285
064 99 07 0.8 303,307,315
064 99 05 0.8 294,275,263
064 99 03 0.8 251,238,220
064 99 01 0.8 200,177,158
064 99 00 0.8 140,121,105
064 99 00 0.8 86,69,51
064 99 00 0.8 38,24,3
064 99 00 0.8 0,0,0
064 99 00 0.8 0,0,0
064 99 02 0.8 88,174,232
064 99 08 0.8 268,289,304
065 99 07 0.9 364,341,312
065 99 04 0.9 294,285,270
065 99 02 0.9 252,232,216
065 99 01 0.9 197,175,152
065 99 00 0.9 135,119,108
065 99 00 0.9 92,70,47
065 99 00 0.9 28,17,1
065 99 00 0.9 0,0,0
065 99 00 0.9 0,74,175
065 99 06 0.9 242,290,314
065 99 08 0.9 333,335,370
065 99 06 0.9 344,320,297
065 99 03 0.9 282,263,248
065 99 01 0.9 229,211,189
065 99 00 0.9 173,156,139
065 99 00 0.9 117,97,82
065 99 00 0.9 64,40,17
065 99 00 0.9 0,0,0
065 99 00 0.9 0,0,0
065 99 01 0.9 54,140,213
065 99 07 0.9 260,292,311
065 99 08 0.9 318,352,328
065 99 05 0.9 309,294,284
065 99 03 0.9 263,244,218
065 99 01 0.9 201,182,164
065 99 00 0.9 143,124,110
065 99 00 0.9 91,74,51
065 99 00 0.9 31,14,0
065 99 00 0.9 0,0,0
065 99 00 0.9 0,0,0
065 99 02 0.9 83,164,226
065 99 08 0.8 259,277,282
065 99 07 0.8 347,338,319
065 99 04 0.8 300,277,266
065 99 02 0.8 255,240,219
065 99 01 0.8 189,164,140
065 99 00 0.8 126,113,99
065 99 00 0.8 80,61,38
065 99 00 0.8 19,3,0
065 99 00 0.8 0,0,0
065 99 00 0.8 0,0,66
065 99 04 0.8 156,224,262
065 99 08 0.9 281,293,293
065 99 07 0.9 353,328,304
065 99 03 0.9 281,269,253
065 99 02 0.9 234,208,190
065 99 00 0.9 173,154,134
065 99 00 0.9 116,99,79
065 99 00 0.9 62,43,25
065 99 00 0.9 6,0,0
065 99 00 0.9 0,0,0
065 99 00 0.9 0,0,82
065 99 05 0.9 170,232,270
065 99 08 0.9 293,305,373
065 99 07 0.9 357,336,319
065 99 04 0.9 303,289,270
065 99 02 0.9 248,231,213
065 99 00 0.9 196,173,156
065 99 00 0.9 140,126,115
065 99 00 0.9 96,82,57
065 99 00 0.9 42,23,11
065 99 00 0.9 0,0,0
065 99 00 0.9 0,27,120
065 99 05 0.9 209,268,305
061 99 08 0.9 327,340,383
061 99 07 0.9 368,343,328
061 99 03 0.9 310,299,283
061 99 02 0.9 266,248,231
061 99 00 0.9 215,196,180
061 99 00 0.9 159,142,120
061 99 00 0.9 104,90,74
061 99 00 0.9 60,40,23
061 99 00 0.9 7,0,0
061 99 00 0.9 0,65,155
061 99 05 0.9 241,293,324
061 99 08 0.8 338,341,346
061 99 06 0.8 329,310,300
061 99 03 0.8 286,276,260
061 99 02 0.8 248,234,220
061 99 01 0.8 197,176,150
061 99 00 0.8 135,119,108
061 99 00 0.8 93,77,54
061 99 00 0.8 35,14,7
061 99 00 0.8 0,0,0
061 99 00 0.8 8,82,176
061 99 06 0.8 257,305,338
061 99 08 0.9 357,364,381
061 99 07 0.9 366,342,323
061 99 04 0.9 309,306,294
061 99 02 0.9 278,255,238
061 99 00 0.9 218,208,190
061 99 00 0.9 169,147,131
061 99 00 0.9 119,100,86
061 99 00 0.9 70,54,37
061 99 00 0.9 21,7,0
061 99 00 0.9 26,100,199
061 99 06 0.9 286,344,380
057 99 08 1.0 404,415,413
057 99 07 1.0 397,373,352
057 99 04 1.0 339,327,313
057 99 02 1.0 299,282,264
057 99 01 1.0 243,227,212
057 99 00 1.0 194,174,155
057 99 00 1.0 135,119,107
057 99 00 1.0 98,86,65
057 99 00 1.0 46,30,21
057 99 00 1.0 32,86,178
057 99 05 1.0 269,328,366
057 99 08 1.0 396,424,431
057 99 08 1.0 406,383,364
057 99 05 1.0 343,330,314
057 99 02 1.0 297,280,259
057 99 01 1.0 240,226,217
057 99 00 1.0 205,185,166
057 99 00 1.0 150,140,122
057 99 00 1.0 104,82,72
057 99 00 1.0 56,42,23
057 99 00 1.0 9,9,55
057 99 02 1.0 141,239,316
057 99 08 1.0 361,390,404
057 99 08 0.9 411,398,384
057 99 06 0.9 359,343,323
057 99 03 0.9 315,296,285
057 99 02 0.9 263,245,224
057 99 00 0.9 210,201,187
057 99 00 0.9 172,147,127
057 99 00 0.9 111,97,83
057 99 00 0.9 65,53,35
057 99 00 0.9 23,11,39
057 99 01 0.9 106,203,283
057 99 08 0.9 328,350,363
056 99 08 0.8 368,348,327
056 99 05 0.8 309,297,288
056 99 03 0.8 276,266,248
056 99 02 0.8 232,206,189
056 99 00 0.8 171,161,145
056 99 00 0.8 125,105,87
056 99 00 0.8 77,59,38
056 99 00 0.8 16,2,0
056 99 00 0.8 0,0,0
056 99 01 0.8 44,139,230
056 99 07 0.8 291,334,362
056 99 08 1.0 369,366,382
056 99 06 1.0 364,344,334
056 99 03 1.0 322,306,290
056 99 02 1.0 275,259,240
056 99 00 1.0 224,208,189
056 99 00 1.0 167,146,133
056 99 00 1.0 112,95,74
056 99 00 1.0 61,47,33
056 99 00 1.0 25,10,7
056 99 00 1.0 33,111,209
056 99 06 1.0 290,340,371
056 99 08 0.9 390,399,385
056 99 07 0.9 368,347,334
056 99 04 0.9 322,312,298
056 99 02 0.9 285,271,254
056 99 01 0.9 238,219,203
056 99 00 0.9 184,168,150
056 99 00 0.9 134,118,102
056 99 00 0.9 86,74,55
056 99 00 0.9 35,16,7
056 99 00 0.9 27,81,168
056 99 05 0.9 254,316,358
055 99 08 0.9 384,394,389
055 99 07 0.9 377,363,345
055 99 04 0.9 334,324,312
055 99 03 0.9 298,280,266
055 99 01 0.9 249,229,208
055 99 00 0.9 191,173,157
055 99 00 0.9 138,123,109
055 99 00 0.9 93,81,67
055 99 00 0.9 51,32,13
055 99 00 0.9 11,44,124
055 99 04 0.9 217,292,335
055 99 08 0.9 366,384,392
055 99 07 0.9 371,355,336
055 99 04 0.9 323,316,302
055 99 03 0.9 290,266,253
055 99 01 0.9 236,227,213
055 99 00 0.9 203,187,169
055 99 00 0.9 155,147,134
055 99 00 0.9 114,91,77
055 99 00 0.9 63,54,37
055 99 00 0.9 35,65,137
055 99 04 0.9 225,293,328
055 99 08 0.8 352,366,364
055 99 07 0.8 322,304,299
055 99 04 0.8 286,272,260
055 99 02 0.8 244,234,220
055 99 01 0.8 209,192,174
055 99 00 0.8 160,148,134
055 99 00 0.8 115,95,79
055 99 00 0.8 63,47,29
055 99 00 0.8 14,0,0
055 99 00 0.8 0,44,130
055 99 05 0.8 218,289,338
055 99 08 0.8 376,392,400
055 99 08 1.0 410,396,375
055 99 05 1.0 364,352,345
055 99 03 1.0 330,311,296
055 99 01 1.0 278,266,243
055 99 00 1.0 226,210,194
055 99 00 1.0 180,163,149
055 99 00 1.0 127,108,88
055 99 00 1.0 76,65,53
055 99 00 1.0 53,88,166
055 99 04 1.0 257,332,389
055 99 08 1.0 424,453,462
055 99 08 1.0 464,399,375
055 99 05 1.0 356,340,329
055 99 03 1.0 322,310,298
055 99 02 1.0 277,255,235
055 99 00 1.0 217,203,196
055 99 00 1.0 184,172,152
055 99 00 1.0 135,119,103
055 99 00 1.0 95,77,59
055 99 00 1.0 35,52,112
055 99 03 1.0 199,285,345
055 99 08 1.0 397,430,452
055 99 08 1.0 454,413,398
055 99 06 1.0 386,369,357
055 99 03 1.0 337,327,313
055 99 02 1.0 302,281,257
055 99 01 1.0 238,225,213
055 99 00 1.0 197,181,166
055 99 00 1.0 146,129,115
055 99 00 1.0 103,90,76
055 99 00 1.0 64,59,89
055 99 01 1.0 158,256,335
055 99 08 1.0 391,424,444
054 99 08 0.9 453,391,379
054 99 06 0.9 360,348,336
054 99 04 0.9 324,312,293
054 99 02 0.9 275,256,242
054 99 01 0.9 228,216,202
054 99 00 0.9 188,170,151
054 99 00 0.9 135,123,111
054 99 00 0.9 97,81,67
054 99 00 0.9 51,46,72
054 99 01 0.9 145,230,305
054 99 08 0.9 346,377,391
054 99 08 0.8 396,340,324
054 99 05 0.8 304,290,278
054 99 03 0.8 266,254,238
054 99 02 0.8 222,205,191
054 99 00 0.8 180,163,146
054 99 00 0.8 127,115,98
054 99 00 0.8 80,59,44
054 99 00 0.8 26,14,0
054 99 00 0.8 0,0,16
054 99 01 0.8 94,189,271
054 99 08 0.8 332,369,393
054 99 08 1.0 400,414,395
054 99 06 1.0 378,361,350
054 99 03 1.0 333,319,299
054 99 02 1.0 282,263,245
054 99 00 1.0 228,210,196
054 99 00 1.0 179,160,138
054 99 00 1.0 121,105,91
054 99 00 1.0 73,56,42
054 99 00 1.0 26,23,47
054 99 01 1.0 110,202,281
054 99 07 1.0 344,378,404
054 99 08 0.9 420,419,388
054 99 06 0.9 366,348,329
054 99 03 0.9 315,298,281
054 99 02 0.9 260,238,220
054 99 00 0.9 205,192,175
054 99 00 0.9 157,142,125
054 99 00 0.9 108,91,80
054 99 00 0.9 66,54,31
054 99 00 0.9 14,0,0
054 99 00 0.9 40,120,210
054 99 06 0.9 283,329,355
054 99 08 0.9 371,378,377
054 99 06 0.9 360,339,325
054 99 04 0.9 313,297,282
054 99 02 0.9 263,244,225
054 99 00 0.9 207,191,177
054 99 00 0.9 157,141,121
054 99 00 0.9 109,90,72
054 99 00 0.9 58,46,32
054 99 00 0.9 11,0,0
054 99 00 0.9 14,86,173
054 99 06 0.9 247,294,318
054 99 08 0.8 333,340,352
054 99 06 0.8 338,319,306
054 99 04 0.8 292,276,262
054 99 02 0.8 245,231,212
054 99 01 0.8 194,177,160
054 99 00 0.8 139,122,106
054 99 00 0.8 92,77,59
054 99 00 0.8 42,24,8
054 99 00 0.8 0,0,0
054 99 00 0.8 17,92,170
054 99 06 0.8 231,266,295
054 99 07 0.8 302,309,324
054 99 06 0.8 309,288,274
054 99 03 0.8 262,251,234
054 99 02 0.8 213,194,180
054 99 00 0.8 165,148,125
054 99 00 0.8 109,88,76
054 99 00 0.8 55,41,20
054 99 00 0.8 4,0,0
054 99 00 0.8 0,0,0
054 99 00 0.8 0,63,154
054 99 06 0.8 224,276,304
054 99 08 0.9 326,335,392
054 99 07 0.9 369,345,331
054 99 04 0.9 322,310,296
054 99 02 0.9 280,265,249
054 99 01 0.9 232,215,196
054 99 00 0.9 178,161,147
054 99 00 0.9 129,112,91
054 99 00 0.9 77,61,45
054 99 00 0.9 23,14,25
054 99 00 0.9 76,153,239
054 99 07 0.9 303,350,383
054 99 08 0.9 404,407,379
054 99 06 0.9 357,333,317
054 99 03 0.9 305,292,278
054 99 02 0.9 261,246,229
054 99 01 0.9 211,198,177
054 99 00 0.9 161,142,128
054 99 00 0.9 108,89,68
054 99 00 0.9 48,32,18
054 99 00 0.9 5,0,9
054 99 00 0.9 66,153,244
054 99 07 0.9 303,336,359
054 99 08 0.9 371,371,353
054 99 06 0.9 337,325,318
054 99 03 0.9 302,292,278
054 99 02 0.9 266,248,236
054 99 01 0.9 224,211,194
054 99 00 0.9 176,162,146
054 99 00 0.9 134,118,103
054 99 00 0.9 90,73,57
054 99 00 0.9 55,95,169
054 99 04 0.9 249,311,351
054 99 08 0.8 369,372,308
054 99 06 0.8 296,280,266
054 99 03 0.8 252,242,235
054 99 02 0.8 222,208,191
054 99 01 0.8 176,156,142
054 99 00 0.8 124,108,91
054 99 00 0.8 73,61,45
054 99 00 0.8 37,19,3
054 99 00 0.8 0,0,50
054 99 02 0.8 138,223,285
054 99 08 0.8 327,351,363
054 99 08 0.9 365,371,352
054 99 05 0.9 337,324,309
054 99 03 0.9 288,270,256
054 99 01 0.9 244,227,208
054 99 00 0.9 184,167,144
054 99 00 0.9 130,111,102
054 99 00 0.9 84,70,51
054 99 00 0.9 32,21,47
054 99 01 0.9 116,210,289
054 99 07 0.9 350,388,421
054 99 08 1.0 442,447,405
054 99 07 1.0 379,360,343
054 99 04 1.0 333,310,300
054 99 02 1.0 279,265,247
054 99 00 1.0 230,216,195
054 99 00 1.0 176,154,133
054 99 00 1.0 118,104,90
054 99 00 1.0 72,53,39
054 99 00 1.0 30,60,128
054 99 03 1.0 220,296,353
054 99 08 1.0 391,417,433
055 99 08 0.9 401,385,356
055 99 05 0.9 338,323,311
055 99 03 0.9 292,273,254
055 99 01 0.9 233,214,195
055 99 00 0.9 181,163,146
055 99 00 0.9 126,110,91
055 99 00 0.9 74,54,40
055 99 00 0.9 25,11,0
055 99 00 0.9 0,37,120
055 99 04 0.9 212,278,315
055 99 08 0.9 335,351,356
055 99 07 0.9 349,329,310
055 99 04 0.9 302,286,272
055 99 02 0.9 249,230,202
055 99 00 0.9 176,159,143
055 99 00 0.9 130,109,86
055 99 00 0.9 67,49,34
055 99 00 0.9 13,0,0
055 99 00 0.9 0,0,0
055 99 00 0.9 0,0,75
055 99 04 0.9 155,211,247
055 99 08 0.8 265,270,325
055 99 06 0.8 306,287,271
055 99 03 0.8 260,242,225
055 99 02 0.8 202,187,160
055 99 00 0.8 139,117,103
055 99 00 0.8 87,66,44
055 99 00 0.8 23,9,0
055 99 00 0.8 0,0,0
055 99 00 0.8 0,0,0
055 99 00 0.8 2,76,146
055 99 06 0.8 183,206,214
055 99 06 0.7 214,290,269
055 99 06 0.7 250,229,215
055 99 01 0.7 197,185,167
055 99 00 0.7 144,119,96
055 99 00 0.7 77,63,38
055 99 00 0.7 19,0,0
055 99 00 0.7 0,0,0
055 99 00 0.7 0,0,0
055 99 00 0.7 0,0,0
055 99 04 0.7 77,150,190
055 99 08 0.7 215,232,237
055 99 07 0.9 360,341,317
055 99 04 0.9 297,282,267
055 99 02 0.9 248,228,210
055 99 00 0.9 193,173,152

