177628!20191004_123206!1!0
2.45!2.51!2.51!2.43!2.46!2.49!
79!62!79!187!29
409.8 2.38 56 55

064 99 05 0.9 261,243,227
064 99 02 0.9 215,204,192
064 99 00 0.9 180,163,146
064 99 00 0.9 124,112,95
064 99 00 0.9 80,63,49
064 99 00 0.9 38,22,11
064 99 00 0.9 0,0,0
064 99 00 0.9 0,31,99
064 99 07 0.9 166,200,214
064 99 07 0.7 211,235,222
064 99 03 0.7 207,191,179
064 99 02 0.7 166,155,146
064 99 01 0.7 133,114,98
064 99 00 0.7 84,69,52
064 99 00 0.7 35,23,7
064 99 00 0.7 0,0,0
064 99 00 0.7 0,0,0
064 99 01 0.7 7,76,150
064 99 07 0.7 202,235,248
063 99 07 0.9 255,284,268
063 99 06 0.9 251,237,230
063 99 03 0.9 221,214,202
063 99 01 0.9 191,181,167
063 99 00 0.9 154,136,122
063 99 00 0.9 106,94,84
063 99 00 0.9 74,60,45
063 99 00 0.9 33,40,73
063 99 04 0.9 133,200,255
063 99 08 0.9 287,300,304
063 99 08 0.8 267,255,234
063 99 04 0.8 216,199,188
063 99 02 0.8 175,164,150
063 99 00 0.8 139,123,105
063 99 00 0.8 85,73,61
063 99 00 0.8 50,39,32
063 99 00 0.8 21,10,0
063 99 00 0.8 0,29,89
063 99 07 0.8 161,211,241
063 99 08 0.8 256,263,263
063 99 08 0.8 264,248,229
063 99 04 0.8 214,204,196
063 99 02 0.8 182,172,160
063 99 00 0.8 143,126,109
063 99 00 0.8 100,87,76
063 99 00 0.8 63,50,38
063 99 00 0.8 27,20,36
063 99 02 0.8 89,158,215
064 99 08 0.8 249,266,267
064 99 06 0.8 239,226,212
064 99 03 0.8 197,188,180
064 99 02 0.8 171,157,145
064 99 01 0.8 128,113,99
064 99 00 0.8 84,73,60
064 99 00 0.8 52,40,30
064 99 00 0.8 18,8,0
064 99 00 0.8 19,73,150
064 99 06 0.8 220,258,277
064 99 07 0.9 282,285,280
064 99 08 0.9 265,242,225
064 99 03 0.9 215,209,200
064 99 02 0.9 186,173,157
064 99 00 0.9 141,129,117
064 99 00 0.9 102,87,72
064 99 00 0.9 60,51,41
064 99 00 0.9 32,27,53
064 99 03 0.9 108,182,244
064 99 08 0.9 290,312,322
064 99 08 0.9 291,280,261
064 99 06 0.9 247,235,223
064 99 03 0.9 210,195,185
064 99 00 0.9 170,158,145
064 99 00 0.9 134,123,110
064 99 00 0.9 94,77,65
064 99 00 0.9 54,44,34
064 99 00 0.9 21,10,21
064 99 01 0.9 65,142,207
064 99 08 0.9 254,279,289
063 99 08 0.9 294,272,257
063 99 06 0.9 239,225,218
063 99 03 0.9 207,193,181
063 99 01 0.9 168,155,136
063 99 00 0.9 121,105,93
063 99 00 0.9 80,70,56
063 99 00 0.9 43,28,20
063 99 00 0.9 14,14,15
063 99 01 0.9 49,105,175
063 99 08 0.9 231,263,277
063 99 08 0.8 279,255,241
063 99 06 0.8 223,213,202
063 99 03 0.8 194,187,171
063 99 01 0.8 155,139,131
063 99 00 0.8 117,101,85
063 99 00 0.8 72,61,49
063 99 00 0.8 38,24,14
063 99 00 0.8 0,0,6
063 99 01 0.8 53,124,188
063 99 08 0.8 228,247,254
063 99 08 0.8 253,253,238
063 99 05 0.8 224,205,189
063 99 01 0.8 174,164,152
063 99 00 0.8 137,117,100
063 99 00 0.8 85,77,60
063 99 00 0.8 48,33,21
063 99 00 0.8 8,0,0
063 99 00 0.8 0,0,0
063 99 02 0.8 41,111,171
063 99 08 0.8 212,230,237
063 99 08 0.8 233,247,231
063 99 05 0.8 216,204,191
063 99 02 0.8 175,163,150
063 99 00 0.8 136,122,109
063 99 00 0.8 96,78,58
063 99 00 0.8 47,37,30
063 99 00 0.8 13,2,0
063 99 00 0.8 0,0,3
063 99 03 0.8 69,139,192
063 99 08 0.8 221,237,240
063 99 08 0.8 265,251,241
063 99 05 0.8 227,214,202
063 99 02 0.8 189,179,166
063 99 00 0.8 154,139,123
063 99 00 0.8 110,93,80
063 99 00 0.8 68,57,46
063 99 00 0.8 35,28,19
063 99 00 0.8 21,57,120
063 99 07 0.8 188,238,270
063 99 08 0.8 287,290,262
063 99 07 0.8 244,228,211
063 99 03 0.8 200,188,180
063 99 01 0.8 170,161,145
063 99 00 0.8 131,116,102
063 99 00 0.8 90,74,67
063 99 00 0.8 58,46,30
063 99 00 0.8 16,25,67
063 99 04 0.8 131,196,240
062 99 08 0.8 270,282,283
062 99 08 0.8 259,245,232
062 99 05 0.8 220,205,193
062 99 02 0.8 177,167,154
062 99 00 0.8 140,125,115
062 99 00 0.8 104,92,74
062 99 00 0.8 58,47,37
062 99 00 0.8 30,20,12
062 99 00 0.8 12,36,100
062 99 07 0.8 176,239,270
062 99 08 0.9 285,291,277
062 99 08 0.9 264,247,234
062 99 04 0.9 224,216,205
062 99 02 0.9 195,177,160
062 99 00 0.9 143,129,116
062 99 00 0.9 97,81,66
062 99 00 0.9 56,44,35
062 99 00 0.9 25,18,8
062 99 00 0.9 9,46,138
062 99 07 0.9 322,540,720
062 99 04 0.9 809,859,921
062 99 02 0.9 985,1033,1067
062 99 08 0.9 1110,1165,1230
062 99 05 0.9 1305,1375,1424
062 99 08 0.9 1474,1520,1566
062 99 08 0.9 1582,1595,1599
062 99 05 4.9 1605,1595,1587
062 99 08 4.9 1576,1565,1554
062 99 08 4.9 1547,1556,1597
062 99 08 4.9 1656,1709,1737
062 99 08 4.9 1737,1721,1693
062 99 06 4.9 1660,1625,1587
062 99 00 4.9 1557,1538,1525
062 99 00 4.9 1516,1498,1474
062 99 00 4.9 1448,1429,1412
062 99 00 4.9 1396,1375,1346
062 99 00 4.9 1309,1267,1233
062 99 00 4.9 1197,1164,1154
062 99 00 4.9 1180,1239,1295
062 99 03 4.9 1337,1355,1362
062 99 04 4.9 1358,1345,1325
062 99 01 4.9 1302,1284,1269
062 99 00 4.9 1257,1242,1229
062 99 00 4.9 1208,1193,1179
062 99 00 4.9 1167,1151,1135
062 99 00 4.9 1115,1098,1078
062 99 00 4.9 1061,1039,1023
062 99 00 4.9 1021,1045,1094
062 99 04 4.9 1156,1203,1230
062 99 08 4.9 1235,1240,1227
062 99 05 4.9 1213,1184,1160
062 99 00 4.9 1138,1122,1113
062 99 00 4.9 1097,1079,1052
062 99 00 4.9 1029,1013,998
062 99 00 4.9 984,967,950
062 99 00 4.9 933,918,904
062 99 00 4.9 887,871,870
062 99 00 4.9 897,955,1017
062 99 07 4.9 1064,1084,1093
064 99 08 0.7 1093,219,204
064 99 03 0.7 186,164,149
064 99 02 0.7 137,124,111
064 99 00 0.7 94,78,54
064 99 00 0.7 28,12,0
064 99 00 0.7 0,0,0
064 99 00 0.7 0,0,0
064 99 00 0.7 0,0,0
064 99 01 0.7 0,52,103
064 99 06 0.7 132,146,148
064 99 05 0.8 151,246,237
064 99 05 0.8 222,213,210
064 99 03 0.8 204,197,186
064 99 01 0.8 175,158,146
064 99 00 0.8 133,118,99
064 99 00 0.8 79,60,44
064 99 00 0.8 28,13,3
064 99 00 0.8 16,59,120
064 99 06 0.8 175,206,221
064 99 08 0.7 225,217,208
064 99 03 0.7 187,174,160
064 99 02 0.7 148,136,119
064 99 01 0.7 106,90,74
064 99 00 0.7 56,37,23
064 99 00 0.7 10,0,0
064 99 00 0.7 0,0,0
064 99 00 0.7 0,0,0
064 99 02 0.7 23,86,132
064 99 06 0.7 153,165,238
064 99 04 0.7 234,221,207
064 99 03 0.7 195,181,166
064 99 02 0.7 149,133,121
064 99 01 0.7 104,90,75
064 99 01 0.7 63,50,36
064 99 01 0.7 26,14,2
064 99 01 0.7 0,0,0
064 99 01 0.7 0,14,74
064 99 03 0.7 130,174,200
064 99 04 0.8 211,211,235
064 99 03 0.8 223,209,196
064 99 02 0.8 188,180,168
064 99 02 0.8 152,138,125
064 99 01 0.8 110,94,82
064 99 01 0.8 72,58,49
064 99 01 0.8 32,24,9
064 99 01 0.8 4,0,0
064 99 01 0.8 29,86,150
064 99 04 0.8 196,222,235
064 99 04 0.8 242,246,239
064 99 03 0.8 221,206,191
064 99 02 0.8 183,177,168
064 99 02 0.8 156,142,132
064 99 01 0.8 121,106,91
064 99 01 0.8 77,64,51
064 99 01 0.8 39,33,24
064 99 01 0.8 18,34,82
064 99 03 0.8 152,209,244
064 99 04 0.8 259,263,240
064 99 04 0.8 230,213,199
064 99 02 0.8 188,178,167
064 99 02 0.8 150,135,117
064 99 01 0.8 106,93,81
064 99 01 0.8 65,52,39
064 99 01 0.8 24,14,4
064 99 01 0.8 0,0,0
064 99 01 0.8 0,44,112
064 99 03 0.8 170,206,223
064 99 04 0.8 230,233,245
064 99 03 0.8 231,215,204
064 99 02 0.8 196,188,181
064 99 02 0.8 164,147,133
064 99 01 0.8 126,117,105
064 99 01 0.8 91,82,73
064 99 01 0.8 66,56,47
064 99 01 0.8 33,25,32
064 99 02 0.8 70,133,193
064 99 04 0.8 233,251,260
064 98 04 0.7 261,231,222
064 98 03 0.7 207,193,176
064 98 02 0.7 168,157,146
064 98 02 0.7 126,111,102
064 98 01 0.7 93,81,63
064 98 01 0.7 53,41,31
064 98 01 0.7 19,13,4
064 98 01 0.7 3,16,63
064 98 03 0.7 119,174,211
065 98 04 0.8 236,248,248
065 98 04 0.8 240,228,216
065 98 03 0.8 203,189,176
065 98 02 0.8 163,148,130
065 98 01 0.8 113,101,87
065 98 01 0.8 78,63,54
065 98 01 0.8 44,32,16
065 98 01 0.8 0,0,9
065 98 02 0.8 59,119,168
065 98 04 0.8 196,214,219
065 98 04 0.7 223,207,190
065 98 02 0.7 176,159,143
065 98 02 0.7 123,110,90
065 98 01 0.7 68,37,11
065 98 00 0.7 0,0,0
065 98 00 0.7 0,0,0
065 98 00 0.7 0,0,0
065 98 00 0.7 0,0,0
065 98 03 0.7 0,37,61
065 98 04 0.7 69,67,233
065 98 03 0.7 222,212,201
065 98 02 0.7 188,166,149
065 98 01 0.7 133,120,102
065 98 01 0.7 80,61,38
065 98 01 0.7 22,5,0
065 98 00 0.7 0,0,0
065 98 00 0.7 0,0,0
065 98 01 0.7 0,0,36
065 98 03 0.7 62,77,80
064 98 03 0.6 183,167,147
064 98 02 0.6 130,118,99
064 98 01 0.6 79,58,42
064 98 01 0.6 24,1,0
064 98 00 0.6 0,0,0
064 98 00 0.6 0,0,0
064 98 00 0.6 0,0,0
064 98 00 0.6 0,0,0
064 98 03 0.6 0,32,73
064 98 05 0.6 176,306,436
064 97 04 2.2 518,563,561
064 97 04 2.2 664,562,451
064 97 01 2.2 351,277,237
064 97 00 2.2 256,287,274
064 97 00 2.2 202,130,109
064 97 00 2.2 107,94,92
064 97 00 2.2 145,252,369
064 97 05 2.2 469,538,581
064 97 05 1.5 578,470,427
064 97 03 1.5 374,317,271
064 97 01 1.5 227,180,118
064 97 00 1.5 67,24,0
064 97 00 1.5 0,0,0
064 97 00 1.5 0,0,15
064 97 02 1.5 128,238,307
064 97 06 1.5 335,341,346
064 97 05 1.5 354,379,414
065 97 05 1.7 448,449,511
065 97 05 1.7 454,401,357
065 97 00 1.7 326,300,291
065 97 01 1.7 351,435,503
065 97 07 1.7 539,588,645
065 97 08 1.2 667,368,351
065 97 06 1.2 339,325,292
065 97 02 1.2 241,186,123
065 97 00 1.2 66,34,51
065 97 00 1.2 106,163,189
065 97 02 1.2 183,166,135
065 97 00 1.2 102,58,27
065 97 00 1.2 4,0,0
065 97 00 1.2 0,0,0
065 97 00 1.2 0,0,0
065 97 01 1.2 0,0,0
065 97 00 1.2 0,0,0
065 97 00 1.2 0,0,0
065 97 04 1.2 0,0,40
065 97 08 1.2 77,87,91
065 97 08 1.2 111,163,220
065 97 04 1.2 271,364,450
065 93 06 2.8 496,905,897
065 93 03 2.8 960,1068,1189
065 93 08 2.8 1254,1249,1184
065 93 06 2.8 1078,953,859
065 93 00 2.8 838,953,1185
065 93 07 2.8 1406,1548,1578
065 93 08 2.8 1600,1610,1633
065 93 06 2.8 1688,1784,1874
067 93 08 3.4 1910,1026,924
067 93 05 3.4 808,669,525
067 93 00 3.4 381,268,179
067 93 00 3.4 101,21,0
067 93 00 3.4 0,0,0
067 93 00 3.4 0,0,32
067 93 00 3.4 83,115,147
067 93 03 3.4 174,201,238
067 93 08 1.4 280,312,306
067 93 05 1.4 396,345,299
067 93 00 1.4 266,254,256
067 93 00 1.4 252,225,195
067 93 00 1.4 170,163,159
067 93 00 1.4 161,156,144
067 93 00 1.4 129,122,142
067 93 01 1.4 184,230,258
067 93 04 1.4 271,276,279
067 93 04 1.4 274,256,230
067 93 02 1.4 202,181,167
067 93 00 1.4 148,133,110
067 93 00 1.4 93,74,57
067 93 00 1.4 40,23,3
067 93 00 1.4 0,0,0
067 93 00 1.4 0,0,0
067 93 00 1.4 0,0,0
067 93 02 1.4 0,17,28
067 93 03 1.4 29,16,0
067 93 02 1.4 0,0,0
067 93 00 1.4 0,0,0
067 93 00 1.4 0,0,0
067 93 00 1.4 0,0,0
067 93 00 1.4 0,0,0
067 93 00 1.4 0,0,0
067 93 00 1.4 0,0,0
067 93 01 1.4 0,0,0
067 93 05 1.4 0,0,0
067 93 04 1.4 0,0,0
067 93 03 1.4 0,0,0
067 93 02 1.4 0,0,0
067 93 01 1.4 0,0,0
067 93 00 1.4 0,0,0
067 93 00 1.4 0,0,0
067 93 00 1.4 0,0,0
067 93 00 1.4 0,0,0
067 93 04 1.4 0,0,0
067 93 06 0.7 0,216,213
067 93 03 0.7 208,214,226
067 93 03 0.7 242,257,276
073 88 03 0.3 293,298,81
073 88 04 0.3 61,37,9
073 88 01 0.3 0,0,0
073 88 00 0.3 0,0,0
073 88 01 0.3 0,0,12
073 88 03 0.3 33,54,74
073 88 04 0.6 86,93,172
073 88 04 0.6 164,148,137
073 88 02 0.6 122,116,101
073 88 01 0.6 78,45,16
073 88 00 0.6 0,0,0
073 88 00 0.6 0,0,0
073 88 00 0.6 0,0,0
073 88 00 0.6 0,0,0
073 88 00 0.6 0,0,0
073 88 02 0.6 0,11,33
073 88 05 0.7 48,53,211
073 88 03 0.7 179,127,81
073 88 01 0.7 41,28,3
073 88 00 0.7 0,0,0
073 88 00 0.7 0,0,0
073 88 00 0.7 0,0,0
073 88 00 0.7 0,0,0
073 88 01 0.7 0,0,0
073 88 03 0.7 0,0,0
071 88 03 0.5 157,157,155
071 88 02 0.5 161,164,161
071 88 02 0.5 141,109,78
071 88 01 0.5 57,64,92
071 85 02 0.3 132,149,83
071 85 02 0.3 56,27,4
071 85 00 0.3 0,30,88
071 85 04 0.3 161,231,288
071 85 08 0.3 332,363,377
071 85 08 1.2 368,344,322
071 85 05 1.2 325,336,353
071 85 05 1.2 360,367,366
071 85 04 1.2 364,350,322
071 85 02 1.2 276,221,184
071 85 00 1.2 164,176,206
071 85 01 1.2 259,309,344
074 85 05 0.6 365,365,193
074 85 03 0.6 177,169,165
074 85 02 0.6 162,161,161
074 85 02 0.6 162,155,146
074 85 02 0.6 129,113,93
074 85 01 0.6 65,34,4
074 85 00 0.6 0,0,9
074 85 01 0.6 57,120,177
074 85 04 0.6 220,244,258
074 85 04 0.9 265,274,261
074 85 04 0.9 240,227,216
074 85 02 0.9 207,197,187
074 85 01 0.9 175,167,157
074 85 01 0.9 153,145,140
074 85 01 0.9 132,115,104
074 85 00 0.9 109,141,183
074 85 03 0.9 213,237,252
074 86 04 0.5 264,264,148
074 86 04 0.5 136,121,114
074 86 02 0.5 104,101,101
074 86 02 0.5 108,109,120
074 86 03 0.5 132,129,119
074 86 03 0.5 120,145,157
074 86 04 0.5 156,161,188
074 86 05 0.5 233,271,302
075 86 07 0.7 311,313,204
075 86 04 0.7 198,189,186
075 86 03 0.7 176,164,149
075 86 02 0.7 138,128,117
075 86 02 0.7 103,86,74
075 86 01 0.7 68,71,75
075 86 02 0.7 76,84,105
075 86 02 0.7 148,190,220
075 86 04 0.5 235,236,167
075 86 03 0.5 155,149,144
075 86 03 0.5 147,147,144
075 86 02 0.5 136,131,121
075 86 02 0.5 105,85,69
075 86 01 0.5 56,43,35
075 86 01 0.5 38,47,71
075 86 02 0.5 110,161,206
075 86 04 0.5 238,259,263
075 86 04 0.7 260,210,191
075 86 03 0.7 169,152,141
075 86 02 0.7 132,127,120
075 86 02 0.7 121,114,110
075 86 02 0.7 99,90,82
075 86 01 0.7 75,70,69
075 86 01 0.7 83,124,180
075 86 03 0.7 234,267,287
075 85 04 0.7 291,215,202
075 85 03 0.7 193,184,184
075 85 02 0.7 181,188,182
075 85 02 0.7 172,157,143
075 85 02 0.7 132,115,101
075 85 01 0.7 92,89,87
075 85 01 0.7 81,72,69
075 85 01 0.7 97,140,192
075 85 03 0.7 223,244,251
078 85 04 0.6 179,175,170
078 85 03 0.6 172,172,172
078 85 03 0.6 161,146,126
078 85 02 0.6 114,109,116
078 85 02 0.6 121,122,113
078 85 02 0.6 100,86,81
078 85 01 0.6 99,143,216
078 85 04 0.6 302,374,417
078 85 06 1.1 432,429,326
078 85 06 1.1 286,236,195
078 85 01 1.1 170,165,170
078 85 01 1.1 181,186,189
078 85 02 1.1 179,162,148
078 85 01 1.1 153,170,191
078 85 02 1.1 196,201,210
078 85 03 1.1 244,284,318
078 85 06 0.6 335,335,176
078 85 04 0.6 149,121,82
078 85 01 0.6 41,0,0
078 85 00 0.6 0,0,0
078 85 00 0.6 0,0,0
078 85 00 0.6 0,0,0
078 85 00 0.6 0,0,0
078 85 02 0.6 0,1,33
078 85 05 0.6 59,72,73
079 85 04 0.7 201,186,169
079 85 02 0.7 151,151,153
079 85 02 0.7 154,146,139
079 85 02 0.7 135,138,143
079 85 02 0.7 142,143,150
079 85 02 0.7 168,179,182
079 85 03 0.7 192,223,284
079 85 04 0.7 354,409,439
079 85 05 1.0 444,443,299
079 85 06 1.0 290,274,266
079 85 04 1.0 261,261,258
079 85 03 1.0 257,255,251
079 85 03 1.0 241,232,229
079 85 02 1.0 222,210,195
079 85 01 1.0 192,192,212
079 85 02 1.0 259,330,407
079 85 08 1.0 462,506,524
079 85 08 1.1 529,321,299
079 85 05 1.1 265,224,175
079 85 01 1.1 129,86,48
079 85 00 1.1 11,0,0
079 85 00 1.1 0,0,0
079 85 00 1.1 0,0,0
079 85 00 1.1 0,0,0
079 85 02 1.1 0,26,54
078 85 04 0.7 63,71,228
078 85 04 0.7 238,268,312
078 85 04 0.7 348,362,360
078 85 04 0.7 348,331,316
078 85 03 0.7 304,291,278
078 85 02 0.7 257,241,229
078 85 01 0.7 241,276,322
078 85 03 0.7 361,379,384
078 79 03 0.5 151,138,125
078 79 02 0.5 105,86,67
078 79 02 0.5 57,51,37
078 79 01 0.5 22,0,0
078 79 01 0.5 0,0,0
078 79 00 0.5 0,0,0
078 79 00 0.5 0,0,4
078 79 03 0.5 88,163,220
078 79 05 0.5 260,283,291
078 79 05 1.3 397,383,368
078 79 04 1.3 347,336,334
078 79 03 1.3 343,348,354
078 79 03 1.3 363,367,362
078 79 03 1.3 340,324,301
078 79 02 1.3 286,265,242
078 79 01 1.3 221,195,175
078 79 00 1.3 149,142,155
078 79 01 1.3 202,255,305
071 79 03 0.7 331,346,343
071 79 03 0.7 197,187,175
071 79 02 0.7 158,138,125
071 79 02 0.7 112,102,86
071 79 01 0.7 71,55,37
071 79 01 0.7 21,1,0
071 79 01 0.7 0,0,0
071 79 01 0.7 0,0,0
071 79 00 0.7 0,0,0
071 79 01 0.7 0,0,53
071 79 03 0.7 102,133,152

