176927!20190915_135208!0!0
2.92!3.04!3.31!3.38!3.26!3.37!
95!52!57!601!47
550.8 3.5 53 123

057 95 01 3.1 0,0,0
057 95 03 3.1 0,142,187
054 95 04 3.4 190,1111,1070
054 95 06 3.4 1022,1003,1011
054 95 08 3.4 1034,1049,1036
054 95 06 3.4 1002,952,906
054 95 01 3.4 859,816,781
054 95 00 3.4 744,713,680
054 95 00 3.4 655,622,583
054 95 00 3.4 542,503,462
054 95 00 3.4 416,365,325
054 95 01 3.4 331,472,748
054 95 05 3.4 1070,1302,1412
054 95 06 3.4 1450,1457,1122
054 95 07 3.4 1088,1064,1073
054 95 03 3.4 1106,1135,1144
054 95 06 3.4 1121,1082,1039
054 95 04 3.4 1000,964,930
054 95 01 3.4 898,874,851
054 95 00 3.4 827,798,768
054 95 00 3.4 742,711,680
054 95 00 3.4 648,616,579
054 95 00 3.4 544,560,696
054 95 04 3.4 950,1229,1422
054 95 04 3.0 1510,1532,978
054 95 05 3.0 942,902,890
054 95 05 3.0 911,948,971
054 95 06 3.0 969,944,903
054 95 03 3.0 850,800,756
054 95 01 3.0 721,689,662
054 95 00 3.0 632,603,571
054 95 00 3.0 538,499,460
054 95 00 3.0 420,384,341
054 95 00 3.0 309,329,486
054 95 03 3.0 762,1064,1280
054 95 04 3.0 1398,1467,1502
053 95 03 3.7 1507,1178,1160
053 95 04 3.7 1167,1202,1233
053 95 03 3.7 1235,1211,1175
053 95 05 3.7 1130,1080,1031
053 95 02 3.7 992,957,925
053 95 00 3.7 890,856,817
053 95 00 3.7 780,740,702
053 95 00 3.7 660,615,562
053 95 00 3.7 514,498,598
053 95 02 3.7 835,1143,1398
053 95 04 3.7 1548,1629,1675
053 96 03 3.7 1687,1165,1133
053 96 04 3.7 1126,1159,1191
053 96 03 3.7 1200,1180,1139
053 96 05 3.7 1091,1040,991
053 96 02 3.7 946,908,870
053 96 00 3.7 838,804,771
053 96 00 3.7 730,685,639
053 96 00 3.7 593,548,500
053 96 01 3.7 452,404,378
053 96 01 3.7 441,647,932
053 96 05 3.7 1183,1322,1386
053 96 04 3.2 1403,1010,965
053 96 04 3.2 931,926,960
053 96 08 3.2 989,994,967
053 96 06 3.2 919,868,808
053 96 01 3.2 756,703,663
053 96 00 3.2 623,586,546
053 96 00 3.2 507,465,418
053 96 00 3.2 368,318,266
053 96 01 3.2 213,162,135
053 96 00 3.2 214,433,743
053 96 05 3.2 1005,1165,1243
053 96 05 3.7 1282,1284,1118
053 96 06 3.7 1080,1064,1082
053 96 04 3.7 1104,1110,1085
053 96 07 3.7 1040,984,928
053 96 01 3.7 876,821,770
053 96 00 3.7 721,680,637
053 96 00 3.7 592,541,492
053 96 01 3.7 443,393,336
053 96 00 3.7 281,228,187
053 96 01 3.7 214,378,668
053 96 05 3.7 965,1169,1269
053 96 05 3.7 1320,1339,1135
053 96 07 3.7 1095,1063,1067
053 96 07 3.7 1090,1102,1088
053 96 07 3.7 1045,993,929
053 96 01 3.7 868,813,767
053 96 00 3.7 723,674,625
053 96 00 3.7 577,530,472
053 96 01 3.7 415,357,305
053 96 00 3.7 248,192,135
053 96 00 3.7 89,114,284
053 96 03 3.7 570,859,1042
053 96 04 3.4 1124,1154,1150
053 96 08 3.4 1027,973,940
053 96 06 3.4 941,958,965
053 96 08 3.4 941,893,832
053 96 01 3.4 772,713,656
053 96 00 3.4 594,539,483
053 96 00 3.4 439,394,345
053 96 00 3.4 294,241,189
053 96 00 3.4 130,71,20
053 96 00 3.4 25,154,405
053 96 06 3.4 673,848,915
052 96 08 2.9 923,889,836
052 96 07 2.9 770,721,715
052 96 05 2.9 726,728,700
052 96 03 2.9 647,580,506
052 96 00 2.9 440,377,324
052 96 00 2.9 271,228,179
052 96 01 2.9 139,93,46
052 96 00 2.9 0,0,0
052 96 00 2.9 0,0,52
052 96 03 2.9 308,532,640
052 96 07 2.6 661,800,740
052 96 07 2.6 662,597,566
052 96 03 2.6 572,580,571
052 96 02 2.6 531,473,405
052 96 00 2.6 340,279,228
052 96 01 2.6 174,126,79
052 96 00 2.6 35,0,0
052 96 00 2.6 0,0,0
052 96 00 2.6 0,0,0
052 96 00 2.6 0,0,240
052 96 07 2.5 402,450,757
052 96 04 2.5 698,615,530
052 96 03 2.5 484,483,502
052 96 02 2.5 505,477,425
052 96 00 2.5 357,288,216
052 96 00 2.5 151,92,45
052 96 00 2.5 0,0,0
052 96 00 2.5 0,0,0
052 96 00 2.5 0,0,0
052 96 00 2.5 0,0,0
052 96 06 2.5 267,443,497
052 96 08 2.8 488,847,779
052 96 06 2.8 702,640,621
052 96 03 2.8 631,634,613
052 96 02 2.8 562,501,432
052 96 00 2.8 362,292,232
052 96 01 2.8 176,128,86
052 96 01 2.8 47,1,0
052 96 00 2.8 0,0,0
052 96 00 2.8 0,0,0
052 96 00 2.8 0,276,532
052 96 05 3.0 650,669,948
052 96 06 3.0 911,852,783
052 96 06 3.0 735,718,718
052 96 03 3.0 706,675,625
052 96 00 3.0 560,488,418
052 96 00 3.0 359,306,255
052 96 01 3.0 211,168,123
052 96 01 3.0 71,20,0
052 96 00 3.0 0,0,0
052 96 00 3.0 0,0,0
052 96 00 3.0 0,115,417
052 96 06 3.0 607,666,953
052 96 06 3.0 914,850,776
052 96 06 3.0 722,704,710
052 96 04 3.0 711,693,659
052 96 01 3.0 603,540,477
052 96 00 3.0 422,371,323
052 96 00 3.0 270,228,183
052 96 01 3.0 144,94,46
052 96 00 3.0 0,0,0
052 96 00 3.0 0,0,0
052 96 00 3.0 0,212,499
052 96 07 2.9 669,713,917
052 96 06 2.9 866,798,722
052 96 05 2.9 674,664,676
052 96 04 2.9 680,657,616
052 96 01 2.9 556,494,428
052 96 00 2.9 367,313,263
052 96 00 2.9 220,185,153
052 96 02 2.9 110,63,15
052 96 01 2.9 0,0,0
052 96 00 2.9 0,0,135
052 96 03 2.9 448,723,857
052 96 04 3.2 898,898,1028
052 96 07 3.2 980,913,872
052 96 08 3.2 865,881,879
052 96 08 3.2 857,811,755
052 96 00 3.2 701,650,603
052 96 00 3.2 554,511,471
052 96 00 3.2 435,401,366
052 96 00 3.2 327,290,249
052 96 00 3.2 204,158,110
052 96 00 3.2 88,168,396
052 96 06 3.2 707,952,1068
052 96 05 3.0 1088,989,946
052 96 04 3.0 891,840,827
052 96 07 3.0 847,872,874
052 96 06 3.0 851,807,753
052 96 01 3.0 698,649,608
052 96 00 3.0 571,535,501
052 96 00 3.0 469,433,399
052 96 00 3.0 356,315,270
052 96 01 3.0 224,182,151
052 96 00 3.0 196,375,662
052 96 06 3.0 933,1091,1144
052 96 05 3.1 1151,968,910
052 96 04 3.1 851,828,843
052 96 05 3.1 862,870,853
052 96 04 3.1 821,774,723
052 96 01 3.1 668,621,583
052 96 00 3.1 551,518,488
052 96 00 3.1 458,426,390
052 96 00 3.1 353,311,269
052 96 00 3.1 225,211,308
052 96 02 3.1 550,866,1122
052 96 05 3.1 1261,1322,1351
052 96 04 3.5 1349,1113,1067
052 96 04 3.5 1053,1071,1095
052 96 08 3.5 1095,1073,1035
052 96 05 3.5 987,936,891
052 96 01 3.5 852,816,784
052 96 00 3.5 756,726,691
052 96 00 3.5 652,611,571
052 96 00 3.5 537,501,462
052 96 00 3.5 416,377,365
052 96 00 3.5 467,707,1016
052 96 05 3.5 1257,1377,1422
052 96 04 3.3 1437,1062,1022
052 96 06 3.3 987,990,1019
052 96 02 3.3 1045,1045,1022
052 96 08 3.3 986,940,894
052 96 02 3.3 846,806,768
052 96 00 3.3 735,700,666
052 96 00 3.3 627,586,540
052 96 00 3.3 495,456,412
052 96 00 3.3 365,316,272
052 96 01 3.3 258,352,588
052 96 06 3.3 897,1143,1278
052 96 07 3.5 1336,1360,1097
052 96 06 3.5 1063,1023,1015
052 96 02 3.5 1036,1066,1072
052 96 06 3.5 1046,1000,947
052 96 04 3.5 892,842,793
052 96 00 3.5 752,710,675
052 96 00 3.5 640,601,556
052 96 00 3.5 508,465,421
052 96 00 3.5 378,326,278
052 96 00 3.5 228,182,162
052 96 00 3.5 253,495,804
052 96 05 3.5 1058,1199,1275
052 96 07 3.7 1316,1324,1132
052 96 06 3.7 1087,1067,1083
052 96 06 3.7 1104,1109,1086
052 96 07 3.7 1043,987,928
052 96 01 3.7 872,824,779
052 96 00 3.7 744,706,669
052 96 00 3.7 627,580,534
052 96 00 3.7 484,432,380
052 96 01 3.7 330,282,235
052 96 00 3.7 187,141,137
052 96 01 3.7 256,502,782
052 96 07 3.7 974,1059,1082
052 96 08 3.0 939,897,843
052 96 07 3.0 807,816,844
052 96 08 3.0 864,852,812
052 96 04 3.0 762,707,651
052 96 00 3.0 598,551,509
052 96 00 3.0 469,423,380
052 96 00 3.0 334,289,236
052 96 01 3.0 182,130,81
052 96 00 3.0 25,0,0
052 96 00 3.0 3,215,513
052 96 06 3.0 765,902,958
052 96 05 3.3 972,1024,982
052 96 04 3.3 932,905,914
052 96 08 3.3 934,935,908
052 96 07 3.3 862,803,743
052 96 00 3.3 685,632,583
052 96 00 3.3 538,498,459
052 96 00 3.3 416,370,325
052 96 01 3.3 274,224,166
052 96 00 3.3 110,58,41
052 96 00 3.3 134,370,676
052 96 06 3.3 932,1073,1146
052 96 06 3.6 1178,1185,1114
052 96 06 3.6 1072,1052,1064
052 96 08 3.6 1081,1081,1055
052 96 06 3.6 1011,957,897
052 96 01 3.6 843,795,750
052 96 00 3.6 706,665,624
052 96 00 3.6 589,545,502
052 96 00 3.6 448,399,347
052 96 01 3.6 300,252,207
052 96 01 3.6 210,341,601
052 96 06 3.6 902,1118,1230
052 96 04 3.5 1275,1287,1063
052 96 06 3.5 1017,985,991
052 96 08 3.5 1028,1054,1051
052 96 08 3.5 1014,961,906
052 96 02 3.5 850,800,752
052 96 00 3.5 708,668,629
052 96 00 3.5 589,547,502
052 96 00 3.5 456,407,360
052 96 01 3.5 313,263,216
052 96 01 3.5 225,370,634
052 96 06 3.5 918,1107,1195
054 96 03 3.3 1227,1225,985
054 96 06 3.3 935,896,895
054 96 08 3.3 914,924,905
054 96 08 3.3 861,804,743
054 96 00 3.3 682,625,575
054 96 00 3.3 532,492,451
054 96 00 3.3 404,361,312
054 96 01 3.3 268,219,172
054 96 00 3.3 116,61,15
054 96 00 3.3 47,217,496
054 96 05 3.3 766,931,994
054 96 01 3.2 1014,989,949
054 96 06 3.2 888,845,838
054 96 07 3.2 852,850,824
054 96 04 3.2 772,709,645
054 96 00 3.2 585,530,485
054 96 00 3.2 441,410,366
054 96 00 3.2 328,280,237
054 96 01 3.2 185,136,82
054 96 00 3.2 34,0,0
054 96 00 3.2 0,0,0
054 96 01 3.2 183,448,639
054 96 07 2.7 713,723,832
054 96 06 2.7 779,716,670
054 96 05 2.7 661,674,676
054 96 04 2.7 649,597,542
054 96 00 2.7 485,429,370
054 96 00 2.7 317,268,220
054 96 01 2.7 179,142,110
054 96 02 2.7 75,34,0
054 96 01 2.7 0,0,0
054 96 00 2.7 0,0,0
054 96 00 2.7 0,110,384
054 96 07 2.9 556,619,621
054 96 06 2.9 893,847,787
054 96 07 2.9 731,713,718
054 96 05 2.9 723,699,654
054 96 01 2.9 595,532,470
054 96 00 2.9 417,368,330
054 96 00 2.9 291,257,216
054 96 00 2.9 173,123,74
054 96 01 2.9 21,0,0
054 96 00 2.9 0,0,0
054 96 00 2.9 0,0,79
054 96 04 2.9 366,567,643
054 96 08 2.9 653,899,857
054 96 07 2.9 793,735,713
054 96 05 2.9 718,731,717
054 96 03 2.9 681,629,570
054 96 00 2.9 516,459,412
054 96 00 2.9 370,333,298
054 96 00 2.9 259,224,180
054 96 00 2.9 132,75,22
054 96 00 2.9 0,0,0
054 96 00 2.9 0,0,0
054 96 01 2.9 63,317,516
054 96 06 2.4 587,578,721
054 96 04 2.4 648,571,515
054 96 03 2.4 500,507,510
054 96 02 2.4 498,460,411
054 96 00 2.4 347,283,220
054 96 00 2.4 170,125,87
054 96 00 2.4 53,24,0
054 96 01 2.4 0,0,0
054 96 01 2.4 0,0,0
054 96 00 2.4 0,0,0
054 96 03 2.4 94,379,554
054 96 02 2.9 613,615,924
054 96 05 2.9 879,819,765
054 96 06 2.9 749,753,756
054 96 04 2.9 737,699,645
054 96 00 2.9 586,529,483
054 96 00 2.9 441,404,365
054 96 00 2.9 330,293,254
054 96 00 2.9 211,164,117
054 96 01 2.9 70,25,0
054 96 01 2.9 0,0,3
054 96 01 2.9 234,524,748
054 96 04 2.9 841,857,930
054 96 06 2.9 892,828,766
054 96 06 2.9 738,746,758
054 96 05 2.9 753,719,673
054 96 01 2.9 617,562,509
054 96 00 2.9 468,434,412
054 96 00 2.9 383,354,319
054 96 00 2.9 282,243,202
054 96 00 2.9 161,119,76
054 96 01 2.9 37,0,0
054 96 00 2.9 38,238,505
054 96 06 2.5 712,799,796
054 96 07 2.5 781,706,628
054 96 07 2.5 578,578,600
054 96 06 2.5 613,598,563
054 96 02 2.5 513,455,396
054 96 00 2.5 341,299,262
054 96 00 2.5 233,201,167
054 96 00 2.5 128,84,43
054 96 01 2.5 2,0,0
054 96 01 2.5 0,0,0
054 96 00 2.5 0,101,405
054 96 06 2.5 659,782,815
054 96 05 3.1 814,987,935
054 96 05 3.1 877,843,848
054 96 07 3.1 865,868,844
054 96 04 3.1 796,739,683
054 96 00 3.1 634,587,548
054 96 00 3.1 515,483,452
054 96 00 3.1 412,372,327
054 96 00 3.1 286,242,195
054 96 01 3.1 144,97,57
054 96 01 3.1 58,179,433
054 96 06 3.1 730,938,1028
054 96 05 3.0 1045,985,946
054 96 05 3.0 890,842,831
054 96 05 3.0 849,867,860
054 96 04 3.0 831,787,742
054 96 02 3.0 693,650,610
054 96 00 3.0 574,533,496
054 96 00 3.0 462,432,395
054 96 00 3.0 359,326,293
054 96 00 3.0 257,216,174
054 96 00 3.0 135,158,307
054 96 03 3.0 568,831,987
054 96 05 2.8 1041,1038,877
054 96 03 2.8 819,764,743
054 96 05 2.8 764,795,807
054 96 04 2.8 787,747,694
054 96 02 2.8 647,598,557
054 96 00 2.8 514,485,454
054 96 00 2.8 428,396,366
054 96 00 2.8 335,299,266
054 96 00 2.8 226,183,139
054 96 00 2.8 123,214,441
054 96 04 2.8 742,983,1113
054 96 03 3.3 1163,1185,1180
054 96 07 3.3 1031,991,982
054 96 07 3.3 1002,1032,1036
054 96 08 3.3 1015,976,932
054 96 04 3.3 887,843,804
054 96 00 3.3 772,745,719
054 96 00 3.3 689,651,607
054 96 00 3.3 570,530,497
054 96 00 3.3 452,406,358
054 96 00 3.3 320,313,411
054 96 02 3.3 632,918,1149
054 96 05 3.2 1271,1317,1323
054 96 05 3.2 996,956,926
054 96 05 3.2 932,963,990
054 96 06 3.2 990,962,919
054 96 03 3.2 870,826,783
054 96 01 3.2 747,714,683
054 96 00 3.2 650,620,583
054 96 00 3.2 547,503,464
054 96 00 3.2 421,379,336
054 96 01 3.2 294,255,269
054 96 00 3.2 406,662,934
054 96 04 3.2 1115,1198,1227
054 96 05 3.1 1229,948,907
054 96 04 3.1 887,899,934
054 96 06 3.1 948,938,900
054 96 04 3.1 855,802,752
054 96 01 3.1 706,669,633
054 96 00 3.1 596,560,525
054 96 00 3.1 489,448,403
054 96 00 3.1 361,319,280
054 96 00 3.1 235,188,153
054 96 01 3.1 202,390,678
054 96 05 3.1 947,1111,1186
054 96 03 3.4 1219,1226,1049
054 96 06 3.4 1005,979,988
054 96 08 3.4 1011,1018,996
054 96 07 3.4 956,905,848
054 96 01 3.4 791,739,694
054 96 00 3.4 655,622,588
054 96 00 3.4 548,504,456
054 96 00 3.4 411,364,319
054 96 01 3.4 269,218,165
054 96 00 3.4 120,115,231
054 96 02 3.4 469,747,945
054 96 08 3.0 1036,1066,1059
054 96 06 3.0 909,852,819
054 96 08 3.0 825,851,866
054 96 07 3.0 857,820,772
054 96 03 3.0 719,666,611
054 96 00 3.0 556,512,467
054 96 00 3.0 422,377,329
054 96 00 3.0 281,237,194
054 96 01 3.0 151,100,52
054 96 00 3.0 2,0,3
054 96 00 3.0 177,458,729
054 96 05 3.0 894,955,975
054 96 05 3.2 993,952,893
054 96 05 3.2 861,866,885
054 96 05 3.2 890,865,822
054 96 03 3.2 771,713,657
054 96 00 3.2 601,554,511
054 96 00 3.2 474,434,394
054 96 00 3.2 349,303,253
054 96 02 3.2 203,152,101
054 96 01 3.2 50,2,0
054 96 01 3.2 84,321,622
054 96 05 3.2 852,971,1023
054 96 04 3.3 1041,1053,1011
054 96 06 3.3 967,949,962
054 96 08 3.3 976,967,932
054 96 05 3.3 885,831,774
054 96 00 3.3 722,672,630
054 96 00 3.3 586,544,502
054 96 00 3.3 456,409,364
054 96 01 3.3 317,271,220
054 96 01 3.3 176,126,79
054 96 00 3.3 56,140,360
054 96 03 3.3 643,864,967
054 96 08 3.0 995,932,893
054 96 06 3.0 838,796,789
054 96 07 3.0 814,837,836
054 96 06 3.0 804,754,698
054 96 01 3.0 640,586,535
054 96 00 3.0 492,452,413
054 96 00 3.0 370,331,287
054 96 00 3.0 243,191,141
054 96 01 3.0 87,33,0
054 96 00 3.0 0,73,309
054 96 05 3.0 599,823,938
054 96 03 3.3 988,1000,1015
054 96 07 3.3 969,926,915
054 96 08 3.3 937,960,958
054 96 08 3.3 926,877,818
054 96 01 3.3 758,701,649
054 96 00 3.3 608,565,526
054 96 00 3.3 479,434,388
054 96 01 3.3 345,299,250
054 96 00 3.3 198,144,92
054 96 00 3.3 54,111,311
054 96 03 3.3 613,890,1065
054 96 07 3.7 1154,1202,1219
054 96 05 3.7 1147,1111,1089
054 96 03 3.7 1100,1122,1129
054 96 08 3.7 1109,1072,1022
054 96 04 3.7 961,906,854
054 96 00 3.7 813,768,726
054 96 00 3.7 682,638,588
054 96 00 3.7 537,485,431
054 96 01 3.7 380,331,286
054 96 00 3.7 236,182,154
054 96 00 3.7 238,462,766
054 96 07 3.7 1018,1161,1230
053 96 04 3.5 1263,1268,1086
053 96 06 3.5 1052,1045,1068
053 96 04 3.5 1097,1100,1075
053 96 07 3.5 1028,975,917
053 96 01 3.5 861,812,768
053 96 00 3.5 729,692,657
053 96 00 3.5 615,568,515
053 96 00 3.5 463,410,361
053 96 01 3.5 312,262,208
053 96 00 3.5 158,145,244
053 96 01 3.5 469,743,946
053 96 08 3.0 1041,1065,910
053 96 05 3.0 873,819,788
053 96 07 3.0 789,815,827
053 96 06 3.0 811,768,711
053 96 01 3.0 654,598,543
053 96 00 3.0 488,441,400
053 96 00 3.0 357,310,260
053 96 01 3.0 211,159,109
053 96 00 3.0 59,11,0
053 96 00 3.0 0,0,0
053 96 00 3.0 0,187,499
053 96 06 3.0 753,898,973
053 96 05 3.8 1014,1023,1162
053 96 06 3.8 1129,1116,1130
053 96 04 3.8 1144,1142,1117
053 96 07 3.8 1073,1020,963
053 96 01 3.8 906,853,801
053 96 00 3.8 758,713,669
053 96 00 3.8 622,570,514
053 96 01 3.8 456,400,347
053 96 00 3.8 293,234,178
053 96 00 3.8 122,83,118
053 96 00 3.8 298,587,876
053 96 05 3.8 1062,1155,1204
053 96 05 3.6 1220,1123,1086
053 96 04 3.6 1063,1070,1093
053 96 08 3.6 1103,1090,1054
053 96 06 3.6 1006,953,896
053 96 01 3.6 844,796,753
053 96 00 3.6 712,669,624
053 96 00 3.6 573,521,469
053 96 02 3.6 419,366,316
053 96 00 3.6 261,209,154
053 96 00 3.6 114,130,270
053 96 02 3.6 523,795,977
053 96 08 3.1 1060,1085,967
053 96 05 3.1 928,879,859
053 96 05 3.1 874,899,905
053 96 05 3.1 886,847,792
053 96 02 3.1 728,669,611
053 96 00 3.1 561,518,480
053 96 00 3.1 445,398,347
053 96 00 3.1 292,239,187
053 96 01 3.1 134,84,33

