177628!20190915_211515!0!0
2.55!2.49!2.67!2.49!2.52!2.48!
99!68!75!0!601
402.6 2.5 72 74

075 99 00 1.4 0,0,0
075 99 00 1.4 0,0,53
075 99 05 1.4 157,241,294
075 99 08 1.4 330,357,374
071 99 08 1.8 381,382,451
071 99 07 1.8 451,447,437
071 99 04 1.8 424,409,391
071 99 02 1.8 372,353,342
071 99 01 1.8 336,329,310
071 99 00 1.8 293,276,290
071 99 02 1.8 345,439,540
071 99 08 1.8 616,675,724
071 99 02 2.0 0,0,0
071 99 00 2.0 0,0,0
071 99 00 2.0 0,0,0
071 99 01 2.0 0,0,0
071 99 00 2.0 0,0,0
071 99 00 2.0 0,0,0
071 99 00 2.0 0,0,0
071 99 00 2.0 0,0,0
071 99 01 1.5 0,0,526
071 99 00 1.5 504,489,489
071 99 00 1.5 486,475,463
071 99 00 1.5 448,439,424
071 99 00 1.5 413,400,384
071 99 00 1.5 372,354,337
071 99 00 1.5 319,315,353
071 99 02 1.5 452,592,706
071 99 04 1.5 768,791,798
071 99 07 1.3 483,474,463
071 99 04 1.3 464,467,474
071 99 04 1.3 475,468,455
071 99 03 1.3 438,426,411
071 99 02 1.3 403,394,392
071 99 02 1.3 382,375,399
071 99 03 1.3 483,613,740
071 99 03 1.3 829,879,906
071 99 03 1.5 915,530,514
071 99 08 1.5 502,506,508
071 99 06 1.5 503,492,474
071 99 04 1.5 454,432,419
071 99 02 1.5 399,377,345
071 99 00 1.5 318,291,276
071 99 00 1.5 306,396,530
071 99 07 1.5 636,696,716
071 99 08 1.2 719,427,405
071 99 06 1.2 385,375,355
071 99 03 1.2 321,274,222
071 99 00 1.2 167,113,60
071 99 00 1.2 11,0,0
071 99 01 1.2 0,0,0
071 99 00 1.2 0,0,0
071 99 00 1.2 0,0,12
071 99 05 1.0 24,348,307
071 99 02 1.0 258,216,183
071 99 00 1.0 154,118,89
071 99 00 1.0 56,30,0
071 99 00 1.0 0,0,0
071 99 00 1.0 0,0,0
071 99 00 1.0 0,0,0
071 99 00 1.0 0,0,0
071 99 05 1.0 21,53,49
071 99 05 1.0 351,319,278
071 99 02 1.0 244,222,207
071 99 00 1.0 185,158,125
071 99 00 1.0 89,49,16
071 99 00 1.0 0,0,0
071 99 00 1.0 0,0,0
071 99 00 1.0 0,0,0
071 99 02 1.0 14,131,198
071 99 08 1.1 226,389,370
071 99 05 1.1 334,307,282
071 99 02 1.1 267,252,234
071 99 01 1.1 218,191,167
071 99 00 1.1 133,110,74
071 99 00 1.1 50,26,6
071 99 00 1.1 0,0,0
071 99 00 1.1 6,123,242
071 99 07 1.1 321,348,345
071 99 07 1.1 388,362,338
071 99 04 1.1 316,304,292
071 99 02 1.1 276,256,232
071 99 00 1.1 212,181,150
071 99 00 1.1 121,97,75
071 99 00 1.1 49,31,15
071 99 00 1.1 19,81,197
071 99 06 1.1 324,404,438
071 99 08 1.2 445,427,408
071 99 06 1.2 377,355,334
071 99 03 1.2 321,305,281
071 99 01 1.2 254,223,196
071 99 00 1.2 178,156,135
071 99 00 1.2 102,83,62
071 99 00 1.2 39,35,90
071 99 02 1.2 208,332,415
071 99 08 1.1 446,450,404
071 99 07 1.1 382,356,333
071 99 04 1.1 321,308,297
071 99 02 1.1 276,257,225
071 99 00 1.1 200,170,148
071 99 00 1.1 122,98,75
071 99 00 1.1 56,30,6
071 99 00 1.1 20,102,229
071 99 07 1.1 342,402,419
071 99 08 1.1 407,388,363
071 99 05 1.1 341,324,311
071 99 03 1.1 295,273,249
071 99 01 1.1 224,201,178
071 99 00 1.1 151,126,101
071 99 00 1.1 81,57,38
071 99 00 1.1 17,11,60
071 99 02 1.1 163,290,376
071 99 08 1.1 414,411,386
071 99 07 1.1 362,339,321
071 99 04 1.1 309,302,285
071 99 02 1.1 268,240,219
071 99 00 1.1 189,173,146
071 99 00 1.1 124,98,78
071 99 00 1.1 57,30,20
071 99 00 1.1 65,174,303
071 99 07 1.1 393,431,437
071 99 08 1.1 408,388,366
071 99 05 1.1 342,329,318
071 99 03 1.1 304,284,256
071 99 01 1.1 226,199,178
071 99 00 1.1 156,129,101
071 99 00 1.1 78,58,33
071 99 00 1.1 10,22,103
071 99 03 1.1 226,342,409
071 99 08 1.2 435,438,416
071 99 07 1.2 397,372,353
071 99 03 1.2 338,325,308
071 99 02 1.2 281,252,222
071 99 00 1.2 198,173,149
071 99 00 1.2 120,98,75
071 99 00 1.2 56,24,0
071 99 00 1.2 0,48,164
071 99 06 1.2 287,374,400
071 99 08 1.1 404,402,381
071 99 05 1.1 359,337,327
071 99 03 1.1 308,295,268
071 99 01 1.1 246,218,192
071 99 00 1.1 168,142,118
071 99 00 1.1 90,60,35
071 99 00 1.1 6,0,0
071 99 00 1.1 0,12,119
071 99 05 1.1 237,312,340
071 99 08 1.1 334,360,331
071 99 04 1.1 306,287,276
071 99 02 1.1 269,252,233
071 99 01 1.1 205,179,151
071 99 00 1.1 129,107,89
071 99 00 1.1 68,45,20
071 99 00 1.1 0,0,0
071 99 00 1.1 0,32,150
071 99 06 1.1 272,337,359
071 99 08 1.1 406,389,366
071 99 05 1.1 351,342,341
071 99 04 1.1 333,321,299
071 99 02 1.1 272,239,219
071 99 00 1.1 200,176,152
071 99 00 1.1 123,111,87
071 99 00 1.1 69,50,75
071 99 01 1.1 165,291,402
070 99 08 1.2 461,488,492
070 99 08 1.2 432,417,402
070 99 06 1.2 401,397,391
070 99 04 1.2 375,358,338
070 99 02 1.2 314,289,270
070 99 00 1.2 250,232,207
070 99 00 1.2 182,153,130
070 99 00 1.2 130,190,308
070 99 06 1.2 448,557,624
070 99 03 1.5 656,672,674
070 99 08 1.5 544,536,529
070 99 08 1.5 529,526,511
070 99 06 1.5 487,464,439
070 99 01 1.5 416,388,363
070 99 00 1.5 340,309,288
070 99 00 1.5 266,247,235
070 99 00 1.5 276,385,525
070 99 03 1.5 639,701,727
070 99 02 1.4 730,489,474
070 99 07 1.4 466,460,452
070 99 05 1.4 433,407,379
070 99 02 1.4 353,330,304
070 99 00 1.4 279,249,223
070 99 00 1.4 197,172,143
070 99 00 1.4 109,90,116
070 99 01 1.4 204,334,445
070 99 08 1.3 516,539,540
070 99 08 1.3 432,411,393
070 99 05 1.3 384,372,359
070 99 03 1.3 335,308,276
070 99 00 1.3 243,213,181
070 99 00 1.3 149,118,88
070 99 00 1.3 63,31,0
070 99 00 1.3 0,0,46
070 99 02 1.3 163,281,356
070 99 08 1.2 387,387,412
070 99 07 1.2 388,361,343
070 99 04 1.2 333,324,302
070 99 02 1.2 278,243,214
070 99 00 1.2 186,162,133
070 99 00 1.2 103,80,56
070 99 00 1.2 31,1,0
070 99 00 1.2 0,77,195
070 99 06 1.2 302,360,377
070 99 08 1.1 390,367,341
070 99 04 1.1 325,315,303
070 99 03 1.1 286,260,237
070 99 01 1.1 211,182,153
070 99 00 1.1 122,97,68
070 99 00 1.1 43,21,0
070 99 00 1.1 0,0,5
070 99 02 1.1 123,263,373
070 99 04 1.1 435,470,484
069 99 08 1.5 484,518,503
069 99 08 1.5 490,485,476
069 99 07 1.5 459,433,405
069 99 01 1.5 375,344,318
069 99 00 1.5 291,267,238
069 99 00 1.5 211,186,163
069 99 00 1.5 174,244,376
069 99 05 1.5 516,613,671
069 99 04 1.5 690,696,523
069 99 06 1.5 515,510,511
069 99 08 1.5 504,486,458
069 99 04 1.5 430,402,372
069 99 00 1.5 346,318,287
069 99 00 1.5 251,221,194
069 99 00 1.5 164,132,117
069 99 00 1.5 164,276,413
069 99 05 1.5 514,562,580
069 99 06 1.3 583,455,435
069 99 06 1.3 421,410,401
069 99 03 1.3 382,363,332
069 99 01 1.3 301,268,239
069 99 00 1.3 207,172,137
069 99 00 1.3 104,73,47
069 99 00 1.3 13,0,0
069 99 00 1.3 73,197,312
069 99 07 1.2 382,414,417
069 99 07 1.2 425,406,394
069 99 05 1.2 384,375,361
069 99 03 1.2 342,316,280
069 99 00 1.2 242,202,170
069 99 00 1.2 139,107,75
069 99 00 1.2 46,24,0
069 99 00 1.2 0,0,0
069 99 01 1.2 108,242,341
069 99 08 1.2 389,400,442
069 99 07 1.2 423,408,395
069 99 05 1.2 397,389,375
069 99 03 1.2 345,316,286
069 99 00 1.2 258,225,191
069 99 00 1.2 161,132,104
069 99 00 1.2 78,51,26
069 99 00 1.2 42,128,261
069 99 07 1.2 391,473,520
069 99 04 1.4 540,543,512
069 99 08 1.4 500,496,497
069 99 08 1.4 496,481,458
069 99 04 1.4 431,408,380
069 99 00 1.4 350,320,290
069 99 00 1.4 261,225,195
069 99 00 1.4 168,148,168
069 99 01 1.4 254,401,545
069 99 05 1.4 648,703,738
068 99 05 1.7 755,766,766
068 99 06 1.7 613,614,610
068 99 07 1.7 602,579,553
068 99 03 1.7 529,499,472
068 99 01 1.7 444,413,384
068 99 00 1.7 350,323,292
068 99 00 1.7 257,239,273
068 99 01 1.7 378,515,631
068 99 06 1.4 699,729,738
068 99 07 1.4 493,483,468
068 99 04 1.4 463,454,441
068 99 03 1.4 412,378,341
068 99 01 1.4 306,271,233
068 99 00 1.4 196,158,131
068 99 00 1.4 95,59,13
068 99 00 1.4 0,0,13
068 99 01 1.4 123,246,316
068 99 05 1.1 342,338,367
068 99 04 1.1 342,321,303
068 99 02 1.1 288,265,237
068 99 01 1.1 204,166,128
068 99 00 1.1 86,53,16
068 99 00 1.1 0,0,0
068 99 00 1.1 0,0,0
068 99 00 1.1 0,0,0
068 99 02 1.1 33,115,147
068 99 04 1.1 150,394,366
068 99 03 1.1 340,318,305
068 99 02 1.1 292,271,244
068 99 01 1.1 210,173,138
068 99 00 1.1 103,70,38
068 99 00 1.1 10,0,0
068 99 00 1.1 0,0,0
068 99 00 1.1 0,107,220
068 99 05 1.2 287,314,314
068 99 04 1.2 400,375,356
068 99 03 1.2 346,340,326
068 99 02 1.2 302,274,235
068 99 01 1.2 199,164,136
068 99 00 1.2 105,77,44
068 99 00 1.2 16,0,0
068 99 00 1.2 0,15,142
068 99 04 1.2 281,378,433
068 99 04 1.4 458,464,505
068 99 07 1.4 485,468,457
068 99 04 1.4 443,423,399
068 99 02 1.4 368,340,307
068 99 00 1.4 282,247,216
068 99 00 1.4 182,158,129
068 99 00 1.4 102,77,108
068 99 01 1.4 210,350,470
068 99 08 1.4 533,566,573
068 99 07 1.4 490,471,453
068 99 04 1.4 439,432,420
068 99 03 1.4 398,368,340
068 99 01 1.4 315,288,259
068 99 00 1.4 231,203,171
068 99 00 1.4 135,100,67
068 99 00 1.4 46,84,185
068 99 03 1.4 323,425,480
068 99 06 1.3 497,499,437
068 99 04 1.3 406,378,359
068 99 03 1.3 348,332,309
068 99 02 1.3 273,237,199
068 99 00 1.3 169,137,108
068 99 00 1.3 80,49,20
068 99 00 1.3 0,0,0
068 99 00 1.3 0,65,199
068 99 05 1.3 306,355,368
068 99 05 1.2 363,411,387
068 99 03 1.2 368,356,344
068 99 02 1.2 322,298,269
068 99 01 1.2 240,206,172
068 99 00 1.2 145,116,93
068 99 00 1.2 63,34,5
068 99 00 1.2 0,2,84
068 99 03 1.2 216,328,387
068 99 05 1.2 403,417,399
068 99 04 1.2 368,341,320
068 99 02 1.2 305,288,263
068 99 01 1.2 230,195,159
068 99 00 1.2 126,90,65
068 99 00 1.2 37,11,0
068 99 00 1.2 0,0,0
068 99 01 1.2 58,205,329
068 99 06 1.4 396,418,418
068 99 06 1.4 478,459,438
068 99 04 1.4 421,406,391
068 99 02 1.4 370,343,307
068 99 01 1.4 274,242,214
068 99 00 1.4 185,159,129
068 99 00 1.4 98,66,53
068 99 00 1.4 98,207,350
068 99 05 1.4 453,510,522
069 99 06 1.3 520,445,421
069 99 04 1.3 401,389,377
069 99 02 1.3 356,333,304
069 99 01 1.3 277,242,212
069 99 00 1.3 177,146,117
069 99 00 1.3 88,62,33
069 99 00 1.3 14,43,141
069 99 03 1.3 276,382,433
069 99 06 1.2 443,416,393
069 99 04 1.2 361,342,322
069 99 02 1.2 309,290,263
069 99 01 1.2 228,192,161
069 99 00 1.2 134,105,73
069 99 00 1.2 50,19,2
069 99 00 1.2 0,0,10
069 99 01 1.2 122,256,353
069 99 06 1.2 394,397,416
069 99 04 1.2 392,368,348
069 99 03 1.2 338,327,311
069 99 02 1.2 281,250,217
069 99 01 1.2 192,166,146
069 99 00 1.2 121,96,70
069 99 00 1.2 43,32,76
069 99 02 1.2 188,325,425
069 99 06 1.3 472,480,441
069 99 05 1.3 417,394,376
069 99 03 1.3 370,359,341
069 99 02 1.3 314,285,255
069 99 01 1.3 222,188,159
069 99 00 1.3 136,115,93
069 99 00 1.3 65,51,98
069 99 02 1.3 221,380,504
069 99 03 1.3 574,609,621
069 99 04 1.6 563,548,535
069 99 07 1.6 526,519,506
069 99 04 1.6 491,465,438
069 99 02 1.6 412,390,368
069 99 00 1.6 343,316,289
069 99 00 1.6 261,237,243
069 99 01 1.6 319,456,603
069 99 04 1.6 701,750,772
069 99 05 1.5 772,530,515
069 99 08 1.5 504,498,488
069 99 07 1.5 475,453,425
069 99 02 1.5 397,373,348
069 99 00 1.5 320,291,263
069 99 00 1.5 238,212,184
069 99 00 1.5 194,269,404
069 99 04 1.5 528,607,630
070 99 03 1.3 631,432,408
070 99 06 1.3 381,359,343
070 99 03 1.3 329,310,284
070 99 01 1.3 255,220,191
070 99 00 1.3 154,121,83
070 99 00 1.3 53,25,0
070 99 00 1.3 0,12,122
070 99 05 1.3 262,366,412
070 99 08 1.3 421,436,409
070 99 06 1.3 385,359,350
070 99 03 1.3 339,322,296
070 99 01 1.3 263,231,197
070 99 00 1.3 169,142,120
070 99 00 1.3 93,70,36
070 99 00 1.3 17,49,160
070 99 05 1.3 303,413,462
070 99 08 1.3 470,443,422
070 99 06 1.3 399,384,369
070 99 04 1.3 359,342,318
070 99 01 1.3 288,253,222
070 99 00 1.3 193,167,136
070 99 00 1.3 109,81,52
070 99 00 1.3 34,78,200
070 99 06 1.3 363,491,568
070 99 04 1.7 606,623,579
070 99 08 1.7 561,543,540
070 99 06 1.7 530,517,490
070 99 03 1.7 468,441,414
070 99 01 1.7 378,349,324
070 99 00 1.7 296,264,236
070 99 00 1.7 217,243,340
070 99 05 1.7 492,635,722
070 99 04 1.6 761,771,548
070 99 03 1.6 530,510,502
070 99 08 1.6 495,485,461
070 99 05 1.6 435,408,374
070 99 00 1.6 339,297,269
070 99 00 1.6 239,211,181
070 99 00 1.6 144,119,150
070 99 01 1.6 261,412,530
070 99 03 1.4 586,600,593
070 99 08 1.4 454,428,405
070 99 04 1.4 388,374,355
070 99 02 1.4 325,285,248
070 99 00 1.4 215,184,147
070 99 00 1.4 111,78,45
070 99 00 1.4 10,0,0
070 99 00 1.4 22,148,295
071 99 07 1.4 395,439,445
071 99 06 1.4 469,441,416
071 99 04 1.4 402,394,386
071 99 02 1.4 363,335,298
071 99 01 1.4 264,233,197
071 99 00 1.4 165,135,105
071 99 00 1.4 73,37,13
071 99 00 1.4 32,126,271
071 99 05 1.4 400,475,504
071 99 06 1.4 507,472,449
071 99 04 1.4 430,422,416
071 99 03 1.4 400,381,350
071 99 02 1.4 319,280,246
071 99 00 1.4 215,188,162
071 99 00 1.4 132,103,70
071 99 00 1.4 79,162,315
071 99 04 1.4 477,592,657
071 99 03 1.8 691,696,628
071 99 06 1.8 615,610,603
071 99 07 1.8 596,582,564
071 99 04 1.8 536,505,476
071 99 01 1.8 448,421,390
071 99 00 1.8 360,331,297
071 99 00 1.8 280,332,467
071 99 04 1.8 650,806,913
071 99 07 1.8 974,1008,1015
071 99 04 2.1 1014,729,735
071 99 06 2.1 738,729,711
071 99 04 2.1 683,653,621
071 99 02 2.1 591,561,533
071 99 01 2.1 503,473,435
071 99 00 2.1 396,377,431
071 99 02 2.1 573,754,900
071 99 04 2.1 984,1028,1043
073 99 03 1.9 666,653,641
073 99 05 1.9 629,615,593
073 99 03 1.9 565,530,490
073 99 01 1.9 448,403,365
073 99 00 1.9 327,292,250
073 99 00 1.9 211,158,135
073 99 00 1.9 178,309,467
073 99 05 1.9 584,644,660
073 99 06 1.5 517,484,454
073 99 05 1.5 430,418,394
073 99 02 1.5 367,328,286
073 99 00 1.5 238,192,147
073 99 00 1.5 102,61,20
073 99 00 1.5 0,0,0
073 99 00 1.5 0,0,88
073 99 05 1.5 227,304,335
073 99 07 1.3 328,426,392
073 99 03 1.3 362,347,331
073 99 02 1.3 312,286,248
073 99 01 1.3 207,158,116
073 99 00 1.3 75,36,0
073 99 00 1.3 0,0,0
073 99 00 1.3 0,0,138
073 99 04 1.3 275,355,381
074 99 07 1.5 378,489,461
074 99 06 1.5 440,420,405
074 99 03 1.5 385,357,324
074 99 00 1.5 283,244,207
074 99 00 1.5 164,124,84
074 99 00 1.5 50,9,0
074 99 00 1.5 0,91,256
074 99 07 1.5 415,515,556
074 99 03 1.7 572,596,582
074 99 08 1.7 561,545,533
074 99 05 1.7 514,486,451
074 99 01 1.7 416,383,352
074 99 00 1.7 319,283,249
074 99 00 1.7 209,166,121
074 99 00 1.7 90,132,258
074 99 05 1.7 433,570,640
074 99 03 1.7 665,668,560
074 99 08 1.7 538,518,507
074 99 05 1.7 490,466,438
074 99 02 1.7 403,368,331
074 99 00 1.7 296,257,219
074 99 00 1.7 180,143,102
074 99 00 1.7 57,23,53
074 99 00 1.7 166,321,442
074 99 08 1.4 503,517,489
074 99 05 1.4 461,431,404
074 99 03 1.4 389,374,353
074 99 02 1.4 319,282,238
074 99 00 1.4 201,158,119
074 99 00 1.4 76,35,0
074 99 00 1.4 0,0,0
074 99 00 1.4 0,33,189
074 99 05 1.4 317,376,392
074 99 06 1.5 496,468,437
074 99 03 1.5 409,392,381
074 99 02 1.5 362,337,302
074 99 01 1.5 264,227,184
074 99 00 1.5 143,106,77
074 99 00 1.5 48,17,0
074 99 00 1.5 0,52,203
074 99 05 1.5 362,457,496
074 99 04 1.5 505,525,496
074 99 07 1.5 472,455,447
074 99 04 1.5 433,412,381
074 99 01 1.5 342,310,275
074 99 00 1.5 244,207,170
074 99 00 1.5 139,106,75
074 99 00 1.5 64,133,286
074 99 04 1.5 469,605,684
073 99 06 2.0 727,747,741
073 99 05 2.0 666,658,655
073 99 07 2.0 649,637,616
073 99 04 2.0 592,563,532
073 99 01 2.0 504,474,447
073 99 00 2.0 413,382,348
073 99 00 2.0 330,379,513
073 99 04 2.0 697,849,950
073 99 07 2.1 1006,1035,1037
073 99 04 2.1 696,685,683
073 99 08 2.1 683,675,653
073 99 05 2.1 625,591,561
073 99 01 2.1 529,500,467
073 99 00 2.1 437,404,371
073 99 00 2.1 332,332,415
073 99 04 2.1 577,751,868
073 99 05 1.9 927,953,953
073 99 05 1.9 613,593,574
073 99 07 1.9 564,548,520
073 99 03 1.9 485,441,398
073 99 00 1.9 350,309,267
073 99 00 1.9 225,180,133
073 99 00 1.9 90,42,49
073 99 00 1.9 138,294,440
073 99 08 1.5 522,552,548
073 99 08 1.5 489,457,428
073 99 05 1.5 406,382,354
073 99 00 1.5 321,281,234
073 99 00 1.5 184,136,96
073 99 00 1.5 57,14,0
073 99 00 1.5 0,0,0
073 99 00 1.5 0,93,236
073 99 08 1.4 329,360,355
073 99 07 1.4 452,415,383

