177628!20190910_203726!0!0
2.39!2.44!2.5!2.45!2.44!2.4!
99!57!60!0!601
366.0 2.43 109 74

060 99 01 4.3 419,782,1127
060 99 05 4.3 1349,1449,1469
060 99 05 3.9 1323,1267,1207
060 99 05 3.9 1161,1124,1087
060 99 05 3.9 1042,987,929
060 99 00 3.9 866,805,737
060 99 00 3.9 668,597,528
060 99 00 3.9 454,380,305
060 99 00 3.9 231,154,75
060 99 00 3.9 0,0,0
060 99 00 3.9 0,0,256
060 99 04 3.9 695,1089,1338
060 99 06 4.8 1464,1508,1498
060 99 06 4.8 1623,1568,1521
060 99 04 4.8 1488,1455,1411
060 99 06 4.8 1356,1289,1224
060 99 00 4.8 1154,1087,1016
060 99 00 4.8 947,877,803
060 99 00 4.8 734,656,583
060 99 00 4.8 504,427,344
060 99 00 4.8 261,186,161
060 99 00 4.8 279,591,1017
060 99 06 4.8 1388,1630,1753
059 99 04 4.7 1798,1619,1564
059 99 07 4.7 1507,1467,1430
059 99 07 4.7 1389,1338,1284
059 99 03 4.7 1225,1155,1085
059 99 00 4.7 1006,935,857
059 99 01 4.7 784,710,634
059 99 00 4.7 560,485,411
059 99 00 4.7 337,256,177
059 99 00 4.7 119,159,389
059 99 03 4.7 768,1158,1422
059 99 04 4.3 1556,1600,1472
059 99 05 4.3 1421,1365,1321
059 99 04 4.3 1288,1254,1211
059 99 03 4.3 1160,1103,1044
059 99 01 4.3 979,913,843
059 99 01 4.3 773,699,629
059 99 01 4.3 560,487,417
059 99 00 4.3 343,270,192
059 99 00 4.3 124,131,307
059 99 03 4.3 652,1042,1335
059 99 06 4.2 1493,1550,1539
059 99 04 4.2 1380,1320,1270
059 99 04 4.2 1229,1194,1154
059 99 03 4.2 1104,1043,973
059 99 00 4.2 902,832,767
059 99 00 4.2 699,626,552
059 99 01 4.2 478,404,331
059 99 00 4.2 257,182,105
059 99 00 4.2 24,0,56
059 99 01 4.2 348,786,1213
059 99 04 4.2 1493,1643,1712
059 99 05 5.1 1717,1703,1648
059 99 05 5.1 1606,1577,1550
059 99 05 5.1 1510,1458,1401
059 99 03 5.1 1335,1259,1183
059 99 00 5.1 1111,1042,971
059 99 02 5.1 902,832,762
059 99 00 5.1 690,617,547
059 99 00 5.1 477,411,393
059 99 00 5.1 535,876,1303
059 99 04 5.1 1646,1836,1921
059 99 04 4.6 1948,1534,1483
059 99 06 4.6 1427,1389,1352
059 99 07 4.6 1318,1266,1212
059 99 03 4.6 1148,1085,1020
059 99 00 4.6 942,864,791
059 99 01 4.6 724,659,587
059 99 00 4.6 520,446,379
059 99 00 4.6 309,241,170
059 99 00 4.6 150,284,602
059 99 04 4.6 986,1278,1425
059 99 07 3.9 1478,1471,1276
059 99 06 3.9 1210,1156,1124
059 99 08 3.9 1097,1060,1018
059 99 03 3.9 966,909,843
059 99 00 3.9 774,703,631
059 99 00 3.9 565,499,434
059 99 00 3.9 366,299,231
059 99 00 3.9 161,94,21
059 99 00 3.9 0,10,243
059 99 06 3.9 613,962,1171
057 99 08 3.9 1259,1275,1279
057 99 07 3.9 1210,1145,1102
057 99 06 3.9 1073,1042,994
057 99 03 3.9 941,878,811
057 99 00 3.9 737,664,591
057 99 00 3.9 521,450,383
057 99 00 3.9 312,244,168
057 99 00 3.9 93,17,0
057 99 00 3.9 0,0,0
057 99 00 3.9 81,481,888
057 99 05 3.9 1149,1278,1338
057 99 07 4.5 1343,1503,1437
057 99 07 4.5 1385,1343,1309
057 99 08 4.5 1266,1217,1154
057 99 01 4.5 1088,1011,936
057 99 00 4.5 863,797,725
057 99 00 4.5 654,581,510
057 99 00 4.5 431,354,279
057 99 00 4.5 201,124,49
057 99 00 4.5 15,121,428
057 99 03 4.5 849,1204,1404
057 99 02 4.4 1490,1517,1475
057 99 05 4.4 1416,1348,1302
057 99 07 4.4 1260,1219,1170
057 99 03 4.4 1118,1058,987
057 99 00 4.4 916,842,771
057 99 01 4.4 698,627,557
057 99 00 4.4 487,416,348
057 99 00 4.4 279,208,133
057 99 00 4.4 60,39,174
057 99 02 4.4 486,864,1146
057 99 07 3.7 1280,1313,1252
057 99 04 3.7 1192,1126,1070
057 99 05 3.7 1032,1001,962
057 99 02 3.7 910,847,788
057 99 00 3.7 724,663,594
057 99 00 3.7 529,461,390
057 99 01 3.7 321,253,187
057 99 00 3.7 118,49,0
057 99 00 3.7 0,23,288
057 99 04 3.7 653,978,1161
057 99 05 3.8 1239,1248,1264
057 99 06 3.8 1200,1136,1097
057 99 08 3.8 1067,1037,994
057 99 03 3.8 945,886,826
057 99 00 3.8 757,695,629
057 99 00 3.8 564,496,430
057 99 00 3.8 368,303,235
057 99 00 3.8 166,104,59
057 99 00 3.8 109,352,739
057 99 08 3.8 1127,1377,1511
057 99 05 4.5 1569,1569,1471
057 99 05 4.5 1416,1370,1337
057 99 05 4.5 1313,1280,1234
057 99 03 4.5 1176,1116,1054
057 99 00 4.5 989,921,850
057 99 00 4.5 787,726,667
057 99 01 4.5 604,538,481
057 99 00 4.5 418,358,315
057 99 00 4.5 403,683,1073
057 99 04 4.5 1413,1612,1713
058 99 05 4.2 1750,1416,1362
058 99 04 4.2 1304,1257,1229
058 99 05 4.2 1197,1159,1108
058 99 02 4.2 1049,990,923
058 99 00 4.2 857,795,734
058 99 00 4.2 671,600,533
058 99 01 4.2 476,418,356
058 99 00 4.2 289,221,165
058 99 00 4.2 172,360,687
058 99 03 4.2 1029,1249,1346
058 99 04 3.6 1379,1202,1142
058 99 05 3.6 1072,1018,986
058 99 04 3.6 962,927,879
058 99 02 3.6 821,759,692
058 99 00 3.6 629,564,495
058 99 01 3.6 425,361,298
058 99 00 3.6 230,165,101
058 99 00 3.6 38,0,0
058 99 00 3.6 0,106,450
058 99 03 3.6 819,1067,1191
058 99 05 4.0 1245,1243,1299
058 99 07 4.0 1232,1178,1141
058 99 07 4.0 1110,1069,1020
058 99 02 4.0 959,898,831
058 99 00 4.0 764,699,625
058 99 01 4.0 555,486,424
058 99 00 4.0 358,288,218
058 99 00 4.0 147,79,9
058 99 00 4.0 0,0,224
058 99 04 4.0 603,982,1221
057 99 08 4.3 1349,1407,1414
057 99 06 4.3 1420,1360,1302
057 99 05 4.3 1265,1226,1190
057 99 05 4.3 1140,1077,1005
057 99 00 4.3 937,871,804
057 99 00 4.3 729,653,577
057 99 00 4.3 503,428,352
057 99 00 4.3 280,210,139
057 99 00 4.3 65,0,0
057 99 00 4.3 143,483,872
057 99 06 4.3 1154,1299,1362
057 99 06 4.1 1367,1351,1289
057 99 06 4.1 1225,1182,1144
057 99 06 4.1 1107,1058,998
057 99 00 4.1 931,861,792
057 99 00 4.1 723,653,583
057 99 00 4.1 510,440,368
057 99 00 4.1 304,237,174
057 99 00 4.1 107,36,0
057 99 00 4.1 0,173,488
057 99 05 4.1 807,1001,1076
057 99 05 3.3 1075,1059,986
057 99 07 3.3 917,863,824
057 99 03 3.3 791,744,686
057 99 00 3.3 616,554,487
057 99 00 3.3 420,343,274
057 99 00 3.3 204,139,70
057 99 00 3.3 1,0,0
057 99 00 3.3 0,0,0
057 99 00 3.3 0,0,194
057 99 04 3.3 588,872,1017
057 99 08 4.2 1087,1093,1408
057 99 06 4.2 1344,1287,1248
057 99 08 4.2 1212,1173,1125
057 99 03 4.2 1068,1008,941
057 99 00 4.2 874,804,737
057 99 01 4.2 670,608,540
057 99 00 4.2 473,405,337
057 99 00 4.2 273,203,137
057 99 00 4.2 102,205,502
057 99 06 4.2 893,1226,1419
058 99 08 4.2 1513,1544,1414
058 99 05 4.2 1358,1297,1251
058 99 07 4.2 1215,1177,1135
058 99 04 4.2 1087,1025,954
058 99 00 4.2 878,811,747
058 99 00 4.2 680,615,548
058 99 00 4.2 481,412,349
058 99 00 4.2 288,224,150
058 99 00 4.2 85,94,284
058 99 02 4.2 631,1000,1253
058 99 08 4.0 1374,1421,1410
058 99 05 4.0 1291,1225,1176
058 99 07 4.0 1144,1118,1083
058 99 05 4.0 1037,984,919
058 99 00 4.0 854,794,730
058 99 00 4.0 666,600,543
058 99 01 4.0 485,431,375
058 99 00 4.0 318,259,195
058 99 00 4.0 139,152,331
058 99 04 4.0 633,936,1115
058 99 03 3.1 1183,1176,995
058 99 05 3.1 925,865,826
058 99 07 3.1 797,766,724
058 99 00 3.1 671,613,548
058 99 00 3.1 481,417,355
058 99 00 3.1 301,241,179
058 99 00 3.1 115,58,3
058 99 00 3.1 0,0,0
058 99 00 3.1 0,12,357
058 99 08 3.1 755,1039,1201
058 99 03 4.4 1281,1305,1468
058 99 05 4.4 1417,1366,1337
058 99 05 4.4 1311,1284,1246
058 99 05 4.4 1195,1136,1070
058 99 00 4.4 1009,947,887
058 99 00 4.4 826,764,702
058 99 01 4.4 640,580,523
058 99 00 4.4 466,407,365
058 99 00 4.4 436,697,1073
058 99 04 4.4 1418,1626,1738
058 99 07 4.2 1784,1780,1363
058 99 06 4.2 1300,1247,1218
058 99 08 4.2 1187,1150,1102
058 99 03 4.2 1045,983,915
058 99 00 4.2 849,781,719
058 99 00 4.2 653,585,515
058 99 00 4.2 450,388,322
058 99 00 4.2 256,192,139
058 99 00 4.2 165,366,709
058 99 06 4.2 1063,1288,1399
058 99 07 3.9 1439,1428,1243
058 99 07 3.9 1173,1119,1083
058 99 08 3.9 1057,1023,975
058 99 02 3.9 917,852,787
058 99 00 3.9 721,661,601
058 99 01 3.9 542,474,410
058 99 00 3.9 350,287,226
058 99 00 3.9 164,104,45
058 99 00 3.9 49,222,524
058 99 04 3.9 842,1029,1108
059 99 05 3.2 1111,1041,968
059 99 04 3.2 896,848,815
059 99 06 3.2 787,746,693
059 99 00 3.2 632,564,498
059 99 00 3.2 426,358,287
059 99 00 3.2 229,167,108
059 99 00 3.2 42,0,0
059 99 00 3.2 0,0,0
059 99 00 3.2 0,0,268
059 99 07 3.2 652,913,1047
059 99 03 4.1 1106,1114,1366
059 99 06 4.1 1307,1250,1208
059 99 08 4.1 1176,1138,1090
059 99 03 4.1 1030,969,899
059 99 00 4.1 835,760,696
059 99 01 4.1 621,558,488
059 99 00 4.1 424,351,286
059 99 00 4.1 219,157,90
059 99 00 4.1 32,62,290
059 99 03 4.1 661,1032,1264
059 99 08 4.2 1383,1430,1430
059 99 06 4.2 1355,1291,1227
059 99 07 4.2 1187,1156,1114
059 99 04 4.2 1060,999,933
059 99 00 4.2 863,785,706
059 99 01 4.2 633,558,491
059 99 00 4.2 418,341,264
059 99 00 4.2 189,123,55
059 99 00 4.2 0,0,0
059 99 00 4.2 95,446,831
059 99 07 4.2 1089,1223,1283
059 99 06 4.1 1282,1345,1273
059 99 06 4.1 1211,1165,1133
059 99 06 4.1 1095,1049,988
059 99 00 4.1 920,845,770
059 99 01 4.1 695,619,544
059 99 00 4.1 475,407,343
059 99 00 4.1 277,209,135
059 99 00 4.1 59,0,0
059 99 00 4.1 0,236,596
059 99 06 4.1 903,1071,1131
059 99 06 3.6 1132,1156,1089
059 99 07 3.6 1028,984,951
059 99 04 3.6 917,870,809
059 99 00 3.6 738,665,591
059 99 00 3.6 518,445,372
059 99 00 3.6 299,225,148
059 99 00 3.6 76,5,0
059 99 00 3.6 0,0,0
059 99 00 3.6 0,122,545
059 99 05 3.6 914,1142,1261
059 99 05 4.6 1311,1303,1531
059 99 05 4.6 1478,1439,1406
059 99 04 4.6 1371,1326,1269
059 99 05 4.6 1207,1139,1067
059 99 00 4.6 991,917,844
059 99 00 4.6 777,705,632
059 99 00 4.6 555,479,406
059 99 00 4.6 330,254,202
059 99 00 4.6 285,577,1000
059 99 03 4.6 1387,1630,1763
059 99 06 4.8 1830,1834,1592
059 99 05 4.8 1535,1493,1464
059 99 05 4.8 1436,1394,1343
059 99 04 4.8 1281,1211,1138
059 99 00 4.8 1060,985,910
059 99 01 4.8 833,753,674
059 99 00 4.8 598,525,447
059 99 00 4.8 368,287,227
059 99 00 4.8 286,562,978
059 99 05 4.8 1371,1622,1762
059 99 04 4.8 1833,1840,1576
059 99 05 4.8 1522,1478,1448
059 99 05 4.8 1423,1387,1339
059 99 04 4.8 1276,1211,1138
059 99 00 4.8 1064,987,917
059 99 01 4.8 847,774,698
059 99 00 4.8 623,545,470
059 99 00 4.8 394,326,271
059 99 00 4.8 340,603,985
059 99 07 4.8 1324,1523,1620
059 99 07 4.1 1644,1339,1277
059 99 05 4.1 1224,1195,1176
059 99 07 4.1 1149,1103,1044
059 99 02 4.1 976,902,825
059 99 00 4.1 752,677,603
059 99 00 4.1 526,451,377
059 99 00 4.1 300,226,146
059 99 00 4.1 68,1,27
059 99 01 4.1 268,678,1111
059 99 06 4.1 1411,1584,1686
059 99 04 5.1 1719,1703,1648
059 99 07 5.1 1603,1576,1550
059 99 05 5.1 1515,1466,1406
059 99 04 5.1 1340,1268,1197
059 99 00 5.1 1116,1042,964
059 99 00 5.1 890,814,744
059 99 00 5.1 670,594,514
059 99 00 5.1 433,361,358
059 99 00 5.1 556,929,1353
059 99 06 5.1 1659,1841,1942
059 99 05 4.9 1977,1613,1555
059 99 06 4.9 1497,1452,1418
059 99 07 4.9 1372,1321,1255
059 99 02 4.9 1186,1112,1035
059 99 00 4.9 960,880,802
059 99 00 4.9 719,641,559
059 99 00 4.9 480,401,323
059 99 00 4.9 239,155,74
059 99 01 4.9 28,133,442
059 99 06 4.9 854,1200,1401
059 99 08 4.6 1509,1545,1498
059 99 04 4.6 1441,1380,1333
059 99 05 4.6 1293,1257,1206
059 99 03 4.6 1148,1078,1009
059 99 00 4.6 938,864,787
059 99 01 4.6 711,640,570
059 99 00 4.6 497,424,349
059 99 00 4.6 274,202,126
059 99 00 4.6 46,0,19
059 99 01 4.6 254,603,932
059 99 04 3.7 1117,1201,1203
059 99 05 3.7 1185,1110,1045
059 99 05 3.7 998,965,936
059 99 03 3.7 887,826,756
059 99 00 3.7 688,615,536
059 99 01 3.7 454,376,300
059 99 00 3.7 226,149,68
059 99 00 3.7 0,0,0
059 99 00 3.7 0,0,0
059 99 01 3.7 0,66,498
059 99 04 3.7 864,1076,1186
059 99 04 4.8 1232,1223,1543
059 99 07 4.8 1483,1440,1406
059 99 07 4.8 1368,1319,1259
059 99 02 4.8 1191,1118,1044
059 99 00 4.8 970,892,813
059 99 00 4.8 740,661,588
059 99 00 4.8 507,428,341
059 99 00 4.8 256,171,86
059 99 02 4.8 21,60,319
059 99 04 4.8 737,1158,1436
059 99 04 4.8 1591,1670,1688
059 99 07 5.0 1636,1575,1518
059 99 05 5.0 1479,1449,1402
059 99 06 5.0 1346,1278,1208
059 99 00 5.0 1133,1054,979
059 99 00 5.0 898,821,741
059 99 00 5.0 662,581,496
059 99 00 5.0 410,325,239
059 99 01 5.0 155,68,11
059 99 00 5.0 91,390,825
059 99 05 5.0 1217,1453,1571
059 99 05 4.8 1615,1592,1543
059 99 07 4.8 1484,1438,1404
059 99 07 4.8 1369,1325,1266
059 99 03 4.8 1203,1132,1056
059 99 00 4.8 977,899,826
059 99 00 4.8 749,673,595
059 99 00 4.8 511,431,349
059 99 00 4.8 278,200,119
059 99 00 4.8 44,32,219
059 99 03 4.8 582,990,1264
059 99 08 4.2 1398,1437,1405
059 99 05 4.2 1352,1293,1245
059 99 07 4.2 1210,1181,1141
059 99 04 4.2 1092,1023,949
059 99 00 4.2 870,801,725
059 99 01 4.2 651,571,490
059 99 00 4.2 410,329,250
059 99 00 4.2 168,81,0
059 99 01 4.2 0,0,0
059 99 00 4.2 45,436,870
059 99 06 4.2 1190,1359,1439
059 99 05 4.8 1452,1591,1530
059 99 06 4.8 1475,1436,1404
059 99 08 4.8 1365,1311,1246
059 99 02 4.8 1173,1098,1022
059 99 00 4.8 947,869,790
059 99 00 4.8 707,623,540
059 99 00 4.8 459,374,288
059 99 00 4.8 202,116,33
059 99 01 4.8 0,85,405
059 99 06 4.8 860,1265,1511
058 99 06 5.1 1640,1696,1695
058 99 06 5.1 1672,1616,1573
058 99 05 5.1 1537,1499,1451
058 99 06 5.1 1390,1325,1252
058 99 00 5.1 1173,1092,1004
058 99 01 5.1 923,840,760
058 99 00 5.1 671,579,487
058 99 00 5.1 397,304,216
058 99 01 5.1 128,46,11
058 99 00 5.1 132,472,925
058 99 04 5.1 1314,1550,1665
058 99 04 5.0 1706,1672,1618
058 99 07 5.0 1560,1520,1490
058 99 07 5.0 1451,1403,1336
058 99 03 5.0 1267,1194,1119
058 99 00 5.0 1041,960,879
058 99 00 5.0 797,715,633
058 99 00 5.0 549,465,384
058 99 00 5.0 300,214,124
058 99 01 5.0 52,82,305
058 99 02 5.0 685,1070,1327
058 99 08 4.2 1446,1474,1396
058 99 07 4.2 1334,1273,1227
058 99 08 4.2 1191,1152,1102
058 99 03 4.2 1040,968,891
058 99 00 4.2 812,728,647
058 99 00 4.2 555,471,380
058 99 00 4.2 297,207,119
058 99 01 4.2 28,0,0
058 99 00 4.2 0,0,0
058 99 00 4.2 0,275,760
058 99 07 4.2 1142,1364,1476
058 99 06 5.4 1510,1836,1785
058 99 06 5.4 1729,1689,1652
058 99 06 5.4 1608,1552,1486
058 99 04 5.4 1411,1331,1249
058 99 00 5.4 1163,1073,986
058 99 00 5.4 898,808,713
058 99 00 5.4 618,526,430
058 99 00 5.4 338,244,151
058 99 00 5.4 66,67,273
058 99 00 5.4 683,1153,1517
058 99 07 5.4 1729,1831,1854
058 99 05 5.3 1781,1734,1681
058 99 06 5.3 1637,1588,1537
058 99 08 5.3 1473,1404,1323
058 99 00 5.3 1241,1148,1059
058 99 00 5.3 962,869,774
058 99 00 5.3 680,586,488
058 99 00 5.3 385,286,191
058 99 00 5.3 99,6,0
058 99 00 5.3 0,0,333
058 99 03 5.3 793,1199,1460
058 99 08 5.2 1594,1636,1745
058 99 03 5.2 1690,1638,1593
058 99 04 5.2 1556,1506,1448
058 99 05 5.2 1381,1307,1226
058 99 00 5.2 1144,1056,967
058 99 00 5.2 873,780,687
058 99 00 5.2 597,504,412
058 99 01 5.2 316,226,134
058 99 00 5.2 39,0,0
058 99 00 5.2 108,440,833
058 99 04 5.2 1146,1331,1404
058 99 06 4.3 1400,1412,1357
058 99 04 4.3 1305,1261,1212
058 99 06 4.3 1154,1083,1005
058 99 00 4.3 922,840,748
058 99 00 4.3 659,571,481
058 99 00 4.3 389,293,196
058 99 01 4.3 103,4,0
058 99 00 4.3 0,0,0
058 99 00 4.3 0,0,157
058 99 02 4.3 623,1035,1314
058 99 08 5.5 1477,1535,1520
058 99 06 5.5 1859,1812,1772
058 99 06 5.5 1727,1672,1610
058 99 06 5.5 1540,1460,1373
058 99 00 5.5 1280,1190,1096
058 99 00 5.5 1005,913,821
058 99 00 5.5 725,626,531
058 99 01 5.5 433,338,239
058 99 00 5.5 141,87,187
058 99 01 5.5 503,961,1399
058 99 06 5.5 1708,1892,1971
058 99 05 5.5 1982,1854,1805
058 99 07 5.5 1758,1713,1663
058 99 06 5.5 1600,1531,1453
058 99 01 5.5 1371,1282,1191
058 99 00 5.5 1098,1004,907
058 99 00 5.5 811,713,614
058 99 01 5.5 512,418,324
058 99 00 5.5 226,123,36
058 99 00 5.5 19,188,555
058 99 02 5.5 1018,1411,1668
057 99 07 5.4 1810,1859,1834
057 99 06 5.4 1786,1735,1693
057 99 06 5.4 1651,1602,1541
057 99 07 5.4 1468,1388,1301
057 99 00 5.4 1217,1132,1049
057 99 00 5.4 961,875,784
057 99 00 5.4 696,598,510
057 99 01 5.4 415,326,234
057 99 00 5.4 144,103,203
057 99 01 5.4 486,867,1209
057 99 06 5.4 1439,1556,1583
057 99 06 4.3 1445,1392,1340
057 99 06 4.3 1296,1247,1192
057 99 04 4.3 1130,1062,986
057 99 00 4.3 903,816,729
057 99 00 4.3 641,550,455
057 99 00 4.3 368,280,194
057 99 01 4.3 94,0,0
057 99 00 4.3 0,0,0
057 99 00 4.3 0,99,558
057 99 03 4.3 999,1315,1504
057 99 08 5.6 1591,1600,1905
057 99 06 5.6 1858,1813,1769
057 99 04 5.6 1718,1657,1583
057 99 04 5.6 1502,1422,1341
057 99 00 5.6 1250,1156,1064
057 99 00 5.6 975,881,780
057 99 00 5.6 680,585,491
057 99 01 5.6 393,296,202
057 99 00 5.6 125,135,337
057 99 03 5.6 725,1180,1551
057 99 07 5.6 1796,1927,1967
057 99 06 5.4 1830,1776,1717
057 99 07 5.4 1664,1610,1555
057 99 06 5.4 1490,1408,1321
057 99 00 5.4 1235,1150,1059
057 99 00 5.4 961,866,769
057 99 00 5.4 672,575,474
057 99 01 5.4 375,276,177
057 99 00 5.4 79,0,0
057 99 00 5.4 0,57,402
057 99 06 5.4 825,1185,1425
057 99 05 4.9 1553,1590,1689
057 99 07 4.9 1638,1588,1536
057 99 05 4.9 1489,1435,1379
057 99 04 4.9 1312,1236,1153

