177628!20190916_085408!0!0
2.47!2.5!2.49!2.49!2.41!2.49!
98!63!68!0!72
423.6 2.49 52 51

068 99 00 1.8 0,0,0
068 99 00 1.8 0,0,0
068 99 01 1.8 0,0,0
068 99 00 1.8 0,0,0
068 99 00 1.8 0,64,329
068 99 05 3.1 447,465,1005
068 99 08 3.1 950,887,830
068 99 06 3.1 801,777,749
068 99 05 3.1 706,656,598
068 99 00 3.1 536,469,409
068 99 00 3.1 351,295,232
068 99 00 3.1 168,106,46
068 99 00 3.1 0,0,0
068 99 00 3.1 0,0,106
068 99 03 3.1 404,638,733
067 99 08 2.7 728,855,786
067 99 07 2.7 720,660,626
067 99 03 2.7 600,575,537
067 99 00 2.7 483,425,361
067 99 00 2.7 301,240,182
067 99 01 2.7 124,71,18
067 99 00 2.7 0,0,0
067 99 00 2.7 0,0,0
067 99 00 2.7 0,88,361
067 99 06 2.5 525,562,806
067 99 05 2.5 756,685,623
067 99 05 2.5 578,556,535
067 99 01 2.5 500,461,407
067 99 00 2.5 354,294,244
067 99 00 2.5 189,143,92
067 99 01 2.5 42,0,0
067 99 00 2.5 0,0,0
067 99 00 2.5 0,51,356
067 99 06 2.5 621,759,793
067 99 05 2.9 975,935,878
067 99 04 2.9 828,799,783
067 99 04 2.9 766,735,694
067 99 02 2.9 649,599,549
067 99 00 2.9 496,447,400
067 99 00 2.9 352,307,262
067 99 01 2.9 221,176,127
067 99 02 2.9 113,229,501
067 99 02 2.9 827,1069,1178
067 99 04 3.3 1217,1210,1071
067 99 06 3.3 1025,989,976
067 99 07 3.3 967,955,928
067 99 06 3.3 890,849,801
067 99 01 3.3 751,699,647
067 99 00 3.3 599,552,506
067 99 00 3.3 464,418,373
067 99 00 3.3 325,321,459
067 99 01 3.3 736,1053,1261
067 99 05 3.1 1347,1361,1032
067 99 04 3.1 992,948,921
067 99 04 3.1 908,897,871
067 99 08 3.1 832,785,735
067 99 01 3.1 683,632,581
067 99 00 3.1 529,482,431
067 99 00 3.1 384,328,275
067 99 00 3.1 222,170,129
067 99 00 3.1 177,382,675
067 99 06 3.1 922,1033,1052
067 99 03 2.8 899,846,791
067 99 07 2.8 745,723,700
067 99 05 2.8 677,632,582
067 99 01 2.8 522,464,413
067 99 00 2.8 361,311,253
067 99 00 2.8 197,143,87
067 99 01 2.8 33,0,0
067 99 00 2.8 0,0,0
067 99 00 2.8 131,409,616
066 99 06 2.5 687,684,798
066 99 06 2.5 741,682,635
066 99 05 2.5 608,583,557
066 99 02 2.5 518,470,412
066 99 00 2.5 352,300,250
066 99 00 2.5 205,157,104
066 99 01 2.5 55,4,0
066 99 00 2.5 0,0,0
066 99 00 2.5 0,0,240
066 99 03 2.5 465,572,587
066 99 06 2.3 745,686,611
066 99 08 2.3 557,524,513
066 99 02 2.3 493,462,413
066 99 00 2.3 361,308,259
066 99 00 2.3 205,156,104
066 99 00 2.3 56,2,0
066 99 00 2.3 0,0,0
066 99 00 2.3 0,0,78
066 99 03 2.3 383,631,754
066 99 04 3.0 789,783,970
066 99 06 3.0 926,880,849
066 99 07 3.0 826,805,773
066 99 04 3.0 730,682,628
066 99 00 3.0 578,525,476
066 99 00 3.0 426,379,332
066 99 00 3.0 283,238,186
066 99 01 3.0 140,102,177
066 99 00 3.0 401,709,955
065 99 05 3.0 1072,1103,989
065 99 05 3.0 950,898,850
065 99 05 3.0 820,795,766
065 99 03 3.0 727,686,640
065 99 01 3.0 588,533,480
065 99 00 3.0 425,375,324
065 99 01 3.0 275,227,176
065 99 02 3.0 132,82,35
065 99 01 3.0 46,202,479
065 99 03 3.0 745,887,919
065 99 06 2.6 880,838,777
065 99 07 2.6 712,669,645
065 99 04 2.6 620,583,538
065 99 00 2.6 489,437,386
065 99 00 2.6 333,282,232
065 99 00 2.6 182,137,87
065 99 01 2.6 41,0,0
065 99 00 2.6 0,0,0
065 99 01 2.6 97,368,585
065 99 07 2.4 672,675,778
065 99 05 2.4 727,668,618
065 99 07 2.4 589,573,554
065 99 03 2.4 518,470,421
065 99 00 2.4 374,328,282
065 99 00 2.4 235,191,147
065 99 00 2.4 106,67,25
065 99 01 2.4 0,0,0
065 99 00 2.4 0,85,335
065 99 05 2.2 551,643,643
065 99 07 2.2 717,667,608
065 99 06 2.2 562,534,522
065 99 03 2.2 499,468,420
065 99 00 2.2 376,324,281
065 99 00 2.2 235,194,150
065 99 00 2.2 108,65,17
065 99 01 2.2 0,0,0
065 99 01 2.2 0,0,171
065 99 04 2.2 474,703,806
065 99 04 2.8 829,960,927
065 99 04 2.8 886,845,820
065 99 05 2.8 809,791,763
065 99 03 2.8 723,678,633
065 99 01 2.8 584,545,506
065 99 00 2.8 467,423,380
065 99 00 2.8 336,289,248
065 99 00 2.8 208,176,219
065 99 00 2.8 413,704,971
065 99 04 2.8 1110,1156,1158
065 99 05 2.9 955,911,862
065 99 05 2.9 831,817,801
065 99 04 2.9 774,734,687
065 99 02 2.9 638,588,540
065 99 00 2.9 496,455,418
065 99 00 2.9 376,333,288
065 99 00 2.9 247,201,154
065 99 02 2.9 115,140,309
065 99 01 2.9 580,837,966
065 99 06 2.6 996,867,824
065 99 04 2.6 763,711,678
065 99 05 2.6 658,634,600
065 99 02 2.6 557,508,454
065 99 00 2.6 401,351,306
065 99 00 2.6 262,221,178
065 99 00 2.6 135,88,42
065 99 01 2.6 0,0,0
065 99 00 2.6 0,0,146
065 99 03 2.6 409,598,654
065 99 07 2.3 774,730,674
065 99 07 2.3 608,560,533
065 99 03 2.3 517,489,451
065 99 00 2.3 402,349,296
065 99 00 2.3 249,204,160
065 99 00 2.3 116,69,20
065 99 01 2.3 0,0,0
065 99 00 2.3 0,0,0
065 99 00 2.3 0,0,113
065 99 02 2.3 359,486,503
065 99 08 2.2 739,686,626
065 99 08 2.2 573,543,521
065 99 03 2.2 499,470,435
065 99 00 2.2 389,341,289
065 99 00 2.2 243,197,152
065 99 00 2.2 108,59,13
065 99 01 2.2 0,0,0
065 99 00 2.2 0,0,0
065 99 00 2.2 0,156,417
064 99 07 2.4 565,600,808
064 99 07 2.4 768,714,658
064 99 08 2.4 620,599,581
064 99 04 2.4 551,513,471
064 99 00 2.4 424,373,322
064 99 00 2.4 282,242,197
064 99 00 2.4 150,98,56
064 99 01 2.4 12,0,0
064 99 00 2.4 0,0,0
064 99 00 2.4 181,471,684
064 99 05 2.6 768,782,902
064 99 06 2.6 862,813,774
064 99 07 2.6 750,733,712
064 99 04 2.6 687,647,602
064 99 01 2.6 560,519,478
064 99 00 2.6 434,392,352
064 99 00 2.6 308,263,223
064 99 00 2.6 185,149,104
064 99 01 2.6 60,76,232
064 99 01 2.6 505,774,933
064 99 04 2.7 986,990,902
064 99 06 2.7 858,816,797
064 99 08 2.7 788,780,759
064 99 05 2.7 726,684,639
064 99 01 2.7 596,559,521
064 99 00 2.7 486,442,396
064 99 00 2.7 352,309,272
064 99 00 2.7 227,188,146
064 99 01 2.7 128,215,441
064 99 04 2.7 729,941,1030
063 99 06 2.7 1045,903,868
063 99 05 2.7 827,799,789
063 99 08 2.7 787,772,743
063 99 05 2.7 704,659,615
063 99 00 2.7 574,537,499
063 99 00 2.7 461,423,384
063 99 00 2.7 340,297,256
063 99 00 2.7 214,167,139
063 99 01 2.7 213,426,707
063 99 04 2.7 915,1005,1016
063 99 08 2.6 860,819,776
063 99 07 2.6 747,739,741
063 99 07 2.6 730,704,664
063 99 03 2.6 620,574,530
063 99 00 2.6 492,456,416
063 99 00 2.6 369,328,287
063 99 00 2.6 249,205,164
063 99 00 2.6 148,244,477
063 99 04 2.6 778,1007,1122
063 99 04 3.0 1164,1169,1007
063 99 05 3.0 973,946,935
063 99 05 3.0 934,929,905
063 99 04 3.0 868,827,788
063 99 02 3.0 749,705,657
063 99 00 3.0 613,568,529
063 99 00 3.0 490,450,409
063 99 00 3.0 367,395,562
063 99 02 3.0 859,1169,1377
063 99 04 3.0 1479,1524,1544
063 99 03 3.5 1539,1157,1141
063 99 04 3.5 1144,1146,1137
063 99 05 3.5 1106,1068,1024
063 99 03 3.5 976,930,884
063 99 01 3.5 845,800,755
063 99 00 3.5 706,662,614
063 99 00 3.5 564,539,618
063 99 00 3.5 848,1155,1413
063 99 03 3.5 1556,1619,1638
063 99 03 3.3 1084,1051,1024
063 99 05 3.3 1015,1011,997
063 99 08 3.3 965,919,864
063 99 03 3.3 807,751,701
063 99 00 3.3 647,597,538
063 99 00 3.3 487,434,391
063 99 01 3.3 335,277,250
063 99 00 3.3 356,599,890
063 99 05 3.3 1095,1191,1220
063 99 07 2.9 1212,925,883
063 99 04 2.9 857,851,835
063 99 04 2.9 807,764,716
063 99 02 2.9 662,607,550
063 99 00 2.9 495,444,398
063 99 00 2.9 347,297,241
063 99 02 2.9 193,139,108
063 99 01 2.9 168,362,624
063 99 04 2.9 830,921,942
063 99 05 2.5 814,775,727
063 99 06 2.5 695,678,666
063 99 05 2.5 638,597,544
063 99 01 2.5 487,430,370
063 99 00 2.5 313,259,205
063 99 00 2.5 155,102,54
063 99 01 2.5 0,0,0
063 99 00 2.5 72,342,649
063 99 06 2.5 858,967,1016
063 99 04 3.3 1026,1076,1040
063 99 05 3.3 1013,996,980
063 99 08 3.3 954,911,859
063 99 03 3.3 803,745,689
063 99 00 3.3 634,582,522
063 99 00 3.3 467,415,366
063 99 01 3.3 314,257,255
063 99 00 3.3 400,684,993
063 99 05 3.3 1204,1305,1350
063 99 04 3.4 1359,1096,1062
063 99 06 3.4 1037,1025,1012
063 99 08 3.4 977,929,874
063 99 03 3.4 815,757,699
063 99 00 3.4 649,596,543
063 99 00 3.4 487,433,379
063 99 01 3.4 327,271,230
063 99 00 3.4 280,485,787
063 99 06 3.4 1052,1203,1268
064 99 04 3.2 1284,1032,991
064 99 07 3.2 952,929,913
064 99 08 3.2 891,854,802
064 99 04 3.2 742,679,616
064 99 00 3.2 554,494,435
064 99 00 3.2 378,320,262
064 99 00 3.2 209,155,93
064 99 00 3.2 36,53,225
064 99 01 3.2 504,764,903
064 99 08 2.8 948,946,885
064 99 05 2.8 831,784,758
064 99 06 2.8 744,720,679
064 99 03 2.8 621,559,497
064 99 00 2.8 436,380,321
064 99 00 2.8 263,209,152
064 99 01 2.8 99,41,0
064 99 00 2.8 0,0,0
064 99 00 2.8 59,324,560
064 99 06 2.6 682,709,828
064 99 05 2.6 786,734,682
064 99 06 2.6 652,632,603
064 99 03 2.6 561,509,457
064 99 00 2.6 399,340,277
064 99 00 2.6 216,155,95
064 99 01 2.6 39,0,0
064 99 00 2.6 0,0,0
064 99 00 2.6 0,1,295
064 99 04 2.6 559,705,761
064 99 07 3.1 776,998,961
064 99 03 3.1 917,881,858
064 99 04 3.1 832,795,750
064 99 02 3.1 696,638,581
064 99 00 3.1 529,469,409
064 99 00 3.1 352,302,251
064 99 02 3.1 195,138,81
064 99 01 3.1 25,15,147
064 99 01 3.1 408,691,870
064 99 05 2.9 943,963,943
064 99 04 2.9 907,856,817
064 99 05 2.9 795,772,736
064 99 03 2.9 690,635,580
064 99 01 2.9 519,467,413
064 99 00 2.9 357,299,244
064 99 02 2.9 189,132,76
064 99 01 2.9 20,0,0
064 99 00 2.9 0,50,308
064 99 03 2.9 556,693,726
064 99 04 2.5 820,778,719
064 99 07 2.5 668,625,603
064 99 03 2.5 575,539,486
064 99 00 2.5 428,368,314
064 99 00 2.5 257,201,146
064 99 01 2.5 95,43,0
064 99 00 2.5 0,0,0
064 99 00 2.5 0,0,0
064 99 00 2.5 25,276,444
064 99 06 2.3 484,740,692
064 99 05 2.3 632,567,524
064 99 02 2.3 499,483,445
064 99 01 2.3 403,349,300
064 99 00 2.3 242,188,137
064 99 00 2.3 89,39,0
064 99 02 2.3 0,0,0
064 99 01 2.3 0,0,0
064 99 00 2.3 45,282,441
064 99 04 2.1 487,697,653
064 99 05 2.1 597,539,498
064 99 03 2.1 473,455,428
064 99 01 2.1 382,333,280
064 99 00 2.1 230,180,136
064 99 00 2.1 94,46,0
064 99 01 2.1 0,0,0
064 99 02 2.1 0,0,115
064 99 02 2.1 412,643,758
064 99 03 2.9 797,803,944
064 99 03 2.9 903,861,834
064 99 05 2.9 819,799,771
064 99 03 2.9 730,691,647
064 99 01 2.9 600,552,501
064 99 00 2.9 452,406,365
064 99 00 2.9 325,285,240
064 99 00 2.9 255,407,679
064 99 03 2.9 947,1103,1159
064 99 04 2.8 1174,930,892
064 99 03 2.8 839,801,786
064 99 04 2.8 768,741,703
064 99 03 2.8 660,611,554
064 99 01 2.8 504,455,411
064 99 00 2.8 366,321,270
064 99 00 2.8 223,173,126
064 99 02 2.8 107,204,434
064 99 03 2.8 699,872,929
064 99 05 2.5 925,787,733
064 99 07 2.5 680,640,621
064 99 04 2.5 595,565,520
064 99 01 2.5 471,421,373
064 99 00 2.5 327,278,226
064 99 00 2.5 175,126,76
064 99 01 2.5 32,0,0
064 99 01 2.5 0,0,6
064 99 00 2.5 230,464,593
064 99 06 2.2 612,711,662
064 99 05 2.2 610,560,530
064 99 03 2.2 512,489,455
064 99 02 2.2 411,361,311
064 99 00 2.2 259,211,160
064 99 00 2.2 114,67,22
064 99 01 2.2 0,0,0
064 99 02 2.2 0,0,0
064 99 00 2.2 45,301,497
064 99 05 2.3 571,575,748
064 99 05 2.3 701,648,600
064 99 05 2.3 575,551,524
064 99 02 2.3 485,438,385
064 99 00 2.3 333,283,237
064 99 00 2.3 193,147,96
064 99 00 2.3 45,0,0
064 99 01 2.3 0,0,0
064 99 01 2.3 0,127,413
064 99 06 2.3 625,714,732
064 99 08 2.7 892,863,817
064 99 07 2.7 773,740,719
064 99 05 2.7 694,655,608
064 99 01 2.7 559,509,462
064 99 00 2.7 414,368,322
064 99 00 2.7 272,226,175
064 99 01 2.7 131,82,38
064 99 01 2.7 0,40,228
064 99 02 2.7 503,739,849
064 99 08 2.6 875,867,830
064 99 04 2.6 778,727,693
064 99 06 2.6 672,646,609
064 99 02 2.6 566,520,472
064 99 00 2.6 418,366,318
064 99 00 2.6 272,223,172
064 99 00 2.6 129,79,33
064 99 01 2.6 0,0,0
064 99 00 2.6 33,267,526
065 99 06 2.4 683,726,794
065 99 06 2.4 749,691,637
065 99 08 2.4 603,583,560
065 99 03 2.4 528,490,448
065 99 00 2.4 403,351,302
065 99 00 2.4 252,209,162
065 99 00 2.4 118,72,29
065 99 01 2.4 0,0,0
065 99 00 2.4 0,0,151
065 99 05 2.4 383,528,558
065 99 07 2.0 666,617,559
065 99 06 2.0 502,467,447
065 99 02 2.0 428,401,365
065 99 00 2.0 318,267,217
065 99 00 2.0 168,121,73
065 99 00 2.0 30,0,0
065 99 01 2.0 0,0,0
065 99 01 2.0 0,0,50
065 99 05 2.0 339,572,682
065 99 06 2.7 710,927,892
065 99 05 2.7 851,810,784
065 99 07 2.7 766,746,714
065 99 04 2.7 672,624,576
065 99 00 2.7 529,484,446
065 99 00 2.7 406,367,322
065 99 00 2.7 281,237,195
065 99 00 2.7 152,152,281
065 99 01 2.7 531,806,979
065 99 06 2.7 1041,1048,890
065 99 06 2.7 858,821,789
065 99 07 2.7 778,761,743
065 99 05 2.7 706,664,616
065 99 01 2.7 571,532,488
065 99 00 2.7 438,392,351
065 99 00 2.7 315,274,232
065 99 00 2.7 185,143,156
065 99 01 2.7 307,565,816
065 99 07 2.7 957,1002,1007
065 99 07 2.6 849,809,770
065 99 08 2.6 751,744,739
065 99 06 2.6 716,683,641
065 99 02 2.6 597,557,512
065 99 00 2.6 473,430,388
065 99 00 2.6 347,307,270
065 99 00 2.6 230,192,160
065 99 00 2.6 204,377,621
065 99 05 2.6 823,913,928
065 99 07 2.3 745,696,642
065 99 08 2.3 607,595,591
065 99 07 2.3 574,543,501
065 99 01 2.3 451,404,357
065 99 00 2.3 315,272,227
065 99 00 2.3 185,137,92
065 99 00 2.3 45,3,0
065 99 00 2.3 0,168,437
065 99 08 2.3 682,809,850
065 99 06 2.6 846,855,806
065 99 06 2.6 758,727,709
065 99 05 2.6 683,648,601
065 99 01 2.6 553,501,454
065 99 00 2.6 406,361,312
065 99 00 2.6 270,218,173
065 99 01 2.6 125,82,34
065 99 01 2.6 0,54,246
065 99 04 2.6 510,719,809
065 99 07 2.4 823,802,758
065 99 07 2.4 700,652,621
065 99 05 2.4 601,572,534
065 99 00 2.4 485,433,380
065 99 00 2.4 329,283,235
065 99 00 2.4 189,147,100
065 99 01 2.4 53,3,0
065 99 00 2.4 0,0,0
065 99 01 2.4 61,302,505
065 99 07 2.2 589,598,700
065 99 07 2.2 652,589,543
065 99 03 2.2 513,498,472
065 99 01 2.2 437,392,345
065 99 00 2.2 295,242,195
065 99 00 2.2 153,112,72
065 99 00 2.2 25,0,0
065 99 01 2.2 0,0,0
065 99 01 2.2 0,0,215
065 99 06 1.9 394,455,445
065 99 07 1.9 602,554,498
065 99 03 1.9 455,426,414
065 99 01 1.9 395,361,314
065 99 00 1.9 262,219,177
065 99 00 1.9 135,91,47
065 99 00 1.9 7,0,0
065 99 01 1.9 0,0,0
065 99 00 1.9 0,0,218
065 99 05 1.9 447,558,580
065 98 07 2.3 789,756,710
065 98 08 2.3 662,631,612
065 98 05 2.3 595,570,535
065 98 00 2.3 488,440,391
065 98 00 2.3 346,303,266
065 98 00 2.3 227,187,143
065 98 00 2.3 103,61,16
065 98 01 2.3 3,110,347
065 98 05 2.3 620,801,873
065 98 06 2.6 887,877,845
065 98 05 2.6 801,766,749
065 98 06 2.6 738,718,687
065 98 03 2.6 646,605,560
065 98 00 2.6 523,478,437
065 98 00 2.6 394,353,315
065 98 00 2.6 274,244,200
065 98 00 2.6 169,211,396
065 98 05 2.6 665,893,1012
065 98 08 2.6 1046,1048,858
065 98 04 2.6 825,797,779
065 98 07 2.6 772,754,727
065 98 04 2.6 690,649,607
065 98 00 2.6 565,523,481
065 98 00 2.6 438,396,354
065 98 00 2.6 312,270,229
065 98 00 2.6 190,176,267
065 98 03 2.6 483,747,941
065 98 08 2.5 1020,1040,860
065 98 05 2.5 834,800,777
065 98 08 2.5 773,772,757
065 98 05 2.5 730,695,654
065 98 01 2.5 614,573,533
065 98 00 2.5 495,459,421
065 98 00 2.5 379,339,300
065 98 00 2.5 260,224,270
065 98 02 2.5 448,706,928
065 98 08 2.5 1036,1072,1068
065 98 05 2.5 818,775,742
065 98 08 2.5 731,730,718
065 98 05 2.5 686,644,598
065 98 01 2.5 549,502,457
065 98 00 2.5 421,376,328
065 98 00 2.5 280,236,191
065 98 00 2.5 142,102,148
065 98 02 2.5 341,643,930
065 98 06 2.5 1110,1205,1253
065 98 04 3.4 1267,1145,1119
065 98 05 3.4 1103,1104,1098
065 98 06 3.4 1076,1041,996
065 98 04 3.4 950,901,856
065 98 00 3.4 809,761,708
065 98 00 3.4 652,596,544
065 98 00 3.4 495,447,405
065 98 01 3.4 451,650,952
065 98 06 3.4 1236,1408,1497
065 98 05 3.4 1532,1531,1103
065 98 06 3.4 1077,1062,1056
065 98 07 3.4 1038,1011,970
065 98 04 3.4 921,861,800
065 98 00 3.4 746,695,641
065 98 00 3.4 584,528,475
065 98 01 3.4 415,357,293
065 98 00 3.4 228,185,262
065 98 02 3.4 487,787,1019
065 98 06 3.0 1139,1184,1184
065 98 05 3.0 970,931,906
065 98 05 3.0 896,884,855
065 98 03 3.0 815,757,705
065 98 01 3.0 645,596,538
065 98 00 3.0 482,421,361
065 98 01 3.0 303,243,190
065 98 01 3.0 131,69,10

