177628!20191008_082403!1!0
2.4!2.41!2.39!2.47!2.47!2.42!
88!51!69!144!106
411.6 2.45 53 45

051 88 01 0.7 0,0,0
051 88 01 0.7 0,0,0
051 88 01 0.7 0,0,0
051 88 01 0.7 0,0,0
051 88 01 0.7 0,0,0
051 88 03 0.7 0,0,0
051 88 03 0.6 0,181,174
051 88 03 0.6 168,165,158
051 88 02 0.6 149,135,130
051 88 02 0.6 119,111,96
051 88 01 0.6 88,75,63
051 88 01 0.6 48,42,33
051 88 01 0.6 23,12,0
051 88 01 0.6 0,0,18
051 88 02 0.6 60,106,142
055 88 03 0.5 157,161,161
055 88 03 0.5 156,147,135
055 88 02 0.5 121,113,104
055 88 02 0.5 98,80,70
055 88 01 0.5 50,37,22
055 88 01 0.5 10,1,0
055 88 01 0.5 0,0,0
055 88 01 0.5 0,0,0
055 88 01 0.5 0,0,32
055 88 03 0.5 59,75,83
055 88 03 0.5 155,145,127
055 88 02 0.5 114,103,96
055 88 02 0.5 88,79,63
055 88 01 0.5 52,37,27
055 88 01 0.5 14,1,0
055 88 01 0.5 0,0,0
055 88 01 0.5 0,0,0
055 88 01 0.5 0,0,45
055 88 04 0.5 142,228,294
055 88 06 0.5 337,369,392
055 88 06 0.5 414,430,439
055 88 05 1.7 441,526,510
055 88 06 1.7 496,494,536
055 88 07 1.7 632,778,952
055 88 07 1.7 1173,1457,1794
055 88 05 1.7 2197,2644,3060
055 88 08 1.7 3356,3502,3563
057 88 07 9.8 3007,2792,2433
057 88 05 9.8 2053,1677,1292
057 88 00 9.8 857,429,98
057 88 00 9.8 0,0,0
057 88 00 9.8 0,0,0
057 88 00 9.8 0,0,0
057 88 00 9.8 0,0,0
057 88 00 9.8 0,0,0
057 88 00 9.8 0,0,0
057 88 00 9.8 0,0,0
057 88 00 9.8 0,0,0
057 88 00 9.8 0,0,0
057 88 02 9.8 0,0,0
057 88 02 9.8 0,0,0
057 88 02 9.8 0,0,0
057 88 01 9.8 0,0,0
057 88 01 9.8 0,0,0
057 88 00 9.8 0,0,0
057 88 03 9.8 0,0,0
057 88 08 9.8 0,0,0
057 88 08 1.6 0,0,523
057 88 08 1.6 523,521,514
057 88 06 1.6 493,479,455
057 88 01 1.6 434,399,373
057 88 00 1.6 350,329,306
057 88 00 1.6 286,267,245
057 88 00 1.6 224,215,217
057 88 00 1.6 247,288,336
057 88 05 1.6 365,383,388
057 88 06 1.6 387,380,370
057 88 04 1.6 362,354,349
057 88 02 1.6 341,326,313
057 88 00 1.6 301,292,277
057 88 00 1.6 262,247,236
057 88 00 1.6 222,211,200
057 88 00 1.6 192,188,206
057 88 01 1.6 249,300,338
057 88 08 1.6 359,372,374
057 88 07 1.6 371,362,357
057 88 04 1.6 346,341,329
057 88 02 1.6 320,304,294
057 88 00 1.6 284,271,258
057 88 00 1.6 243,234,221
057 88 00 1.6 212,203,190
057 88 00 1.6 178,178,200
057 88 02 1.6 248,295,337
057 88 08 1.6 355,367,366
057 88 07 1.6 358,346,336
057 88 04 1.6 332,327,319
057 88 02 1.6 306,293,280
057 88 00 1.6 269,260,251
057 88 00 1.6 236,222,212
057 88 00 1.6 203,192,175
057 88 00 1.6 162,159,180
057 88 01 1.6 224,275,317
057 88 08 0.6 341,348,185
057 88 05 0.6 173,169,160
057 88 03 0.6 156,152,148
057 88 02 0.6 139,127,113
057 88 01 0.6 104,88,77
057 88 00 0.6 65,57,46
057 88 00 0.6 33,19,7
057 88 00 0.6 0,0,14
057 88 01 0.6 58,110,147
057 89 05 0.6 168,176,176
057 89 04 0.6 173,165,157
057 89 03 0.6 151,145,135
057 89 02 0.6 126,113,96
057 89 01 0.6 81,70,58
057 89 00 0.6 45,27,16
057 89 00 0.6 1,0,0
057 89 00 0.6 0,0,0
057 89 00 0.6 0,47,102
057 89 05 0.6 135,158,162
057 89 05 0.6 200,191,180
057 89 03 0.6 171,162,154
057 89 02 0.6 144,132,121
057 89 02 0.6 105,90,73
057 89 01 0.6 62,49,41
057 89 01 0.6 26,13,0
057 89 01 0.6 0,0,0
057 89 01 0.6 0,17,60
057 89 03 0.6 104,132,152
057 89 03 0.6 158,176,164
057 89 03 0.6 155,153,146
057 89 02 0.6 139,130,121
057 89 02 0.6 106,91,79
057 89 01 0.6 69,57,42
057 89 01 0.6 30,18,6
057 89 01 0.6 0,0,0
057 89 01 0.6 0,0,0
057 89 02 0.6 31,84,122
059 89 04 0.6 144,150,150
059 89 03 0.6 183,175,169
059 89 03 0.6 160,152,140
059 89 02 0.6 127,114,105
059 89 02 0.6 98,86,70
059 89 01 0.6 56,44,35
059 89 01 0.6 25,17,8
059 89 01 0.6 0,0,0
059 89 01 0.6 9,59,104
059 89 03 0.6 132,146,147
059 91 03 0.5 161,151,143
059 91 02 0.5 135,123,113
059 91 02 0.5 108,104,92
059 91 02 0.5 81,65,53
059 91 01 0.5 34,23,8
059 91 01 0.5 0,0,0
059 91 01 0.5 0,0,0
059 91 01 0.5 0,52,103
059 91 03 0.5 136,155,159
059 91 04 0.6 201,193,185
059 91 03 0.6 177,169,165
059 91 02 0.6 156,146,133
059 91 02 0.6 125,114,101
059 91 01 0.6 86,74,64
059 91 01 0.6 50,36,23
059 91 01 0.6 8,0,0
059 91 01 0.6 25,72,129
059 91 03 0.6 173,201,212
062 91 04 0.7 215,208,200
062 91 03 0.7 193,185,177
062 91 02 0.7 168,163,153
062 91 02 0.7 142,132,121
062 91 02 0.7 108,93,82
062 91 01 0.7 75,69,57
062 91 01 0.7 43,31,23
062 91 01 0.7 33,63,119
062 91 03 0.7 168,205,222
062 91 04 0.6 230,205,200
062 91 03 0.6 192,184,177
062 91 02 0.6 171,164,156
062 91 02 0.6 147,138,125
062 91 02 0.6 113,102,94
062 91 01 0.6 88,77,67
062 91 01 0.6 53,40,24
062 91 01 0.6 22,47,96
062 91 02 0.6 149,185,202
062 93 03 0.6 207,187,186
062 93 03 0.6 181,173,166
062 93 02 0.6 159,158,147
062 93 02 0.6 135,119,110
062 93 02 0.6 99,90,78
062 93 01 0.6 66,55,43
062 93 01 0.6 30,18,7
062 93 01 0.6 3,21,68
062 93 02 0.6 120,163,182
065 93 03 0.6 190,190,181
065 93 03 0.6 175,164,155
065 93 02 0.6 148,141,131
065 93 02 0.6 120,109,98
065 93 01 0.6 84,69,57
065 93 01 0.6 47,36,27
065 93 01 0.6 11,0,0
065 93 01 0.6 0,0,30
065 93 02 0.6 91,140,169
065 93 04 0.7 182,185,185
065 93 03 0.7 204,198,189
065 93 03 0.7 184,175,163
065 93 02 0.7 151,143,136
065 93 02 0.7 124,110,100
065 93 01 0.7 89,81,66
065 93 01 0.7 54,39,30
065 93 01 0.7 17,20,43
065 93 02 0.7 93,146,188
065 93 04 0.6 206,214,195
065 93 03 0.6 191,182,175
065 93 03 0.6 168,160,151
065 93 02 0.6 142,132,124
065 93 02 0.6 111,97,86
065 93 01 0.6 75,63,52
065 93 01 0.6 37,27,14
065 93 01 0.6 5,0,0
065 93 01 0.6 36,92,146
065 93 03 0.6 175,189,193
067 95 04 0.6 192,191,182
067 95 03 0.6 178,171,166
067 95 02 0.6 152,146,138
067 95 02 0.6 131,121,109
067 95 01 0.6 102,91,79
067 95 01 0.6 65,54,46
067 95 01 0.6 39,33,42
067 95 01 0.6 70,116,156
067 95 03 0.6 179,187,190
067 95 03 0.5 153,143,129
067 95 02 0.5 121,114,110
067 95 02 0.5 102,94,86
067 95 02 0.5 74,59,43
067 95 01 0.5 31,23,14
067 95 01 0.5 3,0,0
067 95 01 0.5 0,0,0
067 95 02 0.5 51,110,146
067 95 04 0.5 167,177,178
067 95 04 0.7 176,209,205
067 95 03 0.7 200,195,183
067 95 02 0.7 169,159,149
067 95 02 0.7 141,129,117
067 95 01 0.7 105,97,85
067 95 01 0.7 73,60,53
067 95 01 0.7 53,70,116
067 95 02 0.7 169,217,246
068 95 04 0.7 264,265,209
068 95 03 0.7 198,191,185
068 95 03 0.7 179,174,166
068 95 02 0.7 159,150,142
068 95 02 0.7 131,118,107
068 95 01 0.7 94,86,75
068 95 01 0.7 63,53,42
068 95 01 0.7 45,66,111
068 95 03 0.7 165,200,224
068 97 04 0.6 233,237,192
068 97 03 0.6 187,180,175
068 97 03 0.6 167,162,152
068 97 02 0.6 143,129,120
068 97 02 0.6 108,100,87
068 97 01 0.6 78,66,58
068 97 01 0.6 47,37,29
068 97 01 0.6 31,53,95
068 97 03 0.6 148,186,213
068 97 04 0.6 218,220,186
068 97 03 0.6 180,176,169
068 97 03 0.6 163,156,148
068 97 02 0.6 142,132,123
068 97 02 0.6 112,103,97
068 97 01 0.6 89,80,66
068 97 01 0.6 54,39,31
068 97 01 0.6 34,64,111
068 97 03 0.6 158,182,194
069 97 03 0.5 193,158,147
069 97 03 0.5 139,137,133
069 97 02 0.5 126,114,102
069 97 02 0.5 89,77,61
069 97 01 0.5 53,45,35
069 97 01 0.5 20,5,0
069 97 01 0.5 0,0,0
069 97 01 0.5 0,32,85
069 97 03 0.5 129,152,164
069 97 04 0.6 169,203,197
069 97 03 0.6 192,184,176
069 97 02 0.6 165,157,145
069 97 02 0.6 132,122,111
069 97 02 0.6 100,88,79
069 97 01 0.6 71,56,42
069 97 01 0.6 28,22,24
069 97 01 0.6 50,95,147
069 97 03 0.6 181,202,212
069 99 03 0.6 218,195,191
069 99 03 0.6 178,170,161
069 99 02 0.6 158,152,143
069 99 02 0.6 130,121,111
069 99 02 0.6 100,88,75
069 99 01 0.6 66,56,47
069 99 01 0.6 34,19,18
069 99 01 0.6 39,83,132
069 99 03 0.6 169,193,202
066 99 04 0.6 209,186,182
066 99 03 0.6 175,169,158
066 99 02 0.6 147,141,133
066 99 02 0.6 121,115,105
066 99 01 0.6 97,84,73
066 99 01 0.6 60,49,40
066 99 01 0.6 35,31,31
066 99 01 0.6 49,87,133
066 99 03 0.6 169,186,190
066 99 03 0.5 160,156,153
066 99 03 0.5 150,143,142
066 99 02 0.5 135,129,114
066 99 02 0.5 103,94,87
066 99 02 0.5 76,68,57
066 99 01 0.5 48,36,25
066 99 01 0.5 13,13,28
066 99 02 0.5 70,115,155
066 99 03 0.5 176,186,186
066 99 03 0.5 169,163,156
066 99 03 0.5 148,140,134
066 99 02 0.5 127,118,107
066 99 02 0.5 95,84,72
066 99 01 0.5 57,42,29
066 99 01 0.5 21,12,1
066 99 01 0.5 0,21,69
066 99 03 0.5 124,166,189
066 99 04 0.7 204,206,206
066 99 03 0.7 198,187,178
066 99 02 0.7 171,163,155
066 99 02 0.7 144,138,127
066 99 02 0.7 119,105,98
066 99 01 0.7 88,77,65
066 99 01 0.7 56,55,53
066 99 01 0.7 65,101,151
066 99 03 0.7 201,230,252
066 99 04 0.6 259,202,193
066 99 03 0.6 185,181,177
066 99 03 0.6 169,164,151
066 99 02 0.6 144,134,125
066 99 02 0.6 110,100,92
066 99 01 0.6 85,73,58
066 99 01 0.6 45,33,32
066 99 01 0.6 51,98,151
066 99 03 0.6 193,213,225
066 99 04 0.6 231,191,183
066 99 03 0.6 172,170,165
066 99 02 0.6 162,159,154
066 99 02 0.6 145,139,127
066 99 02 0.6 115,101,89
066 99 01 0.6 81,73,65
066 99 01 0.6 55,42,50
066 99 01 0.6 79,124,162
067 99 03 0.5 187,195,194
067 99 03 0.5 140,129,119
067 99 02 0.5 112,103,99
067 99 02 0.5 90,84,72
067 99 02 0.5 62,53,43
067 99 01 0.5 31,16,4
067 99 01 0.5 0,0,0
067 99 01 0.5 0,0,28
067 99 02 0.5 85,131,162
067 99 04 0.7 179,190,190
067 99 04 0.7 213,204,191
067 99 03 0.7 183,175,171
067 99 02 0.7 164,154,145
067 99 02 0.7 128,113,95
067 99 01 0.7 86,75,65
067 99 01 0.7 50,35,27
067 99 01 0.7 34,67,121
067 99 03 0.7 171,212,229
067 99 04 0.7 239,210,207
067 99 03 0.7 198,191,179
067 99 02 0.7 173,161,152
067 99 02 0.7 140,132,119
067 99 02 0.7 103,86,73
067 99 01 0.7 65,56,44
067 99 01 0.7 31,18,7
067 99 01 0.7 16,51,103
067 99 03 0.7 149,181,199
067 99 04 0.6 207,207,195
067 99 03 0.6 182,171,157
067 99 02 0.6 154,144,140
067 99 02 0.6 130,120,105
067 99 01 0.6 88,78,66
067 99 01 0.6 59,52,42
067 99 01 0.6 29,13,7
067 99 01 0.6 15,52,101
067 99 03 0.6 153,183,195
067 99 04 0.6 195,180,173
067 99 03 0.6 165,165,160
067 99 02 0.6 153,140,131
067 99 02 0.6 123,110,97
067 99 01 0.6 85,78,69
067 99 01 0.6 56,46,37
067 99 01 0.6 23,10,12
067 99 01 0.6 42,86,132
067 99 03 0.6 164,177,180
067 99 03 0.5 169,163,154
067 99 02 0.5 143,136,128
067 99 02 0.5 119,108,99
067 99 02 0.5 89,76,63
067 99 01 0.5 48,39,30
067 99 01 0.5 22,9,0
067 99 01 0.5 0,0,14
067 99 02 0.5 63,118,160
067 99 04 0.7 186,198,197
067 99 04 0.7 215,207,202
067 99 03 0.7 192,185,174
067 99 02 0.7 167,158,152
067 99 02 0.7 141,128,116
067 99 02 0.7 102,92,74
067 99 01 0.7 64,49,40
067 99 01 0.7 32,42,73
067 99 02 0.7 124,175,211
067 99 04 0.6 229,236,234
067 99 04 0.6 196,189,180
067 99 03 0.6 175,165,155
067 99 02 0.6 141,129,117
067 99 02 0.6 105,89,78
067 99 01 0.6 66,57,46
067 99 01 0.6 37,29,19
067 99 01 0.6 10,11,36
067 99 02 0.6 81,129,169
067 99 04 0.6 189,198,196
067 99 03 0.6 181,174,170
067 99 03 0.6 163,155,145
067 99 02 0.6 137,128,116
067 99 02 0.6 103,92,84
067 99 01 0.6 74,63,50
067 99 01 0.6 40,28,19
067 99 01 0.6 11,17,46
067 99 02 0.6 89,133,153
069 99 03 0.5 163,147,144
069 99 03 0.5 131,119,107
069 99 02 0.5 100,94,88
069 99 02 0.5 79,66,46
069 99 01 0.5 31,18,9
069 99 01 0.5 0,0,0
069 99 01 0.5 0,0,0
069 99 01 0.5 0,0,19
069 99 03 0.5 67,103,122
069 99 04 0.6 133,132,197
069 99 03 0.6 189,178,167
069 99 02 0.6 157,151,142
069 99 02 0.6 130,116,101
069 99 02 0.6 90,80,72
069 99 01 0.6 59,46,31
069 99 01 0.6 18,7,4
069 99 01 0.6 27,76,128
069 99 03 0.6 169,188,199
069 99 04 0.6 199,195,182
069 99 03 0.6 171,160,156
069 99 02 0.6 148,139,125
069 99 02 0.6 116,103,91
069 99 01 0.6 77,68,56
069 99 01 0.6 45,27,13
069 99 01 0.6 0,0,0
069 99 01 0.6 27,74,119
069 99 03 0.6 151,168,171
069 99 03 0.6 171,170,166
069 99 03 0.6 156,152,148
069 99 02 0.6 140,128,113
069 99 02 0.6 107,97,87
069 99 01 0.6 76,94,128
069 99 02 0.6 170,197,210
069 99 03 0.4 210,125,116
069 99 02 0.4 104,96,87
069 99 02 0.4 82,76,66
069 99 02 0.4 57,41,29
069 99 01 0.4 16,6,0
069 99 01 0.4 0,0,0
069 99 01 0.4 0,0,0
069 99 01 0.4 0,0,0
069 99 01 0.4 0,0,9
069 99 03 0.4 55,84,92
067 99 04 0.6 92,191,182
067 99 03 0.6 176,170,164
067 99 02 0.6 155,145,133
067 99 02 0.6 123,107,97
067 99 01 0.6 83,71,56
067 99 01 0.6 41,32,21
067 99 01 0.6 11,0,6
067 99 01 0.6 36,86,137
067 99 03 0.6 172,189,191
067 99 03 0.6 192,184,175
067 99 03 0.6 166,161,151
067 99 02 0.6 137,124,117
067 99 02 0.6 110,99,81
067 99 01 0.6 65,50,41
067 99 01 0.6 29,21,8
067 99 01 0.6 3,0,25
067 99 02 0.6 67,121,157
067 99 04 0.6 178,187,191
067 99 03 0.6 194,185,175
067 99 03 0.6 166,159,153
067 99 02 0.6 142,133,125
067 99 02 0.6 117,107,97
067 99 01 0.6 85,73,61
067 99 01 0.6 51,38,26
067 99 01 0.6 24,45,90
067 99 02 0.6 140,183,203
067 99 04 0.6 216,221,197
067 99 03 0.6 187,175,167
067 99 02 0.6 160,154,145
067 99 02 0.6 137,125,115
067 99 02 0.6 103,99,89
067 99 01 0.6 80,66,60
067 99 01 0.6 50,41,30
067 99 01 0.6 45,87,141
067 99 03 0.6 182,199,205
067 99 03 0.5 172,163,152
067 99 03 0.5 147,141,137
067 99 02 0.5 130,125,117
067 99 02 0.5 106,99,91
067 99 02 0.5 82,70,61
067 99 01 0.5 56,48,39
067 99 01 0.5 25,37,67
067 99 02 0.5 116,149,174
067 99 03 0.5 187,188,154
067 99 03 0.5 138,127,120
067 99 02 0.5 116,113,102
067 99 02 0.5 91,77,65
067 99 01 0.5 52,41,31
067 99 01 0.5 19,4,0
067 99 01 0.5 0,0,0
067 99 01 0.5 20,76,129
067 99 04 0.5 163,179,186
067 99 04 0.7 212,208,191
067 99 03 0.7 181,171,167
067 99 02 0.7 157,146,134
067 99 02 0.7 121,107,92
067 99 01 0.7 80,70,61
067 99 01 0.7 49,33,18
067 99 01 0.7 13,29,69
067 99 02 0.7 119,167,197
067 99 04 0.7 215,221,221
067 99 03 0.7 202,189,178
067 99 02 0.7 163,157,142
067 99 02 0.7 132,116,104
067 99 01 0.7 88,74,61
067 99 01 0.7 45,32,13
067 99 01 0.7 1,0,0
067 99 01 0.7 0,12,65
067 99 03 0.7 119,155,172
067 99 04 0.6 184,207,200
067 99 03 0.6 187,173,162
067 99 02 0.6 152,140,128
067 99 02 0.6 111,100,87
067 99 01 0.6 73,62,47
067 99 01 0.6 35,16,4
067 99 01 0.6 0,0,0
067 99 01 0.6 0,21,70
067 99 03 0.6 114,136,146
067 99 03 0.5 148,167,155
067 99 03 0.5 141,132,121
067 99 02 0.5 116,105,96
067 99 02 0.5 81,67,54
067 99 01 0.5 42,27,10
067 99 01 0.5 0,0,0
067 99 01 0.5 0,0,0
067 99 01 0.5 0,5,61
067 99 03 0.5 104,125,128
067 99 03 0.6 175,166,154
067 99 02 0.6 144,137,131
067 99 02 0.6 121,105,91
067 99 02 0.6 75,59,41
067 99 01 0.6 24,14,6
067 99 01 0.6 0,0,0
067 99 01 0.6 0,0,0
067 99 01 0.6 0,14,51
067 99 03 0.4 71,76,75
067 99 03 0.4 129,120,115
067 99 02 0.4 112,107,92
067 99 02 0.4 75,60,44
067 99 01 0.4 31,19,12
067 99 01 0.4 5,0,0
067 99 01 0.4 0,0,0
067 99 01 0.4 0,0,0
067 99 02 0.4 45,93,121
067 99 04 0.6 135,143,204
067 99 03 0.6 192,177,164
067 99 02 0.6 156,148,136
067 99 02 0.6 122,106,93
067 99 01 0.6 76,62,46
067 99 01 0.6 36,25,13
067 99 01 0.6 0,0,0
067 99 01 0.6 0,30,88
067 99 03 0.6 136,162,173
067 99 04 0.6 173,195,186
067 99 03 0.6 177,166,159
067 99 02 0.6 152,138,124
067 99 02 0.6 110,101,87
067 99 01 0.6 75,63,53
067 99 01 0.6 43,38,27
067 99 01 0.6 16,8,19
067 99 01 0.6 52,102,143
067 99 03 0.5 167,174,174
067 99 03 0.5 159,151,139
067 99 02 0.5 130,121,114
067 99 02 0.5 107,95,83
067 99 02 0.5 69,55,43
067 99 01 0.5 33,25,17
067 99 01 0.5 6,0,0
067 99 01 0.5 0,0,26

