176927!20190921_135104!0!0
2.9!3.14!3.31!3.36!3.3!3.34!
96!64!74!45!45
538.2 3.58 57 151

074 96 07 2.2 813,775,729
074 96 07 2.2 694,679,675
074 96 06 2.2 663,631,581
074 96 01 2.2 526,466,415
074 96 00 2.2 364,317,276
074 96 00 2.2 240,209,176
074 96 00 2.2 148,113,99
074 96 00 2.2 151,322,557
074 96 05 2.2 760,859,874
074 96 07 2.1 755,723,688
074 96 06 2.1 661,646,635
074 96 08 2.1 620,594,560
074 96 02 2.1 510,458,404
074 96 00 2.1 354,308,264
074 96 00 2.1 233,203,171
074 96 00 2.1 137,114,152
074 96 01 2.1 311,556,789
074 96 05 2.3 923,966,965
074 96 08 2.3 822,779,741
074 96 06 2.3 718,708,698
074 96 07 2.3 672,635,587
074 96 00 2.3 538,492,436
074 96 00 2.3 384,333,291
074 96 00 2.3 248,209,177
074 96 00 2.3 150,176,322
074 96 04 2.3 572,812,960
073 96 02 2.3 1012,1017,834
073 96 04 2.3 791,753,729
073 96 07 2.3 711,690,665
073 96 03 2.3 628,583,530
073 96 00 2.3 477,419,362
073 96 00 2.3 305,261,216
073 96 00 2.3 171,129,87
073 96 01 2.3 51,17,42
073 96 00 2.3 186,430,666
073 96 06 2.2 803,848,840
073 96 05 2.2 791,743,710
073 96 07 2.2 692,683,674
073 96 05 2.2 654,626,586
073 96 01 2.2 538,485,430
073 96 00 2.2 379,329,284
073 96 00 2.2 242,207,167
073 96 00 2.2 128,92,84
073 96 00 2.2 175,382,638
073 96 07 2.2 829,914,933
073 98 07 2.3 833,792,750
073 98 08 2.3 720,707,693
073 98 05 2.3 672,642,602
073 98 01 2.3 557,504,448
073 98 00 2.3 391,340,291
073 98 00 2.3 245,204,164
073 98 01 2.3 123,95,151
073 98 01 2.3 338,591,800
072 98 07 2.3 901,935,828
072 98 05 2.3 793,741,704
072 98 07 2.3 684,673,661
072 98 04 2.3 631,591,534
072 98 00 2.3 477,413,354
072 98 00 2.3 295,248,202
072 98 00 2.3 159,115,72
072 98 01 2.3 30,0,0
072 98 01 2.3 0,0,146
072 98 04 2.3 392,603,710
072 98 08 2.2 733,797,754
072 98 05 2.2 710,669,651
072 98 07 2.2 636,624,596
072 98 03 2.2 558,507,454
072 98 00 2.2 404,357,313
072 98 00 2.2 270,235,196
072 98 00 2.2 160,119,78
072 98 00 2.2 35,8,53
072 98 00 2.2 218,459,672
072 98 07 2.2 785,812,791
072 98 06 2.2 749,709,672
072 98 08 2.2 651,636,621
072 98 06 2.2 598,562,517
072 98 00 2.2 466,417,364
072 98 00 2.2 309,254,211
072 98 00 2.2 174,136,99
072 98 00 2.2 69,90,222
072 98 04 2.2 456,695,844
071 98 05 2.3 896,898,802
071 98 05 2.3 765,726,701
071 98 08 2.3 682,663,639
071 98 05 2.3 606,566,516
071 98 00 2.3 459,405,349
071 98 00 2.3 294,245,198
071 98 00 2.3 156,115,77
071 98 01 2.3 33,0,0
071 98 00 2.3 0,0,124
071 98 04 2.3 368,599,719
071 98 08 2.3 756,745,789
071 98 06 2.3 743,708,692
071 98 08 2.3 683,677,651
071 98 05 2.3 615,564,511
071 98 00 2.3 458,404,354
071 98 00 2.3 305,262,227
071 98 00 2.3 194,162,129
071 98 00 2.3 93,60,35
071 98 00 2.3 65,208,433
071 98 05 2.3 649,770,806
071 98 08 2.1 799,731,694
071 98 06 2.1 658,639,622
071 98 07 2.1 610,588,556
071 98 01 2.1 511,464,414
071 98 00 2.1 363,311,267
071 98 00 2.1 229,195,161
071 98 00 2.1 129,90,60
071 98 00 2.1 83,227,461
071 98 05 2.1 690,832,888
071 98 08 2.3 893,810,771
071 98 05 2.3 738,714,699
071 98 08 2.3 691,670,638
071 98 03 2.3 590,543,489
071 98 00 2.3 433,380,335
071 98 00 2.3 292,247,209
071 98 00 2.3 173,140,103
071 98 00 2.3 69,45,76
071 98 00 2.3 229,478,727
071 98 05 2.4 879,938,936
071 98 05 2.4 866,831,803
071 98 08 2.4 791,785,782
071 98 06 2.4 765,737,699
071 98 03 2.4 655,604,552
071 98 00 2.4 503,459,414
071 98 00 2.4 375,337,308
071 98 00 2.4 284,255,246
071 98 00 2.4 296,463,681
071 98 05 2.4 869,960,981
071 98 05 2.0 712,673,630
071 98 05 2.0 602,583,563
071 98 03 2.0 540,511,474
071 98 01 2.0 423,368,318
071 98 00 2.0 268,216,169
071 98 00 2.0 127,95,62
071 98 00 2.0 27,9,60
071 98 01 2.0 244,490,710
071 98 05 2.0 829,884,898
071 98 06 2.4 875,841,812
071 98 07 2.4 795,790,781
071 98 06 2.4 760,727,683
071 98 02 2.4 631,574,518
071 98 00 2.4 468,420,376
071 98 00 2.4 330,285,238
071 98 00 2.4 196,162,168
071 98 00 2.4 280,497,739
071 98 07 2.4 915,1000,1025
071 98 07 2.4 853,813,774
071 98 08 2.4 744,725,711
071 98 05 2.4 688,657,614
071 98 01 2.4 560,498,436
071 98 00 2.4 382,334,290
071 98 00 2.4 247,207,165
071 98 01 2.4 128,96,131
071 98 00 2.4 280,504,708
071 98 06 2.1 815,846,735
071 98 05 2.1 696,646,613
071 98 04 2.1 592,584,568
071 98 03 2.1 538,494,440
071 98 01 2.1 381,316,254
071 98 00 2.1 196,146,98
071 98 02 2.1 49,7,0
071 98 02 2.1 0,0,160
071 98 03 2.1 406,635,770
071 98 06 2.4 825,831,854
071 98 04 2.4 806,763,737
071 98 07 2.4 724,709,687
071 98 03 2.4 649,595,535
071 98 00 2.4 475,422,362
071 98 00 2.4 309,260,220
071 98 01 2.4 175,129,83
071 98 01 2.4 51,93,259
071 98 04 2.4 500,719,843
071 98 08 2.3 882,821,774
071 98 05 2.3 720,673,641
071 98 05 2.3 622,602,576
071 98 01 2.3 529,474,414
071 98 00 2.3 358,301,240
071 98 01 2.3 187,136,96
071 98 01 2.3 51,8,0
071 98 01 2.3 0,0,0
071 98 00 2.3 120,346,536
071 98 05 2.0 625,637,711
071 98 04 2.0 668,622,587
071 98 03 2.0 562,550,531
071 98 02 2.0 508,464,411
071 98 00 2.0 352,299,248
071 98 00 2.0 198,147,97
071 98 01 2.0 54,15,0
071 98 02 2.0 0,6,169
071 98 03 2.0 402,608,720
072 98 05 2.2 754,784,752
072 98 05 2.2 711,680,651
072 98 06 2.2 639,620,597
072 98 03 2.2 557,507,451
072 98 00 2.2 392,338,283
072 98 00 2.2 232,184,144
072 98 00 2.2 103,64,30
072 98 02 2.2 5,47,199
072 98 04 2.2 425,627,739
072 98 07 2.1 779,776,737
072 98 05 2.1 698,666,650
072 98 08 2.1 637,620,593
072 98 04 2.1 552,509,457
072 98 00 2.1 401,337,275
072 98 00 2.1 221,167,118
072 98 01 2.1 64,20,0
072 98 00 2.1 0,0,42
072 98 02 2.1 230,430,554
072 98 06 1.8 584,626,573
072 98 07 1.8 521,484,468
072 98 03 1.8 459,453,443
072 98 02 1.8 426,396,355
072 98 00 1.8 304,249,195
072 98 00 1.8 147,107,67
072 98 00 1.8 31,0,0
072 98 00 1.8 61,238,451
068 98 05 1.9 606,665,663
068 98 06 1.9 640,587,532
068 98 05 1.9 497,475,463
068 98 02 1.9 451,426,389
068 98 00 1.9 334,283,225
068 98 00 1.9 174,123,79
068 98 00 1.9 41,4,0
068 98 00 1.9 0,45,248
068 98 04 1.9 509,714,817
068 98 08 2.4 854,885,851
068 98 06 2.4 795,750,714
068 98 06 2.4 684,656,624
068 98 02 2.4 583,534,477
068 98 00 2.4 423,364,310
068 98 00 2.4 258,216,175
068 98 01 2.4 133,99,102
068 98 00 2.4 221,445,705
068 98 07 2.4 893,985,1016
068 98 08 2.5 915,872,820
068 98 07 2.5 775,744,724
068 98 05 2.5 704,678,639
068 98 01 2.5 597,547,497
068 98 00 2.5 443,398,349
068 98 00 2.5 309,263,221
068 98 00 2.5 190,226,384
068 98 04 2.5 635,877,1030
068 98 06 2.5 1093,1101,886
068 98 05 2.5 840,792,752
068 98 07 2.5 719,689,659
068 98 03 2.5 620,573,514
068 98 00 2.5 455,400,344
068 98 00 2.5 291,242,196
068 98 01 2.5 153,115,125
068 98 00 2.5 260,512,794
068 98 05 2.5 990,1089,1125
068 98 05 2.8 1117,971,920
068 98 04 2.8 873,836,805
068 98 03 2.8 777,739,693
068 98 01 2.8 632,567,498
068 98 00 2.8 431,372,319
068 98 02 2.8 266,221,171
068 98 01 2.8 126,77,39
068 98 01 2.8 43,169,418
068 98 04 2.8 699,898,990
068 98 04 2.7 1013,964,921
068 98 04 2.7 872,828,799
068 98 04 2.7 778,762,736
068 98 02 2.7 701,654,601
068 98 00 2.7 539,484,432
068 98 00 2.7 387,345,304
068 98 00 2.7 265,218,177
068 98 02 2.7 151,206,398
068 98 02 2.7 670,914,1049
068 98 02 2.6 1097,1094,907
068 98 03 2.6 857,813,783
068 98 04 2.6 765,747,717
068 98 03 2.6 673,617,561
068 98 00 2.6 498,443,379
068 98 00 2.6 324,269,231
068 98 02 2.6 192,151,107
068 98 02 2.6 93,186,410
068 98 03 2.6 698,925,1044
068 98 03 2.8 1082,1077,951
068 98 03 2.8 901,861,832
068 98 04 2.8 816,794,762
068 98 03 2.8 718,665,608
068 98 00 2.8 542,474,415
068 98 00 2.8 354,298,238
068 98 01 2.8 187,132,85
068 98 01 2.8 37,0,0
068 98 01 2.8 0,109,372
068 98 04 2.8 647,829,901
068 98 05 2.7 909,932,883
068 98 04 2.7 836,803,782
068 98 04 2.7 767,743,705
068 98 02 2.7 652,601,543
068 98 00 2.7 490,429,377
068 98 00 2.7 328,284,237
068 98 02 2.7 192,149,110
068 98 02 2.7 66,23,10
068 98 01 2.7 93,304,566
068 98 04 2.7 767,857,872
067 98 05 2.4 844,797,743
067 98 07 2.4 707,688,679
067 98 04 2.4 661,630,592
067 98 01 2.4 540,485,422
067 98 00 2.4 364,311,259
067 98 00 2.4 211,163,119
067 98 01 2.4 76,35,0
067 98 01 2.4 0,81,302
067 98 04 2.4 581,794,902
067 98 04 2.6 935,944,905
067 98 06 2.6 851,813,787
067 98 06 2.6 768,748,718
067 98 03 2.6 680,630,579
067 98 00 2.6 517,451,386
067 98 00 2.6 330,279,233
067 98 01 2.6 189,147,98
067 98 01 2.6 56,9,0
067 98 00 2.6 0,44,264
067 98 04 2.6 530,728,815
067 98 08 2.4 826,855,804
067 98 07 2.4 762,729,720
067 98 06 2.4 712,699,673
067 98 03 2.4 636,584,528
067 98 00 2.4 475,430,388
067 98 00 2.4 345,303,261
067 98 00 2.4 220,174,136
067 98 01 2.4 97,66,67
067 98 00 2.4 186,427,703
067 98 05 2.4 902,989,1011
066 98 06 2.6 935,898,856
066 98 07 2.6 826,807,793
066 98 06 2.6 775,749,712
066 98 02 2.6 664,611,556
066 98 00 2.6 498,441,391
066 98 00 2.6 344,304,262
066 98 00 2.6 227,234,356
066 98 03 2.6 585,838,1010
066 98 08 2.5 1086,1101,852
066 98 05 2.5 803,753,723
066 98 07 2.5 705,695,676
066 98 04 2.5 647,603,552
066 98 00 2.5 498,441,388
066 98 00 2.5 333,289,242
066 98 00 2.5 199,147,102
066 98 01 2.5 59,20,0
066 98 01 2.5 0,70,296
066 98 05 2.5 559,735,805
066 98 07 2.4 803,807,756
066 98 07 2.4 713,683,666
066 98 05 2.4 657,641,616
066 98 02 2.4 571,519,460
066 98 00 2.4 409,360,314
066 98 00 2.4 262,219,175
066 98 00 2.4 142,104,69
066 98 02 2.4 26,7,61
066 98 01 2.4 226,439,606
066 98 05 1.9 672,660,603
066 98 06 1.9 543,498,469
066 98 03 1.9 461,456,448
066 98 02 1.9 422,386,340
066 98 00 1.9 293,239,184
066 98 00 1.9 134,94,55
066 98 00 1.9 18,0,0
066 98 00 1.9 0,0,73
066 98 04 1.9 310,535,670
066 98 08 2.2 710,797,762
066 98 03 2.2 721,692,685
066 98 08 2.2 682,676,654
066 98 06 2.2 620,578,531
066 98 00 2.2 481,435,385
066 98 00 2.2 338,292,302
066 98 00 2.2 430,660,899
066 98 04 2.2 1053,1116,1127
066 98 08 2.4 814,767,711
066 98 06 2.4 675,657,650
066 98 07 2.4 635,605,560
066 98 00 2.4 507,454,431
066 98 00 2.4 474,601,750
069 98 03 1.3 857,877,409
069 98 05 1.3 335,259,197
069 98 01 1.3 156,136,116
069 98 00 1.3 89,48,1
069 98 00 1.3 0,26,133
069 98 04 1.3 241,292,270
069 98 05 1.3 204,129,62
069 98 00 1.3 16,0,0
069 98 00 1.3 0,0,0
069 98 00 1.3 0,0,0
069 98 01 1.3 0,0,0
069 98 00 1.3 0,0,0
069 98 00 1.3 0,0,0
069 98 00 1.3 0,0,0
069 98 01 1.3 0,0,0
069 98 07 2.5 40,35,829
069 98 06 2.5 774,736,718
069 98 06 2.5 718,716,703
069 98 04 2.5 671,627,577
069 98 00 2.5 530,475,425
069 98 00 2.5 373,331,295
069 98 00 2.5 259,231,198
069 98 00 2.5 168,160,240
069 98 02 2.5 425,645,798
069 98 06 1.9 848,673,623
069 98 06 1.9 562,515,488
069 98 03 1.9 472,454,428
069 98 01 1.9 395,355,304
069 98 00 1.9 247,187,134
069 98 00 1.9 83,38,0
069 98 02 1.9 0,0,0
069 98 00 1.9 0,113,371
069 98 06 1.9 607,738,781
069 98 08 2.5 772,845,801
069 98 07 2.5 768,744,730
069 98 06 2.5 715,692,658
069 98 02 2.5 613,555,492
069 98 00 2.5 425,363,311
069 98 00 2.5 261,220,173
069 98 01 2.5 132,95,69
069 98 01 2.5 106,268,525
069 98 05 2.5 773,911,956
069 98 08 2.5 945,844,797
069 98 07 2.5 763,744,738
069 98 06 2.5 731,710,677
069 98 03 2.5 633,587,539
069 98 00 2.5 495,455,414
069 98 00 2.5 367,318,276
069 98 00 2.5 237,196,160
069 98 00 2.5 141,217,412
069 98 04 2.5 676,884,990
069 98 08 2.4 1018,861,820
069 98 06 2.4 774,743,730
069 98 07 2.4 725,716,694
069 98 04 2.4 652,603,541
069 98 00 2.4 486,432,382
069 98 00 2.4 336,293,258
069 98 00 2.4 215,169,128
069 98 01 2.4 150,299,553
069 98 04 2.4 817,988,1064
069 98 05 2.7 1084,937,893
069 98 06 2.7 847,823,812
069 98 07 2.7 799,778,745
069 98 03 2.7 696,635,570
069 98 00 2.7 510,455,402
069 98 00 2.7 355,304,256
069 98 01 2.7 206,164,121
069 98 01 2.7 75,29,0
069 98 00 2.7 4,149,408
069 98 06 2.7 676,848,917
069 98 07 2.6 921,908,867
069 98 05 2.6 831,814,815
069 98 07 2.6 817,808,778
069 98 04 2.6 733,680,624
069 98 00 2.6 567,522,479
069 98 00 2.6 439,391,346
069 98 00 2.6 299,253,206
069 98 02 2.6 167,122,92
069 98 01 2.6 144,332,608
069 98 06 2.6 848,983,1031
069 98 06 2.6 1028,905,867
069 98 05 2.6 832,810,797
069 98 06 2.6 785,760,719
069 98 02 2.6 669,610,549
069 98 00 2.6 492,436,384
069 98 00 2.6 334,287,245
069 98 02 2.6 196,151,97
069 98 00 2.6 48,18,83
069 98 01 2.6 283,552,782
067 98 07 2.6 909,961,958
067 98 07 2.6 911,863,828
067 98 08 2.6 804,795,781
067 98 05 2.6 751,708,658
067 98 00 2.6 602,544,484
067 98 00 2.6 428,374,329
067 98 00 2.6 283,236,184
067 98 01 2.6 143,102,63
067 98 01 2.6 16,0,0
067 98 00 2.6 91,321,585
067 98 07 2.6 767,848,863
067 98 07 2.5 876,839,808
067 98 08 2.5 790,785,774
067 98 06 2.5 757,722,680
067 98 02 2.5 626,567,511
067 98 00 2.5 455,407,357
067 98 00 2.5 312,267,223
067 98 01 2.5 182,139,90
067 98 01 2.5 52,84,249
067 98 04 2.5 513,772,935
067 98 04 2.7 1010,1031,962
067 98 05 2.7 931,891,869
067 98 05 2.7 853,844,824
067 98 03 2.7 787,739,677
067 98 01 2.7 621,561,502
067 98 00 2.7 445,389,340
067 98 01 2.7 283,235,188
067 98 01 2.7 144,99,49
067 98 01 2.7 7,16,155
067 98 02 2.7 408,680,865
066 98 03 2.7 954,979,966
066 98 04 2.7 925,888,867
066 98 05 2.7 860,854,836
066 98 04 2.7 803,756,701
066 98 01 2.7 648,592,539
066 98 00 2.7 488,442,404
066 98 00 2.7 366,331,292
066 98 00 2.7 252,207,164
066 98 02 2.7 123,129,244
066 98 02 2.7 475,735,922
066 98 06 2.6 1011,1029,897
066 98 04 2.6 855,819,799
066 98 05 2.6 795,794,778
066 98 04 2.6 747,698,643
066 98 01 2.6 584,527,472
066 98 00 2.6 422,373,330
066 98 00 2.6 283,243,199
066 98 02 2.6 159,116,81
066 98 01 2.6 110,269,532
066 98 03 2.6 798,974,1061
066 98 03 2.9 1090,1086,975
066 98 03 2.9 945,920,908
066 98 05 2.9 894,873,837
066 98 03 2.9 788,727,668
066 98 00 2.9 608,550,495
066 98 00 2.9 444,401,355
066 98 01 2.9 308,255,209
066 98 02 2.9 162,115,66
066 98 01 2.9 39,112,316
066 98 02 2.9 594,832,968
066 98 03 2.8 1021,1025,957
066 98 04 2.8 918,886,876
066 98 05 2.8 876,871,851
066 98 04 2.8 819,776,728
066 98 01 2.8 676,626,575
066 98 00 2.8 528,481,437
066 98 00 2.8 395,355,315
066 98 01 2.8 271,222,176
066 98 02 2.8 136,162,313
066 98 03 2.8 574,842,1029
066 98 04 2.9 1118,1148,1002
066 98 05 2.9 963,923,890
066 98 05 2.9 876,865,842
066 98 03 2.9 806,761,710
066 98 01 2.9 652,588,527
066 98 00 2.9 474,421,375
066 98 01 2.9 330,290,241
066 98 02 2.9 195,143,104
066 98 01 2.9 124,274,537
066 98 05 2.9 810,998,1089
066 98 04 2.9 1117,1008,969
066 98 03 2.9 930,904,891
066 98 05 2.9 878,855,822
066 98 03 2.9 770,708,643
066 98 00 2.9 583,526,471
066 98 00 2.9 422,372,326
066 98 02 2.9 274,222,173
066 98 01 2.9 124,75,17
066 98 01 2.9 0,0,40
066 98 01 2.9 257,535,764
065 98 04 2.8 887,931,931
065 98 05 2.8 946,910,880
065 98 05 2.8 869,862,852
065 98 04 2.8 825,783,734
065 98 01 2.8 675,621,562
065 98 00 2.8 512,462,412
065 98 00 2.8 362,311,261
065 98 02 2.8 214,163,115
065 98 01 2.8 64,52,151
065 98 01 2.8 384,676,914
065 98 03 2.8 1050,1110,1118
065 98 06 3.0 1046,1010,979
065 98 05 3.0 962,952,935
065 98 07 3.0 904,858,804
065 98 01 3.0 742,674,612
065 98 00 3.0 550,498,443
065 98 00 3.0 397,344,294
065 98 01 3.0 240,184,134
065 98 00 3.0 85,69,151
065 98 01 3.0 365,653,890
065 98 06 3.0 1028,1083,1093
065 98 08 2.9 1002,961,921
065 98 03 2.9 897,885,874
065 98 08 2.9 847,798,738
065 98 00 2.9 672,608,549
065 98 00 2.9 491,437,379
065 98 01 2.9 328,279,226
065 98 00 2.9 175,122,74
065 98 00 2.9 24,0,0
065 98 00 2.9 0,50,296
065 98 06 2.9 563,752,841
064 98 03 2.7 860,919,875
064 98 05 2.7 842,829,826
064 98 07 2.7 820,799,763
064 98 03 2.7 714,662,606
064 98 00 2.7 550,490,435
064 98 00 2.7 384,340,296
064 98 01 2.7 252,206,158
064 98 01 2.7 108,59,17
064 98 00 2.7 37,183,441
064 98 06 2.7 713,901,996
064 98 05 2.9 1025,998,959
064 98 03 2.9 920,891,877
064 98 05 2.9 867,851,817
064 98 03 2.9 770,711,648

