177628!20191001_141828!0!0
2.45!2.4!2.36!2.43!2.46!2.47!
90!66!72!0!13
418.8 2.45 51 47

067 90 01 0.5 0,0,0
067 90 00 0.5 0,0,0
067 90 01 0.5 0,0,0
067 90 02 0.5 0,4,35
068 90 04 0.8 49,52,236
068 90 04 0.8 220,206,196
068 90 02 0.8 187,177,162
068 90 02 0.8 147,132,120
068 90 01 0.8 105,90,73
068 90 01 0.8 63,47,35
068 90 01 0.8 18,7,0
068 90 01 0.8 0,0,14
068 90 01 0.8 82,150,208
068 92 04 0.9 232,244,262
068 92 06 0.9 253,234,221
068 92 03 0.9 208,201,187
068 92 02 0.9 172,160,146
068 92 01 0.9 137,121,108
068 92 00 0.9 95,82,65
068 92 00 0.9 48,34,27
068 92 00 0.9 9,0,0
068 92 00 0.9 33,107,195
068 92 05 1.0 254,285,284
068 92 08 1.0 283,263,249
068 92 07 1.0 229,216,199
068 92 03 1.0 189,171,159
068 92 00 1.0 146,135,118
068 92 00 1.0 101,84,69
068 92 00 1.0 53,41,28
068 92 00 1.0 13,0,0
068 92 00 1.0 0,0,27
068 92 01 1.0 101,176,227
068 92 08 0.9 249,245,266
068 92 08 0.9 247,233,217
068 92 04 0.9 206,192,183
068 92 02 0.9 171,160,147
068 92 00 0.9 134,120,107
068 92 00 0.9 94,80,64
068 92 00 0.9 47,33,19
068 92 00 0.9 9,3,10
068 92 00 0.9 40,95,153
068 92 06 0.9 193,212,217
068 92 08 0.7 211,200,188
068 92 04 0.7 178,165,154
068 92 02 0.7 140,131,114
068 92 01 0.7 99,82,72
068 92 00 0.7 58,46,29
068 92 00 0.7 13,0,0
068 92 00 0.7 0,0,0
068 92 00 0.7 2,66,139
068 92 05 0.7 196,224,229
068 94 07 0.9 254,244,229
068 94 07 0.9 219,206,198
068 94 03 0.9 190,181,171
068 94 02 0.9 155,139,124
068 94 00 0.9 106,91,75
068 94 00 0.9 66,53,40
068 94 00 0.9 25,15,15
068 94 00 0.9 42,113,202
068 94 07 0.9 279,315,327
068 94 08 1.0 311,295,280
068 94 08 1.0 264,253,239
068 94 04 1.0 225,209,200
068 94 01 1.0 190,180,165
068 94 00 1.0 150,138,121
068 94 00 1.0 110,97,89
068 94 00 1.0 76,63,51
068 94 00 1.0 62,114,200
068 94 06 1.0 286,339,358
068 94 08 1.0 302,289,273
068 94 08 1.0 262,248,233
068 94 04 1.0 219,209,199
068 94 02 1.0 187,171,152
068 94 00 1.0 137,126,117
068 94 00 1.0 101,91,79
068 94 00 1.0 73,58,49
068 94 00 1.0 58,125,223
068 94 07 1.0 318,364,377
068 94 08 1.1 323,307,284
068 94 08 1.1 261,242,229
068 94 03 1.1 221,213,203
068 94 01 1.1 187,174,160
068 94 00 1.1 148,137,122
068 94 00 1.1 109,90,80
068 94 00 1.1 72,59,48
068 94 00 1.1 47,88,167
068 94 05 1.1 259,324,350
067 95 08 1.0 352,292,272
067 95 08 1.0 248,233,221
067 95 04 1.0 211,202,192
067 95 02 1.0 182,167,158
067 95 00 1.0 142,130,114
067 95 00 1.0 102,94,82
067 95 00 1.0 73,62,63
067 95 00 1.0 94,170,265
067 95 07 1.0 338,364,363
067 95 08 1.0 290,272,255
067 95 07 1.0 240,227,214
067 95 03 1.0 202,192,182
067 95 01 1.0 168,157,142
067 95 00 1.0 125,108,94
067 95 00 1.0 84,73,62
067 95 00 1.0 52,49,72
067 95 00 1.0 142,242,332
067 95 08 1.1 378,383,328
067 95 08 1.1 310,290,269
067 95 07 1.1 254,244,233
067 95 03 1.1 220,210,199
067 95 01 1.1 189,174,158
067 95 00 1.1 139,123,107
067 95 00 1.1 93,79,66
067 95 00 1.1 54,45,59
067 95 00 1.1 111,197,280
067 95 08 1.0 331,345,294
067 95 08 1.0 280,263,245
067 95 06 1.0 230,219,205
067 95 03 1.0 194,180,170
067 95 00 1.0 155,143,129
067 95 00 1.0 115,98,82
067 95 00 1.0 67,53,39
067 95 00 1.0 26,13,15
067 95 00 1.0 47,120,199
067 95 07 1.0 260,284,289
067 96 08 0.9 269,254,235
067 96 06 0.9 218,205,189
067 96 02 0.9 175,161,148
067 96 00 0.9 136,120,104
067 96 00 0.9 89,72,59
067 96 00 0.9 44,31,16
067 96 00 0.9 2,0,0
067 96 00 0.9 0,27,103
067 96 05 0.9 178,226,236
067 96 08 0.9 234,247,234
067 96 07 0.9 215,205,192
067 96 03 0.9 183,171,162
067 96 01 0.9 150,133,116
067 96 00 0.9 101,88,74
067 96 00 0.9 61,50,38
067 96 00 0.9 26,7,0
067 96 00 0.9 0,15,63
067 96 02 0.9 134,203,240
067 96 08 0.8 247,241,225
067 96 05 0.8 207,195,181
067 96 03 0.8 173,163,152
067 96 02 0.8 139,123,109
067 96 00 0.8 93,79,66
067 96 00 0.8 53,42,26
067 96 00 0.8 14,0,0
067 96 00 0.8 0,0,18
067 96 01 0.8 85,165,228
067 96 07 0.9 255,259,272
067 96 08 0.9 257,241,223
067 96 06 0.9 211,201,193
067 96 02 0.9 183,172,159
067 96 00 0.9 145,127,115
067 96 00 0.9 99,89,71
067 96 00 0.9 60,45,33
067 96 00 0.9 18,12,26
067 96 00 0.9 70,142,214
066 97 07 0.9 266,283,281
066 97 08 0.9 258,245,231
066 97 06 0.9 214,203,193
066 97 03 0.9 187,178,169
066 97 01 0.9 154,137,122
066 97 00 0.9 112,99,87
066 97 00 0.9 70,59,44
066 97 00 0.9 33,24,32
066 97 00 0.9 76,150,227
066 97 07 0.9 273,290,290
066 97 08 0.9 260,242,225
066 97 06 0.9 211,203,193
066 97 03 0.9 185,169,154
066 97 00 0.9 138,127,115
066 97 00 0.9 101,90,77
066 97 00 0.9 65,50,36
066 97 00 0.9 19,8,15
066 97 00 0.9 49,110,185
066 97 07 0.9 241,268,270
066 97 08 0.9 252,239,222
066 97 06 0.9 213,203,192
066 97 03 0.9 180,168,157
066 97 01 0.9 141,129,117
066 97 00 0.9 104,89,74
066 97 00 0.9 63,51,39
066 97 00 0.9 25,13,12
066 97 00 0.9 41,96,163
066 97 06 0.9 215,243,249
066 97 07 0.8 232,220,209
066 97 04 0.8 200,194,184
066 97 03 0.8 170,157,144
066 97 01 0.8 129,114,100
066 97 00 0.8 90,75,64
066 97 00 0.8 48,39,26
066 97 00 0.8 16,5,17
066 97 00 0.8 57,131,204
066 97 06 0.8 260,279,282
066 98 07 0.9 267,252,234
066 98 06 0.9 216,204,192
066 98 03 0.9 181,169,153
066 98 01 0.9 139,129,115
066 98 00 0.9 101,86,75
066 98 00 0.9 60,44,28
066 98 00 0.9 17,12,28
066 98 00 0.9 78,154,230
066 98 07 0.9 276,294,289
066 98 08 0.9 266,249,233
066 98 06 0.9 218,208,198
066 98 03 0.9 188,172,158
066 98 00 0.9 141,127,114
066 98 00 0.9 99,86,71
066 98 00 0.9 57,42,28
066 98 00 0.9 17,14,26
066 98 00 0.9 73,142,214
066 98 07 0.8 253,267,263
066 98 07 0.8 236,218,199
066 98 03 0.8 189,178,164
066 98 02 0.8 149,133,120
066 98 01 0.8 106,92,77
066 98 00 0.8 62,49,37
066 98 00 0.8 24,8,0
066 98 00 0.8 0,0,4
066 98 00 0.8 55,122,177
066 98 05 0.7 204,206,219
066 98 04 0.7 206,191,176
066 98 03 0.7 164,151,140
066 98 02 0.7 129,116,102
066 98 02 0.7 91,80,68
066 98 01 0.7 55,41,27
066 98 01 0.7 9,0,0
066 98 01 0.7 0,31,93
066 98 03 0.7 158,200,216
066 99 04 0.8 228,213,195
066 99 03 0.8 182,169,159
066 99 02 0.8 148,140,128
066 99 02 0.8 117,102,88
066 99 01 0.8 73,56,41
066 99 01 0.8 25,13,1
066 99 01 0.8 0,3,44
066 99 02 0.8 112,190,240
067 99 04 0.9 263,267,267
067 99 06 0.9 250,233,215
067 99 03 0.9 202,192,183
067 99 02 0.9 171,154,140
067 99 01 0.9 127,114,101
067 99 00 0.9 86,72,54
067 99 00 0.9 44,47,73
067 99 01 0.9 135,213,280
067 99 06 0.9 313,316,265
067 99 08 0.9 251,237,223
067 99 06 0.9 210,200,187
067 99 02 0.9 176,161,147
067 99 00 0.9 133,119,102
067 99 00 0.9 86,72,61
067 99 00 0.9 46,37,41
067 99 00 0.9 82,153,230
067 99 07 0.9 281,297,296
067 99 08 0.9 248,227,205
067 99 05 0.9 186,180,170
067 99 02 0.9 158,143,129
067 99 00 0.9 114,96,83
067 99 00 0.9 72,61,46
067 99 00 0.9 30,18,7
067 99 00 0.9 7,31,90
067 99 03 0.9 163,216,238
067 99 08 0.8 231,214,201
067 99 04 0.8 181,175,161
067 99 02 0.8 150,135,122
067 99 01 0.8 115,99,85
067 99 00 0.8 67,52,34
067 99 00 0.8 21,11,3
067 99 00 0.8 0,8,51
067 99 01 0.8 114,179,213
067 99 06 0.7 223,217,201
067 99 03 0.7 184,166,153
067 99 02 0.7 139,130,116
067 99 02 0.7 103,87,74
067 99 01 0.7 60,44,28
067 99 01 0.7 13,2,0
067 99 01 0.7 0,0,0
067 99 01 0.7 60,132,191
067 99 04 0.8 220,225,242
067 99 04 0.8 226,205,186
067 99 02 0.8 171,162,149
067 99 02 0.8 135,118,102
067 99 01 0.8 83,66,50
067 99 01 0.8 38,28,16
067 99 01 0.8 3,0,0
067 99 01 0.8 30,92,164
068 99 03 0.8 215,235,232
068 99 04 0.8 226,206,189
068 99 03 0.8 174,163,149
068 99 02 0.8 137,126,115
068 99 02 0.8 99,79,58
068 99 01 0.8 47,38,28
068 99 01 0.8 11,0,0
068 99 01 0.8 0,17,74
068 99 02 0.8 146,191,211
068 99 04 0.8 206,215,198
068 99 03 0.8 183,165,152
068 99 02 0.8 140,129,114
068 99 02 0.8 97,82,70
068 99 01 0.8 55,40,22
068 99 01 0.8 8,0,0
068 99 01 0.8 0,0,0
068 99 01 0.8 54,122,170
068 99 04 0.7 191,218,207
068 99 04 0.7 190,174,158
068 99 02 0.7 145,135,124
068 99 02 0.7 112,97,84
068 99 01 0.7 71,56,43
068 99 01 0.7 25,14,0
068 99 01 0.7 0,0,4
068 99 01 0.7 51,112,161
069 99 03 0.7 182,186,186
069 99 03 0.7 172,155,141
069 99 02 0.7 128,115,104
069 99 02 0.7 91,78,64
069 99 01 0.7 51,37,24
069 99 01 0.7 7,0,0
069 99 01 0.7 0,0,10
069 99 02 0.7 79,149,194
069 99 04 0.8 209,239,224
069 99 04 0.8 204,189,173
069 99 02 0.8 160,148,136
069 99 02 0.8 125,114,97
069 99 01 0.8 84,68,54
069 99 01 0.8 39,22,11
069 99 01 0.8 4,23,73
069 99 02 0.8 146,207,236
069 99 04 0.8 236,220,203
069 99 03 0.8 189,171,157
069 99 02 0.8 144,135,121
069 99 02 0.8 107,89,78
069 99 01 0.8 65,52,33
069 99 01 0.8 16,1,0
069 99 01 0.8 0,12,68
069 99 02 0.8 135,189,211
070 99 04 0.7 209,208,191
070 99 03 0.7 171,158,143
070 99 02 0.7 135,120,110
070 99 02 0.7 95,84,71
070 99 01 0.7 57,45,30
070 99 01 0.7 16,1,0
070 99 01 0.7 0,36,102
070 99 03 0.7 165,201,210
070 99 04 0.7 215,200,180
070 99 03 0.7 164,151,144
070 99 02 0.7 133,125,112
070 99 02 0.7 99,84,72
070 99 01 0.7 59,42,29
070 99 01 0.7 17,12,17
070 99 01 0.7 52,115,177
070 99 03 0.7 213,216,198
070 99 04 0.7 180,160,140
070 99 02 0.7 128,118,107
070 99 02 0.7 94,79,64
070 99 01 0.7 51,36,20
070 99 01 0.7 5,0,0
070 99 01 0.7 0,0,2
070 99 02 0.7 73,156,221
071 99 04 0.9 241,241,253
071 99 06 0.9 239,219,201
071 99 03 0.9 184,169,158
071 99 02 0.9 144,129,113
071 99 00 0.9 97,83,65
071 99 00 0.9 52,37,24
071 99 00 0.9 12,0,7
071 99 00 0.9 52,130,210
071 99 06 0.9 252,265,255
071 99 08 0.9 241,220,201
071 99 05 0.9 183,167,156
071 99 01 0.9 142,129,116
071 99 00 0.9 102,86,70
071 99 00 0.9 57,44,28
071 99 00 0.9 12,0,0
071 99 00 0.9 0,0,0
071 99 00 0.9 50,125,189
071 99 08 0.8 217,218,236
071 99 06 0.8 215,194,181
071 99 03 0.8 166,154,139
071 99 01 0.8 132,116,100
071 99 00 0.8 83,71,57
071 99 00 0.8 41,23,11
071 99 00 0.8 0,0,0
071 99 00 0.8 0,0,0
071 99 00 0.8 13,86,149
071 99 05 0.8 182,182,217
071 99 04 0.8 197,177,159
071 99 02 0.8 148,134,123
071 99 02 0.8 111,101,89
071 99 01 0.8 81,64,51
071 99 01 0.8 30,21,7
071 99 01 0.8 0,0,0
071 99 01 0.8 0,0,0
071 99 01 0.8 42,107,151
071 99 04 0.7 166,205,190
071 99 03 0.7 173,153,139
071 99 02 0.7 130,119,105
071 99 02 0.7 93,85,71
071 99 01 0.7 57,40,31
071 99 01 0.7 18,6,0
071 99 01 0.7 0,0,0
071 99 01 0.7 0,0,52
071 99 03 0.7 124,172,194
071 99 04 0.8 199,248,231
071 99 03 0.8 209,193,181
071 99 02 0.8 172,158,146
071 99 02 0.8 130,120,107
071 99 01 0.8 93,78,63
071 99 01 0.8 51,40,23
071 99 01 0.8 7,0,5
071 99 01 0.8 52,130,204
072 99 04 0.9 246,258,254
072 99 05 0.9 245,228,208
072 99 03 0.9 192,175,162
072 99 02 0.9 153,144,131
072 99 01 0.9 117,99,85
072 99 00 0.9 71,61,49
072 99 00 0.9 35,20,4
072 99 00 0.9 0,0,36
072 99 01 0.9 100,174,224
072 99 06 0.8 245,243,236
072 99 04 0.8 218,204,185
072 99 02 0.8 174,159,153
072 99 02 0.8 140,127,113
072 99 01 0.8 97,86,75
072 99 01 0.8 58,44,27
072 99 01 0.8 14,0,0
072 99 01 0.8 0,2,56
072 99 02 0.8 132,195,225
072 99 04 0.8 226,225,207
072 99 03 0.8 188,177,164
072 99 02 0.8 152,142,129
072 99 02 0.8 119,108,96
072 99 01 0.8 85,71,59
072 99 01 0.8 46,31,16
072 99 01 0.8 4,0,6
072 99 01 0.8 51,127,200
072 99 04 0.8 237,240,232
072 99 04 0.8 216,198,181
072 99 02 0.8 165,152,142
072 99 02 0.8 128,113,100
072 99 01 0.8 88,77,61
072 99 01 0.8 50,34,24
072 99 01 0.8 13,4,0
072 99 01 0.8 0,17,96
072 99 02 0.8 185,248,273
072 99 05 0.9 276,280,257
072 99 05 0.9 236,217,202
072 99 03 0.9 184,172,162
072 99 01 0.9 153,142,128
072 99 01 0.9 117,103,92
072 99 00 0.9 75,62,45
072 99 00 0.9 33,27,46
072 99 00 0.9 110,199,275
072 99 07 0.9 307,311,275
072 99 08 0.9 258,235,214
072 99 05 0.9 203,194,188
072 99 02 0.9 171,159,143
072 99 00 0.9 132,118,101
072 99 00 0.9 89,74,63
072 99 00 0.9 48,34,22
072 99 00 0.9 30,81,167
072 99 05 0.9 250,294,302
072 99 08 0.9 273,256,233
072 99 07 0.9 213,201,188
072 99 03 0.9 177,166,157
072 99 01 0.9 144,128,113
072 99 00 0.9 99,88,79
072 99 00 0.9 68,58,45
072 99 00 0.9 34,25,44
072 99 00 0.9 106,190,256
072 99 08 0.8 280,278,242
072 99 08 0.8 223,206,188
072 99 04 0.8 179,169,161
072 99 02 0.8 148,133,119
072 99 00 0.8 107,96,83
072 99 00 0.8 70,58,48
072 99 00 0.8 40,28,22
072 99 00 0.8 28,82,162
072 99 06 0.8 241,279,285
072 99 08 0.9 254,234,209
072 99 06 0.9 190,180,173
072 99 03 0.9 160,142,129
072 99 00 0.9 117,107,93
072 99 00 0.9 80,69,54
072 99 00 0.9 39,26,16
072 99 00 0.9 8,0,13
072 99 00 0.9 67,153,236
071 99 08 1.0 282,294,290
071 99 08 1.0 274,253,229
071 99 05 1.0 210,198,186
071 99 02 1.0 178,160,148
071 99 00 1.0 131,119,103
071 99 00 1.0 87,76,61
071 99 00 1.0 49,35,27
071 99 00 1.0 16,15,44
071 99 00 1.0 117,202,265
071 99 08 0.9 283,282,254
071 99 08 0.9 233,211,191
071 99 04 0.9 181,168,153
071 99 01 0.9 137,122,110
071 99 00 0.9 97,82,66
071 99 00 0.9 48,34,22
071 99 00 0.9 11,0,0
071 99 00 0.9 0,0,0
071 99 00 0.9 61,143,204
071 99 08 0.8 226,224,232
071 99 06 0.8 208,184,162
071 99 02 0.8 148,139,134
071 99 01 0.8 122,105,91
071 99 00 0.8 81,69,53
071 99 00 0.8 38,22,13
071 99 00 0.8 0,0,0
071 99 00 0.8 0,0,21
071 99 01 0.8 95,164,196
071 99 07 0.8 199,226,209
071 99 03 0.8 189,173,162
071 99 02 0.8 151,139,124
071 99 02 0.8 111,98,90
071 99 01 0.8 77,65,49
071 99 01 0.8 32,16,0
071 99 01 0.8 0,0,0
071 99 01 0.8 0,60,142
071 99 03 0.9 212,238,236
071 99 05 0.9 241,222,201
071 99 03 0.9 183,170,161
071 99 02 0.9 154,144,127
071 99 01 0.9 109,96,85
071 99 00 0.9 67,48,35
071 99 00 0.9 23,13,0
071 99 00 0.9 0,0,2
071 99 00 0.9 67,154,227
071 99 06 0.9 255,261,268
071 99 08 0.9 255,230,212
071 99 05 0.9 195,187,174
071 99 02 0.9 163,145,130
071 99 00 0.9 113,101,87
071 99 00 0.9 69,52,40
071 99 00 0.9 31,25,17
071 99 00 0.9 9,20,72
071 99 02 0.9 160,239,277
070 99 08 0.9 280,260,243
070 99 08 0.9 224,208,191
070 99 03 0.9 176,162,149
070 99 01 0.9 135,120,110
070 99 00 0.9 93,77,57
070 99 00 0.9 44,33,23
070 99 00 0.9 15,1,0
070 99 00 0.9 1,58,141
070 99 05 0.9 221,256,266
070 99 08 0.9 266,248,226
070 99 06 0.9 202,192,179
070 99 02 0.9 171,158,148
070 99 00 0.9 134,119,104
070 99 00 0.9 93,81,68
070 99 00 0.9 52,38,24
070 99 00 0.9 14,13,51
070 99 01 0.9 127,211,261
070 99 08 0.9 273,251,235
070 99 08 0.9 212,198,178
070 99 03 0.9 167,152,147
070 99 01 0.9 134,118,106
070 99 00 0.9 92,84,67
070 99 00 0.9 52,34,23
070 99 00 0.9 9,2,3
070 99 00 0.9 44,124,214
069 99 07 0.9 270,288,287
069 99 08 0.9 277,258,239
069 99 06 0.9 224,208,197
069 99 03 0.9 180,167,152
069 99 00 0.9 136,123,105
069 99 00 0.9 92,83,71
069 99 00 0.9 56,40,27
069 99 00 0.9 24,55,133
069 99 04 0.9 229,300,329
069 99 08 1.0 329,294,274
069 99 08 1.0 254,231,216
069 99 04 1.0 206,195,183
069 99 01 1.0 166,150,137
069 99 00 1.0 125,114,97
069 99 00 1.0 83,70,60
069 99 00 1.0 47,37,31
069 99 00 1.0 60,135,225
069 99 07 0.9 296,319,319
069 99 08 0.9 272,253,233
069 99 06 0.9 215,198,186
069 99 02 0.9 176,166,149
069 99 00 0.9 131,117,104
069 99 00 0.9 93,77,66
069 99 00 0.9 49,38,24
069 99 00 0.9 15,3,4
069 99 00 0.9 50,132,220
069 99 07 0.9 266,276,269
069 99 08 0.9 251,230,209
069 99 05 0.9 191,177,166
069 99 01 0.9 157,146,130
069 99 00 0.9 116,98,85
069 99 00 0.9 67,57,46
069 99 00 0.9 39,26,11
069 99 00 0.9 0,0,33

