176927!20191001_153922!0!0
3.14!3.15!3.06!3.11!3.03!3.28!
96!30!55!557!513
384.0 3.38 132 201

030 70 04 3.9 1173,1164,1131
030 70 02 3.9 1071,1000,923
030 70 00 3.9 841,765,689
030 70 01 3.9 624,565,507
030 70 00 3.9 442,370,299
030 70 00 3.9 230,166,102
030 70 00 3.9 39,0,0
030 70 00 3.9 0,232,678
030 70 05 3.9 1117,1375,1485
030 70 03 4.4 1549,1585,1646
030 70 05 4.4 1564,1461,1411
030 70 05 4.4 1399,1395,1359
030 70 04 4.4 1300,1227,1152
030 70 00 4.4 1074,999,937
030 70 01 4.4 880,828,772
030 70 01 4.4 712,652,592
030 70 00 4.4 533,473,409
030 70 00 4.4 349,292,236
030 70 00 4.4 176,150,304
030 70 02 4.4 687,1165,1526
030 70 05 4.4 1701,1795,1857
030 70 03 4.6 1884,1688,1596
030 70 04 4.6 1528,1505,1520
030 70 04 4.6 1516,1484,1432
030 70 03 4.6 1363,1301,1232
030 70 00 4.6 1174,1112,1061
030 70 00 4.6 1015,970,923
030 70 00 4.6 869,820,767
030 70 01 4.6 715,656,602
030 70 01 4.6 554,505,451
030 70 01 4.6 442,631,1010
030 70 04 4.6 1443,1723,1844
030 70 04 3.9 1886,1894,1426
030 70 04 3.9 1354,1300,1288
030 70 02 3.9 1303,1294,1251
030 70 04 3.9 1192,1123,1055
030 70 01 3.9 986,929,877
030 70 00 3.9 824,766,711
030 70 01 3.9 653,601,540
030 70 01 3.9 485,427,377
030 70 01 3.9 328,274,223
030 70 00 3.9 173,177,352
030 70 03 3.9 726,1167,1479
030 70 04 3.9 1632,1699,1755
052 96 05 4.4 1768,1564,1477
052 96 06 4.4 1414,1411,1421
052 96 06 4.4 1418,1364,1293
052 96 03 4.4 1205,1128,1051
052 96 00 4.4 985,928,880
052 96 00 4.4 834,783,729
052 96 01 4.4 663,591,517
052 96 00 4.4 449,386,334
052 96 00 4.4 284,229,172
052 96 00 4.4 120,142,361
052 96 02 4.4 767,1205,1494
052 96 05 4.4 1637,1720,1783
052 96 05 4.6 1793,1634,1561
052 96 06 4.6 1528,1541,1566
052 96 04 4.6 1560,1518,1462
052 96 06 4.6 1398,1338,1277
052 96 00 4.6 1222,1177,1136
052 96 00 4.6 1096,1046,998
052 96 00 4.6 946,891,836
052 96 01 4.6 779,724,662
052 96 00 4.6 609,544,497
052 96 00 4.6 572,854,1249
052 96 07 4.6 1573,1729,1780
052 96 07 3.6 1796,1269,1205
052 96 06 3.6 1133,1121,1151
052 96 00 3.6 1178,1160,1110
052 96 07 3.6 1046,980,918
052 96 00 3.6 866,821,777
052 96 00 3.6 737,696,648
052 96 00 3.6 590,527,474
052 96 00 3.6 422,379,330
052 96 00 3.6 276,218,170
052 96 00 3.6 221,467,847
052 96 08 3.6 1202,1407,1506
052 96 03 4.0 1572,1603,1401
052 96 05 4.0 1323,1258,1249
052 96 04 4.0 1263,1253,1195
052 96 05 4.0 1118,1034,956
052 96 00 4.0 873,789,711
052 96 01 4.0 644,589,537
052 96 00 4.0 474,405,330
052 96 00 4.0 257,186,120
052 96 00 4.0 62,6,0
052 96 00 4.0 0,0,297
052 96 05 4.0 685,971,1093
052 96 06 3.4 1118,1114,1171
052 96 04 3.4 1090,1008,981
052 96 04 3.4 996,1002,973
052 96 03 3.4 914,833,745
052 96 00 3.4 655,588,532
052 96 01 3.4 492,450,401
052 96 01 3.4 334,267,198
052 96 00 3.4 135,69,2
052 96 00 3.4 0,0,0
052 96 00 3.4 85,439,798
052 96 03 3.4 995,1057,1070
052 96 04 3.3 1061,1156,1068
052 96 05 3.3 991,955,953
052 96 03 3.3 936,895,828
052 96 01 3.3 763,691,620
052 96 00 3.3 551,484,428
052 96 01 3.3 370,314,257
052 96 01 3.3 200,139,76
052 96 00 3.3 11,0,0
052 96 00 3.3 72,400,777
052 96 03 3.3 1030,1118,1147
053 96 03 3.4 1154,1208,1126
053 96 04 3.4 1020,947,923
053 96 03 3.4 912,883,828
053 96 01 3.4 755,675,594
053 96 00 3.4 518,445,379
053 96 01 3.4 321,265,211
053 96 00 3.4 154,92,24
053 96 00 3.4 0,0,79
053 96 01 3.4 393,755,992
053 96 03 3.2 1076,1098,1094
053 96 04 3.2 1118,1030,928
053 96 04 3.2 867,848,842
053 96 02 3.2 805,742,660
053 96 00 3.2 583,510,437
053 96 02 3.2 362,288,226
053 96 00 3.2 171,118,61
053 96 00 3.2 1,0,0
053 96 00 3.2 0,0,0
053 96 00 3.2 0,0,332
053 96 03 3.2 695,884,940
053 96 04 3.5 953,1264,1211
053 96 07 3.5 1109,1018,971
053 96 05 3.5 971,961,922
053 96 02 3.5 858,780,705
053 96 00 3.5 626,563,498
053 96 01 3.5 444,391,337
053 96 00 3.5 285,230,176
053 96 00 3.5 117,59,0
053 96 00 3.5 0,0,0
053 96 00 3.5 0,0,316
053 96 02 3.5 716,977,1048
053 97 06 3.4 1047,1214,1154
053 97 05 3.4 1065,977,944
053 97 04 3.4 944,941,909
053 97 02 3.4 847,775,692
053 97 00 3.4 613,538,471
053 97 01 3.4 407,347,288
053 97 00 3.4 232,176,114
053 97 00 3.4 50,0,0
053 97 00 3.4 0,0,0
053 97 00 3.4 0,0,377
053 97 04 3.4 759,957,1011
053 97 04 3.5 1008,1275,1211
053 97 07 3.5 1115,1038,1006
053 97 06 3.5 1014,1011,981
053 97 03 3.5 917,842,762
053 97 00 3.5 687,616,548
053 97 01 3.5 487,432,386
053 97 00 3.5 336,273,203
053 97 00 3.5 130,73,13
053 97 00 3.5 0,0,0
053 97 00 3.5 0,55,445
053 97 05 3.5 857,1104,1196
053 97 08 3.7 1221,1220,1348
053 97 06 3.7 1269,1190,1159
053 97 08 3.7 1167,1179,1160
053 97 06 3.7 1118,1059,990
053 97 00 3.7 914,845,791
053 97 00 3.7 746,712,674
053 97 00 3.7 632,580,530
053 97 01 3.7 479,430,376
053 97 00 3.7 325,272,220
053 97 00 3.7 173,210,452
053 97 04 3.7 855,1235,1436
054 97 06 3.5 1486,1484,1281
054 97 05 3.5 1207,1115,1061
054 97 08 3.5 1062,1084,1076
054 97 08 3.5 1034,971,899
054 97 00 3.5 826,753,691
054 97 00 3.5 626,573,522
054 97 01 3.5 476,426,371
054 97 00 3.5 312,251,192
054 97 00 3.5 138,81,21
054 97 00 3.5 0,0,197
054 97 02 3.5 582,987,1235
054 96 04 3.7 1323,1344,1335
054 96 06 3.7 1327,1246,1165
054 96 07 3.7 1129,1135,1144
054 96 06 3.7 1119,1057,983
054 96 01 3.7 906,839,774
054 96 00 3.7 715,656,604
054 96 01 3.7 552,506,455
054 96 00 3.7 397,337,280
054 96 00 3.7 232,180,124
054 96 00 3.7 68,21,49
054 96 01 3.7 279,676,1083
054 96 06 3.7 1319,1399,1423
054 96 07 3.8 1423,1372,1291
054 96 05 3.8 1221,1191,1201
054 96 08 3.8 1197,1167,1100
054 96 03 3.8 1031,960,898
054 96 00 3.8 832,774,721
054 96 00 3.8 674,625,579
054 96 01 3.8 527,475,417
054 96 00 3.8 361,304,252
054 96 00 3.8 199,151,96
054 96 00 3.8 44,15,143
054 96 03 3.8 480,908,1227
054 96 04 3.8 1356,1392,1395
053 96 05 3.7 1354,1288,1213
053 96 05 3.7 1174,1176,1188
053 96 08 3.7 1176,1131,1073
053 96 02 3.7 1007,949,887
053 96 00 3.7 833,785,743
053 96 00 3.7 703,660,620
053 96 00 3.7 577,527,479
053 96 01 3.7 429,385,339
053 96 00 3.7 295,246,198
053 96 00 3.7 150,140,292
053 96 03 3.7 619,1000,1245
053 96 07 3.2 1320,1315,1137
053 96 06 3.2 1062,969,911
053 96 07 3.2 906,925,922
053 96 05 3.2 890,837,770
053 96 00 3.2 696,627,567
053 96 00 3.2 514,464,418
053 96 01 3.2 373,324,270
053 96 00 3.2 215,161,110
053 96 00 3.2 56,4,0
053 96 00 3.2 0,0,0
053 96 00 3.2 0,0,300
053 96 03 3.2 726,1012,1127
053 96 07 3.7 1157,1163,1368
053 96 07 3.7 1300,1228,1191
053 96 08 3.7 1200,1213,1197
053 96 06 3.7 1146,1079,1011
053 96 00 3.7 945,882,824
053 96 00 3.7 777,727,678
053 96 00 3.7 630,584,537
053 96 01 3.7 484,427,370
053 96 00 3.7 316,270,224
053 96 00 3.7 172,116,74
053 96 00 3.7 130,397,815
053 96 08 3.7 1206,1422,1498
053 96 05 4.0 1540,1556,1459
053 96 04 4.0 1392,1330,1318
053 96 02 4.0 1336,1348,1324
053 96 05 4.0 1273,1210,1142
053 96 01 4.0 1075,1015,965
053 96 00 4.0 920,875,832
053 96 00 4.0 787,742,689
053 96 02 4.0 631,576,524
053 96 01 4.0 480,438,394
053 96 01 4.0 351,300,258
053 96 01 4.0 280,506,904
053 96 05 4.0 1317,1571,1673
053 96 03 4.0 1724,1743,1468
053 96 04 4.0 1410,1359,1360
053 96 03 4.0 1396,1416,1400
053 96 05 4.0 1352,1298,1245
053 96 02 4.0 1192,1138,1096
053 96 00 4.0 1063,1045,1014
053 96 00 4.0 973,914,854
053 96 01 4.0 788,726,663
053 96 01 4.0 610,561,514
053 96 01 4.0 466,413,357
053 96 00 4.0 298,238,177
053 96 00 4.0 115,55,0
053 96 00 4.0 0,0,0
053 96 00 4.0 0,0,0
053 96 00 4.0 0,0,0
053 96 00 4.0 0,0,0
053 96 00 4.0 0,0,0
053 96 00 4.0 0,0,0
053 96 00 4.0 0,0,0
053 96 00 4.0 0,0,0
053 96 04 4.0 0,481,770
053 96 04 5.8 867,900,895
053 96 04 5.8 2171,2099,2060
053 96 04 5.8 2079,2120,2126
053 96 04 5.8 2095,2036,1977
053 96 04 5.8 1915,1851,1791
053 96 01 5.8 1736,1695,1652
053 96 00 5.8 1606,1557,1504
053 96 00 5.8 1450,1393,1342
053 96 02 5.8 1293,1248,1194
053 96 01 5.8 1141,1092,1121
053 96 01 5.8 1362,1781,2220
053 96 04 5.8 2486,2592,2628
053 96 04 4.1 2625,1498,1435
053 96 06 4.1 1398,1412,1451
053 96 04 4.1 1470,1453,1410
053 96 07 4.1 1357,1302,1251
053 96 02 4.1 1206,1162,1122
053 96 00 4.1 1083,1050,1017
053 96 00 4.1 980,943,908
053 96 00 4.1 870,829,781
053 96 00 4.1 733,705,812
053 96 03 4.1 1113,1508,1808
053 96 08 3.4 1938,1962,1233
053 96 05 3.4 1166,1085,1045
053 96 05 3.4 1061,1103,1115
053 96 06 3.4 1093,1042,984
053 96 02 3.4 913,850,790
053 96 00 3.4 742,697,664
053 96 00 3.4 640,612,570
053 96 00 3.4 522,474,423
053 96 01 3.4 361,309,265
053 96 01 3.4 294,500,880
053 96 05 3.4 1293,1585,1737
053 96 04 3.4 1841,1906,1929
053 96 04 4.6 1621,1567,1552
053 96 05 4.6 1580,1599,1590
053 96 04 4.6 1542,1485,1418
053 96 03 4.6 1362,1307,1254
053 96 01 4.6 1210,1164,1116
053 96 00 4.6 1065,1015,964
053 96 00 4.6 911,860,812
053 96 01 4.6 756,701,648
053 96 01 4.6 676,895,1285
053 96 05 4.6 1698,1978,2140
053 96 04 4.6 2253,2339,2360
053 96 05 4.8 1673,1607,1580
053 96 05 4.8 1595,1612,1597
053 96 04 4.8 1550,1487,1422
053 96 03 4.8 1358,1299,1241
053 96 00 4.8 1190,1146,1102
053 96 00 4.8 1051,995,939
053 96 01 4.8 886,832,784
053 96 01 4.8 735,685,635
053 96 01 4.8 582,538,589
053 96 01 4.8 843,1243,1620
053 96 04 4.8 1840,1948,2014
053 96 05 4.3 2040,1473,1395
053 96 04 4.3 1343,1334,1348
053 96 04 4.3 1338,1298,1232
053 96 03 4.3 1154,1072,1001
053 96 00 4.3 933,868,811
053 96 00 4.3 755,702,639
053 96 01 4.3 575,510,450
053 96 00 4.3 389,329,264
053 96 00 4.3 199,137,100
053 96 01 4.3 202,506,911
053 96 06 4.3 1240,1408,1488
053 96 06 4.1 1536,1541,1383
053 96 04 4.1 1294,1230,1216
053 96 05 4.1 1215,1187,1134
053 96 03 4.1 1059,980,893
053 96 00 4.1 810,734,665
053 96 01 4.1 600,534,472
053 96 00 4.1 409,346,269
053 96 00 4.1 189,110,44
053 96 00 4.1 0,0,0
053 96 00 4.1 0,0,0
053 96 01 4.1 75,499,870
053 96 05 4.1 1057,1129,1174
053 96 04 4.1 1191,1418,1320
053 96 04 4.1 1229,1191,1186
053 96 04 4.1 1171,1125,1055
053 96 01 4.1 972,891,810
053 96 01 4.1 739,670,614
053 96 01 4.1 550,493,429
053 96 00 4.1 370,306,244
053 96 00 4.1 181,117,49
053 96 00 4.1 0,0,0
053 96 00 4.1 0,0,0
053 96 02 4.1 323,720,971
053 96 05 3.5 1049,1058,1245
053 96 05 3.5 1192,1092,994
053 96 04 3.5 945,940,933
053 96 03 3.5 894,829,755
053 96 00 3.5 678,603,535
053 96 01 3.5 470,414,356
053 96 01 3.5 309,257,208
053 96 01 3.5 154,108,71
053 96 01 3.5 37,0,0
053 96 01 3.5 0,0,0
053 96 01 3.5 173,543,851
053 96 05 3.5 991,1024,1025
053 96 04 3.3 1141,1058,945
053 96 04 3.3 850,804,776
053 96 02 3.3 743,680,594
053 96 00 3.3 494,400,316
053 96 01 3.3 242,177,119
053 96 00 3.3 58,5,0
053 96 00 3.3 0,0,0
053 96 00 3.3 0,0,0
053 96 00 3.3 0,0,0
053 96 01 3.3 0,201,529
053 96 05 3.6 666,690,1291
053 96 07 3.6 1251,1179,1097
053 96 07 3.6 1042,1031,1032
053 96 05 3.6 1013,960,889
053 96 00 3.6 812,741,672
053 96 00 3.6 611,550,497
053 96 01 3.6 445,396,344
053 96 00 3.6 296,249,198
053 96 00 3.6 139,77,30
053 96 00 3.6 118,396,754
053 96 06 2.9 1006,1081,1034
053 96 07 2.9 982,884,769
053 96 06 2.9 678,650,655
053 96 01 2.9 651,611,545
053 96 00 2.9 467,385,306
053 96 00 2.9 228,159,92
053 96 00 2.9 33,0,0
053 96 00 2.9 0,0,0
053 96 00 2.9 0,0,0
053 96 01 2.9 12,418,755
053 96 07 3.4 896,916,1242
053 96 06 3.4 1203,1118,1000
053 96 06 3.4 902,857,848
053 96 02 3.4 830,787,720
053 96 00 3.4 639,560,492
053 96 00 3.4 473,570,789
053 96 04 3.4 1026,1168,1189
053 96 04 2.0 658,527,369
053 96 01 2.0 249,203,201
053 96 00 2.0 195,158,95
053 96 00 2.0 10,0,0
053 96 00 2.0 0,0,0
053 96 00 2.0 0,0,0
053 96 00 2.0 0,0,0
053 96 00 2.0 0,0,0
053 96 02 2.0 0,0,0
053 96 02 2.0 0,0,0
053 96 02 2.0 0,0,0
053 96 01 2.0 0,0,0
053 96 04 2.0 51,204,242
053 96 04 5.0 234,1851,1743
053 96 06 5.0 1612,1512,1470
053 96 07 5.0 1461,1435,1393
053 96 03 5.0 1342,1284,1218
053 96 00 5.0 1137,1060,992
053 96 01 5.0 935,879,822
053 96 00 5.0 758,686,604
053 96 00 5.0 523,447,375
053 96 00 5.0 311,257,256
053 96 00 5.0 447,822,1218
054 96 06 3.2 1429,1466,1195
054 96 05 3.2 1144,1050,934
054 96 04 3.2 852,829,837
054 96 02 3.2 827,790,735
054 96 01 3.2 667,598,532
054 96 00 3.2 466,401,341
054 96 01 3.2 290,245,197
054 96 01 3.2 148,96,36
054 96 00 3.2 0,0,0
054 96 00 3.2 12,363,768
054 96 04 3.2 1041,1125,1134
054 96 03 3.3 1249,1197,1096
054 96 05 3.3 997,952,959
054 96 03 3.3 969,947,901
054 96 02 3.3 845,780,717
054 96 00 3.3 651,603,558
054 96 00 3.3 522,479,435
054 96 01 3.3 383,330,277
054 96 01 3.3 227,179,140
054 96 00 3.3 216,489,894
054 96 04 3.3 1248,1427,1500
054 96 05 3.7 1534,1545,1354
054 96 06 3.7 1266,1189,1167
054 96 08 3.7 1183,1188,1161
054 96 05 3.7 1107,1047,989
054 96 00 3.7 928,866,810
054 96 00 3.7 764,721,681
054 96 00 3.7 633,585,534
054 96 01 3.7 487,439,389
054 96 00 3.7 330,284,355
054 96 02 3.7 644,1060,1417
054 96 05 3.7 1588,1651,1685
054 96 07 3.8 1695,1368,1278
054 96 07 3.8 1194,1157,1152
054 96 07 3.8 1146,1114,1061
054 96 02 3.8 990,923,859
054 96 00 3.8 801,748,699
054 96 00 3.8 651,600,549
054 96 01 3.8 498,443,383
054 96 00 3.8 327,281,231
054 96 00 3.8 179,120,76
054 96 00 3.8 133,390,780
054 96 07 3.8 1117,1272,1308
054 96 06 3.3 1310,1219,1147
054 96 05 3.3 1047,969,951
054 96 04 3.3 958,942,894
054 96 02 3.3 830,760,698
054 96 00 3.3 635,574,515
054 96 01 3.3 464,418,370
054 96 01 3.3 319,262,207
054 96 01 3.3 151,99,40
054 96 00 3.3 0,0,0
054 96 00 3.3 0,0,137
054 96 02 3.3 506,839,988
054 96 04 3.1 1015,1173,1142
054 96 04 3.1 1068,961,877
054 96 03 3.1 849,856,844
054 96 02 3.1 802,733,661
054 96 00 3.1 587,518,458
054 96 01 3.1 404,356,304
054 96 01 3.1 256,198,139
054 96 00 3.1 78,23,0
054 96 00 3.1 0,0,0
054 96 00 3.1 0,0,0
054 96 00 3.1 0,157,548
054 96 03 3.1 813,892,895
054 96 04 3.2 1193,1149,1059
054 96 05 3.2 955,890,884
054 96 03 3.2 888,870,820
054 96 01 3.2 749,677,607
054 96 00 3.2 547,495,448
054 96 02 3.2 407,360,314
054 96 01 3.2 263,214,158
054 96 01 3.2 103,52,3
054 96 01 3.2 0,0,0
054 96 00 3.2 0,0,0
054 96 02 3.2 236,618,870
055 96 04 3.0 939,929,1122
055 96 05 3.0 1065,970,878
055 96 04 3.0 838,838,838
055 96 03 3.0 808,755,684
055 96 00 3.0 610,540,477
055 96 00 3.0 424,377,337
055 96 02 3.0 296,249,196
055 96 01 3.0 135,72,14
055 96 00 3.0 0,0,0
055 96 00 3.0 0,0,0
055 96 00 3.0 0,191,568
055 96 03 3.0 818,895,889
055 96 04 3.0 1132,1090,1010
055 96 05 3.0 932,892,898
055 96 03 3.0 900,875,825
055 96 02 3.0 763,699,634
055 96 00 3.0 573,512,460
055 96 00 3.0 413,365,317
055 96 02 3.0 263,214,162
055 96 01 3.0 113,62,13
055 96 01 3.0 0,0,0
055 96 01 3.0 0,146,527
055 96 05 3.0 862,1006,1021
055 96 05 3.0 1151,1113,1037
055 96 04 3.0 948,889,882
055 96 03 3.0 892,879,838
055 96 02 3.0 782,719,658
055 96 00 3.0 596,541,493
055 96 00 3.0 446,405,359
055 96 02 3.0 321,283,247
055 96 02 3.0 197,138,81
055 96 01 3.0 31,0,0
055 96 01 3.0 0,179,524
055 96 04 3.0 888,1108,1166
054 96 04 3.1 1171,1191,1150
054 96 04 3.1 1065,987,959
054 96 05 3.1 979,993,979
054 96 03 3.1 930,870,804
054 96 01 3.1 752,705,663
054 96 00 3.1 624,597,564
054 96 00 3.1 528,478,426
054 96 01 3.1 381,328,278
054 96 01 3.1 224,178,150
054 96 01 3.1 251,537,909
054 96 03 3.1 1181,1281,1293
054 96 05 3.0 1122,1062,968
054 96 07 3.0 889,871,894
054 96 06 3.0 907,883,832
054 96 03 3.0 772,703,643
054 96 00 3.0 586,542,497
054 96 00 3.0 458,424,389
054 96 00 3.0 349,306,257
054 96 01 3.0 210,164,120
054 96 00 3.0 68,26,88
054 96 02 3.0 359,750,1087
054 96 07 3.0 1239,1281,1295
054 96 05 3.3 1292,1216,1139
054 96 04 3.3 1076,1067,1079
054 96 05 3.3 1073,1034,966
054 96 02 3.3 894,821,766
054 96 00 3.3 718,689,658
054 96 00 3.3 623,573,524
054 96 00 3.3 468,415,361
054 96 01 3.3 314,270,220
054 96 01 3.3 167,110,109
054 96 01 3.3 282,625,991
054 96 04 3.3 1211,1279,1295
054 96 03 3.1 1192,1150,1063
054 96 05 3.1 987,948,952
054 96 04 3.1 957,939,892
054 96 02 3.1 831,770,712
054 96 00 3.1 657,606,560
054 96 00 3.1 513,469,419
054 96 01 3.1 375,330,287
054 96 02 3.1 248,205,165
054 96 01 3.1 118,70,24
054 96 01 3.1 7,142,448
054 96 05 3.1 810,1048,1117
054 96 04 2.9 1116,1087,1030
054 96 06 2.9 939,867,852
054 96 06 2.9 875,888,864
054 96 04 2.9 812,751,690
054 96 00 2.9 632,572,519
054 96 00 2.9 473,435,399
054 96 00 2.9 357,315,267

