176927!20190920_132319!0!0
3.13!3.36!3.35!3.31!3.42!3.4!
92!30!79!601!68
490.2 3.47 66 152

030 70 03 5.6 2964,3362,3584
030 70 05 7.0 3688,3726,2094
030 70 07 7.0 2056,2023,2015
030 70 06 7.0 1999,1955,1892
030 70 05 7.0 1811,1721,1623
030 70 03 7.0 1535,1456,1378
030 70 00 7.0 1303,1229,1194
030 70 00 7.0 1294,1578,1964
030 70 07 4.4 2287,2445,2468
030 70 04 4.4 1217,1109,977
030 70 04 4.4 869,816,799
030 70 02 4.4 778,738,675
030 70 00 4.4 590,488,379
030 70 01 4.4 276,184,104
030 70 00 4.4 29,0,0
030 70 01 4.4 208,599,1013
030 70 04 4.9 1281,1389,1387
030 70 05 4.9 1358,1229,1088
030 70 04 4.9 988,948,940
030 70 02 4.9 928,883,812
030 70 00 4.9 716,617,512
030 70 01 4.9 415,327,245
030 70 00 4.9 168,114,194
030 70 01 4.9 479,900,1277
079 93 04 4.9 1480,1527,1369
079 93 04 4.9 1262,1116,983
079 93 03 4.9 910,895,890
079 93 02 4.9 865,804,714
079 93 01 4.9 606,499,404
079 93 00 4.9 321,245,176
079 93 00 4.9 111,64,107
079 93 01 4.9 348,746,1142
079 93 04 4.8 1376,1442,1350
079 93 05 4.8 1243,1099,961
079 93 04 4.8 884,870,875
079 93 02 4.8 858,804,715
079 93 00 4.8 611,502,402
079 93 00 4.8 314,241,174
079 93 00 4.8 114,53,27
079 93 00 4.8 135,442,863
079 93 06 4.7 1212,1375,1384
079 93 07 4.7 1264,1110,942
079 93 04 4.7 828,793,811
079 93 02 4.7 820,796,728
079 93 00 4.7 629,519,407
079 93 00 4.7 303,213,141
079 93 00 4.7 82,21,0
079 93 00 4.7 0,78,412
079 93 03 4.7 821,1121,1227
079 93 07 4.5 1266,1151,998
079 93 05 4.5 848,760,739
079 93 00 4.5 755,755,722
079 93 00 4.5 653,561,450
079 93 00 4.5 340,241,162
079 93 00 4.5 94,34,0
079 93 00 4.5 0,0,18
079 93 03 4.5 324,716,1017
079 93 08 4.3 1135,1208,1083
079 93 05 4.3 917,772,701
079 93 01 4.3 704,732,737
079 93 01 4.3 700,630,534
079 93 00 4.3 427,318,217
079 93 00 4.3 134,64,6
079 93 00 4.3 0,0,0
079 93 00 4.3 140,515,894
079 93 08 4.3 1113,1151,1189
079 93 04 4.3 1057,903,784
079 93 02 4.3 738,748,766
079 93 02 4.3 755,708,631
079 93 00 4.3 528,427,328
079 93 01 4.3 247,177,111
079 93 00 4.3 54,3,46
079 93 01 4.3 276,675,1086
079 93 04 4.8 1335,1405,1365
079 93 06 4.8 1263,1125,997
079 93 05 4.8 926,920,939
079 93 04 4.8 935,897,814
079 93 00 4.8 715,608,516
079 93 00 4.8 433,366,303
079 93 00 4.8 247,194,193
079 93 00 4.8 351,695,1112
079 93 06 4.7 1410,1529,1520
079 93 07 4.7 1263,1141,1009
079 93 06 4.7 920,897,909
079 93 04 4.7 909,872,803
079 93 00 4.7 710,611,515
079 93 00 4.7 437,368,311
079 93 00 4.7 253,199,159
079 93 00 4.7 217,459,842
079 93 04 4.4 1202,1400,1442
079 93 05 4.4 1232,1122,989
079 93 07 4.4 882,846,852
079 93 06 4.4 863,847,798
079 93 00 4.4 716,615,520
079 93 00 4.4 438,371,310
079 93 00 4.4 257,203,157
079 93 00 4.4 152,289,591
079 93 06 4.4 965,1238,1345
078 93 06 4.2 1330,1097,967
078 93 06 4.2 844,776,769
078 93 03 4.2 782,781,741
078 93 01 4.2 669,576,478
078 93 00 4.2 388,315,255
078 93 00 4.2 208,154,102
078 93 00 4.2 59,92,288
078 93 04 4.2 621,970,1177
078 93 07 4.1 1233,1126,1011
078 93 05 4.1 876,769,733
078 93 03 4.1 747,767,761
078 93 02 4.1 712,635,539
078 93 00 4.1 446,363,293
078 93 00 4.1 239,191,148
078 93 00 4.1 95,55,103
078 93 01 4.1 321,654,950
078 93 05 3.6 1086,1078,920
078 93 06 3.6 770,628,550
078 93 00 3.6 547,572,581
078 93 00 3.6 549,488,401
078 93 00 3.6 308,213,140
078 93 00 3.6 77,26,0
078 93 00 3.6 0,0,0
078 93 03 3.6 271,659,991
077 93 02 4.4 1149,1174,1220
077 93 08 4.4 1114,988,891
077 93 07 4.4 862,873,880
077 93 05 4.4 847,784,699
077 93 00 4.4 598,499,414
077 93 00 4.4 353,304,255
077 93 00 4.4 201,151,179
077 93 01 4.4 377,733,1105
077 93 04 4.4 1342,1417,1245
077 93 06 4.4 1160,1033,917
077 93 05 4.4 850,846,854
077 93 03 4.4 838,790,706
077 93 00 4.4 608,510,425
077 93 00 4.4 353,295,242
077 93 00 4.4 195,143,111
077 93 00 4.4 180,421,780
077 93 06 4.2 1105,1282,1322
077 93 07 4.2 1168,1061,936
077 93 06 4.2 835,803,820
077 93 04 4.2 830,808,747
077 93 00 4.2 664,573,485
077 93 00 4.2 411,358,319
077 93 01 4.2 284,244,195
077 93 01 4.2 158,202,405
077 93 05 4.2 730,1032,1191
076 93 04 3.7 1213,986,868
076 93 07 3.7 747,680,676
076 93 06 3.7 703,711,681
076 93 02 3.7 615,532,446
076 93 00 3.7 366,297,242
076 93 00 3.7 195,156,112
076 93 00 3.7 70,75,218
076 93 03 3.7 513,848,1079
076 93 08 3.9 1158,1069,976
076 93 06 3.9 850,750,705
076 93 05 3.9 717,731,719
076 93 03 3.9 672,599,515
076 93 00 3.9 429,355,300
076 93 01 3.9 252,210,164
076 93 00 3.9 134,180,390
076 93 06 3.9 734,1080,1295
076 93 05 4.4 1369,1366,1172
076 93 05 4.4 1076,976,916
076 93 06 4.4 907,909,884
076 93 03 4.4 828,749,658
076 93 00 4.4 572,492,437
076 93 01 4.4 385,339,285
076 93 00 4.4 237,238,378
076 93 04 4.4 668,1014,1266
075 93 07 4.2 1381,1396,1128
075 93 05 4.2 1026,908,817
075 93 04 4.2 789,790,777
075 93 02 4.2 729,653,566
075 93 00 4.2 471,385,311
075 93 00 4.2 256,210,166
075 93 00 4.2 118,73,101
075 93 01 4.2 284,608,939
075 93 06 4.1 1147,1214,1199
075 93 06 4.1 1049,936,835
075 93 05 4.1 791,792,795
075 93 03 4.1 772,711,631
075 93 00 4.1 541,458,387
075 93 01 4.1 332,286,242
075 93 00 4.1 195,150,118
075 93 00 4.1 176,383,687
075 93 05 3.5 952,1081,1089
075 93 04 3.5 902,786,670
075 93 03 3.5 598,587,596
075 93 02 3.5 581,531,456
075 93 00 3.5 370,280,197
075 93 01 3.5 129,72,19
075 93 01 3.5 0,0,0
075 93 00 3.5 0,174,476
074 93 05 3.5 725,841,851
074 93 05 3.5 909,800,683
074 93 03 3.5 613,598,606
074 93 02 3.5 590,541,463
074 93 00 3.5 369,277,197
074 93 01 3.5 126,61,0
074 93 00 3.5 0,0,0
074 93 00 3.5 74,358,636
074 93 05 3.5 799,851,839
074 93 04 3.5 895,797,700
074 93 03 3.5 649,639,626
074 93 02 3.5 588,517,436
074 93 00 3.5 349,260,178
074 93 01 3.5 97,23,0
074 93 00 3.5 0,0,0
074 93 00 3.5 0,231,487
074 93 04 3.1 622,654,837
074 93 07 3.1 762,653,555
074 93 00 3.1 505,492,479
074 93 00 3.1 433,360,267
074 93 01 3.1 167,68,0
074 93 00 3.1 0,0,0
074 93 00 3.1 0,0,0
074 93 00 3.1 0,0,173
074 93 04 2.5 317,351,692
074 93 05 2.5 609,500,413
074 93 00 2.5 372,371,363
074 93 00 2.5 328,264,180
074 93 00 2.5 84,0,0
074 93 00 2.5 0,0,0
074 93 00 2.5 0,0,0
074 93 00 2.5 0,0,42
074 93 04 2.3 175,190,617
074 93 04 2.3 520,402,311
074 93 00 2.3 275,282,278
074 93 00 2.3 246,179,95
074 93 01 2.3 4,0,0
074 93 00 2.3 0,0,0
074 93 00 2.3 0,0,0
074 93 00 2.3 0,0,171
074 93 04 2.4 247,235,643
074 93 04 2.4 555,464,411
074 93 01 2.4 402,411,401
074 93 01 2.4 360,294,211
074 93 00 2.4 130,50,0
074 93 01 2.4 0,0,0
074 93 00 2.4 0,0,0
074 93 03 2.4 220,474,602
074 93 05 3.1 636,901,857
074 93 05 3.1 784,722,693
074 93 03 3.1 696,693,666
074 93 02 3.1 609,529,449
074 93 00 3.1 366,295,224
074 93 01 3.1 155,83,28
074 93 01 3.1 53,230,507
074 93 04 3.1 762,901,939
074 93 05 3.1 901,842,761
074 93 04 3.1 690,661,661
074 93 03 3.1 653,623,560
074 93 00 3.1 483,396,319
074 93 00 3.1 251,189,130
074 93 01 3.1 72,18,0
074 93 00 3.1 54,255,512
074 93 04 2.6 698,758,750
074 93 05 2.6 708,623,539
074 93 03 2.6 497,500,507
074 93 02 2.6 484,432,355
074 93 00 2.6 276,203,134
074 93 01 2.6 71,5,0
074 93 00 2.6 0,0,0
074 93 00 2.6 19,249,437
074 93 05 2.2 513,652,586
074 93 05 2.2 488,403,363
074 93 00 2.2 365,374,356
074 93 00 2.2 312,243,165
074 93 00 2.2 91,20,0
074 93 00 2.2 0,0,0
074 93 00 2.2 0,0,78
074 93 05 2.2 335,518,584
074 93 07 2.7 576,757,678
074 93 07 2.7 601,563,564
074 93 04 2.7 570,546,498
074 93 00 2.7 427,357,278
074 93 00 2.7 207,135,73
074 93 00 2.7 16,0,0
074 93 00 2.7 148,387,622
074 93 07 2.7 747,783,794
074 93 04 2.7 741,665,593
074 93 05 2.7 557,547,531
074 93 01 2.7 489,422,339
074 93 00 2.7 253,173,104
074 93 00 2.7 43,0,0
074 93 00 2.7 0,0,53
074 93 04 2.7 290,484,565
075 93 05 2.3 564,672,607
075 93 05 2.3 527,456,425
075 93 00 2.3 409,389,340
075 93 00 2.3 274,194,110
075 93 00 2.3 32,0,0
075 93 00 2.3 0,0,0
075 93 00 2.3 0,0,0
075 93 05 2.1 189,306,319
075 93 08 2.1 601,529,448
075 93 01 2.1 374,340,332
075 93 00 2.1 327,291,229
075 93 00 2.1 151,78,7
075 93 01 2.1 0,0,0
075 93 00 2.1 0,0,0
075 93 00 2.1 0,0,25
075 93 06 1.9 184,230,550
075 93 06 1.9 478,383,306
075 93 00 1.9 263,258,265
075 93 00 1.9 245,200,125
075 93 00 1.9 53,0,0
075 93 01 1.9 0,0,0
075 93 00 1.9 0,0,0
075 93 01 1.9 0,96,220
076 93 08 1.8 231,516,435
076 93 02 1.8 344,282,263
076 93 00 1.8 274,273,244
076 93 00 1.8 188,124,52
076 93 00 1.8 0,0,0
076 93 00 1.8 0,0,0
076 93 01 1.8 0,0,36
076 92 04 2.0 230,315,299
076 92 07 2.0 538,450,363
076 92 00 2.0 311,306,317
076 92 00 2.0 315,283,228
076 92 00 2.0 158,87,21
076 92 01 2.0 0,0,0
076 92 00 2.0 0,0,0
076 92 01 2.0 0,218,390
076 92 04 2.1 422,614,526
076 92 04 2.1 426,346,314
076 92 00 2.1 325,342,329
076 92 00 2.1 291,228,159
076 92 00 2.1 86,24,0
076 92 01 2.1 0,0,0
076 92 00 2.1 0,0,65
077 92 05 1.9 282,397,388
077 92 06 1.9 515,398,291
077 92 00 1.9 230,224,237
077 92 00 1.9 237,209,158
077 92 00 1.9 96,24,0
077 92 01 1.9 0,0,0
077 92 00 1.9 0,0,0
077 92 02 1.9 0,220,372
077 92 04 2.2 388,642,556
077 92 04 2.2 456,382,349
077 92 00 2.2 366,376,366
077 92 00 2.2 322,261,189
077 92 00 2.2 120,62,4
077 92 01 2.2 0,0,0
077 92 00 2.2 0,236,504
077 92 06 2.5 655,678,765
077 92 06 2.5 705,627,561
077 92 04 2.5 536,555,578
077 92 05 2.5 571,530,468
077 92 00 2.5 409,349,290
077 92 00 2.5 231,184,142
077 92 00 2.5 122,199,417
077 92 07 2.5 696,896,958
078 92 06 2.6 818,763,696
078 92 06 2.6 636,616,640
078 92 08 2.6 669,673,641
078 92 04 2.6 589,528,470
078 92 00 2.6 414,368,322
078 92 00 2.6 280,240,257
078 92 02 2.6 404,659,915
078 92 03 2.6 1058,1090,822
078 92 06 2.6 757,687,651
078 92 08 2.6 664,700,724
078 92 08 2.6 714,678,620
078 92 01 2.6 561,513,472
078 92 00 2.6 434,403,369
078 92 00 2.6 344,363,502
078 92 05 2.6 743,980,1111
078 92 03 2.5 1131,747,671
078 92 07 2.5 598,571,589
078 92 08 2.5 625,634,612
078 92 06 2.5 566,509,451
078 92 00 2.5 392,344,298
078 92 00 2.5 264,229,218
078 92 00 2.5 293,496,756
078 92 04 2.6 954,1026,791
078 92 06 2.6 722,634,573
078 92 08 2.6 563,591,620
078 92 08 2.6 609,568,507
078 92 00 2.6 443,384,327
078 92 00 2.6 280,231,194
078 92 00 2.6 166,218,406
078 92 06 2.6 687,934,1048
078 93 05 2.9 1070,864,795
078 93 07 2.9 711,665,664
078 93 06 2.9 681,677,645
078 93 03 2.9 587,522,456
078 93 00 2.9 389,333,276
078 93 00 2.9 236,200,218
078 93 01 2.9 369,631,906
078 93 06 2.9 1062,1108,893
078 93 06 2.9 834,747,674
078 93 05 2.9 637,639,631
078 93 03 2.9 601,544,469
078 93 00 2.9 394,318,256
078 93 01 2.9 197,142,88
078 93 00 2.9 31,0,0
078 93 00 2.9 0,0,0
078 93 00 2.9 0,0,0
078 93 00 2.9 0,0,0
078 93 00 2.9 0,0,0
078 93 00 2.9 0,0,0
078 93 00 2.9 0,0,0
078 93 00 2.9 0,0,0
078 93 00 2.9 0,0,0
078 93 07 2.9 81,283,333
078 93 06 5.0 1615,1554,1502
078 93 06 5.0 1487,1515,1549
078 93 05 5.0 1549,1517,1457
078 93 06 5.0 1392,1319,1256
078 93 00 5.0 1199,1153,1102
078 93 00 5.0 1048,1000,976
078 93 00 5.0 1058,1275,1557
079 93 05 2.7 1763,1830,824
079 93 07 2.7 742,641,550
079 93 04 2.7 517,522,540
079 93 03 2.7 522,477,409
079 93 00 2.7 336,265,190
079 93 01 2.7 127,63,10
079 93 00 2.7 0,0,159
079 93 03 2.7 465,768,933
079 93 05 3.2 963,969,896
079 93 05 3.2 811,750,740
079 93 04 3.2 763,778,757
079 93 03 3.2 708,640,567
079 93 00 3.2 496,438,390
079 93 00 3.2 345,298,265
079 93 00 3.2 309,502,808
079 93 04 3.2 1094,1249,1279
079 93 04 3.2 980,902,816
079 93 05 3.2 764,766,788
079 93 04 3.2 790,760,706
079 93 02 3.2 638,569,503
079 93 00 3.2 453,408,374
079 93 00 3.2 338,305,317
079 93 01 3.2 463,738,1031
079 93 04 3.1 1210,1257,935
079 93 04 3.1 859,770,700
079 93 04 3.1 684,698,702
079 93 03 3.1 678,621,550
079 93 00 3.1 472,402,348
079 93 00 3.1 304,269,225
079 93 00 3.1 179,136,160
079 93 01 3.1 320,596,864
079 93 04 2.9 1012,1031,848
079 93 04 2.9 752,651,584
079 93 03 2.9 580,602,606
079 93 02 2.9 574,509,434
079 93 00 2.9 353,284,228
079 93 00 2.9 190,156,123
079 93 00 2.9 80,41,13
079 93 00 2.9 78,277,557
079 93 05 2.7 777,856,806
079 93 06 2.7 712,595,507
079 93 02 2.7 478,494,513
079 93 02 2.7 494,443,367
079 93 00 2.7 287,208,145
079 93 01 2.7 93,55,12
079 93 01 2.7 0,0,0
079 93 01 2.7 0,140,433
078 93 07 2.9 681,787,775
078 93 05 2.9 804,697,596
078 93 03 2.9 549,547,568
078 93 03 2.9 558,518,447
078 93 00 2.9 359,273,190
078 93 01 2.9 119,58,0
078 93 00 2.9 0,0,0
078 93 00 2.9 0,129,451
078 93 06 3.3 729,857,864
078 93 07 3.3 962,864,759
078 93 06 3.3 684,650,627
078 93 00 3.3 577,492,381
078 93 00 3.3 257,128,8
078 93 00 3.3 0,0,0
078 93 00 3.3 0,0,0
078 93 00 3.3 0,0,0
078 93 06 3.1 236,443,492
078 93 06 3.1 928,825,695
078 93 02 3.1 562,489,467
078 93 00 3.1 471,453,406
078 93 00 3.1 332,239,144
078 93 00 3.1 51,0,0
078 93 00 3.1 0,0,0
078 93 00 3.1 0,0,0
078 93 03 3.1 119,446,642
078 93 05 3.3 670,976,849
078 93 05 3.3 710,612,582
078 93 00 3.3 596,597,559
078 93 00 3.3 491,406,318
078 93 00 3.3 230,156,97
078 93 00 3.3 49,0,0
078 93 00 3.3 0,0,0
078 93 03 3.3 217,525,736
078 93 05 2.8 780,825,678
078 93 04 2.8 521,416,385
078 93 00 2.8 396,407,380
078 93 00 2.8 324,244,152
078 93 00 2.8 63,0,0
078 93 00 2.8 0,0,0
078 93 00 2.8 0,0,22
078 93 06 2.8 424,771,948
078 93 07 4.0 961,1224,1113
078 93 06 4.0 997,908,879
078 93 06 4.0 881,878,840
078 93 01 4.0 778,692,594
078 93 00 4.0 500,410,342
078 93 00 4.0 274,218,167
078 93 00 4.0 218,460,864
078 93 02 4.0 1261,1494,1562
077 93 06 4.3 1376,1298,1189
077 93 05 4.3 1079,1018,1005
077 93 05 4.3 1005,975,913
077 93 00 4.3 819,723,625
077 93 01 4.3 546,468,400
077 93 00 4.3 332,274,259
077 93 00 4.3 392,714,1130
077 93 05 4.3 1454,1605,1624
077 93 05 4.3 1320,1219,1105
077 93 06 4.3 1021,993,994
077 93 05 4.3 981,939,861
077 93 00 4.3 770,667,577
077 93 00 4.3 495,432,369
077 93 00 4.3 307,251,261
077 93 00 4.3 440,796,1189
077 94 08 4.1 1456,1551,1539
077 94 07 4.1 1213,1095,984
077 94 08 4.1 926,919,929
077 94 07 4.1 914,863,780
077 94 00 4.1 680,581,496
077 94 00 4.1 422,359,300
077 94 00 4.1 245,189,190
077 94 00 4.1 355,698,1086
077 94 05 4.0 1352,1441,1237
077 94 05 4.0 1145,1021,921
077 94 06 4.0 877,888,903
077 94 05 4.0 889,842,766
077 94 00 4.0 676,585,506
077 94 01 4.0 446,398,351
077 94 01 4.0 305,261,244
077 94 00 4.0 332,587,934
077 94 04 3.5 1220,1340,1319
077 94 06 3.5 972,831,719
077 94 04 3.5 675,690,711
077 94 04 3.5 704,665,594
077 94 00 3.5 507,417,339
077 94 01 3.5 275,220,171
077 94 00 3.5 118,66,53
077 94 00 3.5 179,481,861
077 94 07 3.8 1146,1252,1233
077 94 05 3.8 1088,961,850
077 94 06 3.8 805,813,835
077 94 05 3.8 828,781,705
077 94 00 3.8 611,519,438
077 94 01 3.8 369,312,257
077 94 00 3.8 204,153,176
077 94 01 3.8 370,741,1132
076 94 05 4.2 1389,1475,1460
076 94 08 4.2 1234,1124,1022
076 94 06 4.2 975,979,989
076 94 08 4.2 973,917,838
076 94 00 4.2 743,655,575
076 94 01 4.2 510,458,410
076 94 00 4.2 357,302,295
076 94 00 4.2 449,781,1178
076 94 04 4.2 1462,1576,1572
076 94 05 4.2 1219,1110,1005
076 94 06 4.2 949,945,959
076 94 08 4.2 950,907,832
076 94 00 4.2 737,646,561
076 94 01 4.2 498,443,395
076 94 00 4.2 345,289,251
076 94 00 4.2 303,531,887
076 94 04 3.9 1225,1409,1448
076 94 08 3.9 1148,1048,931
076 94 07 3.9 847,826,846
076 94 05 3.9 855,828,761
076 94 01 3.9 682,591,505
076 94 00 3.9 431,377,335
076 94 01 3.9 293,246,203
076 94 01 3.9 168,230,453
076 94 06 3.9 798,1106,1258
075 94 05 3.6 1269,1022,901
075 94 06 3.6 786,731,741
075 94 05 3.6 770,776,740
075 94 02 3.6 674,587,492
075 94 00 3.6 406,333,284
075 94 01 3.6 245,204,157
075 94 00 3.6 105,99,236
075 94 04 3.6 523,866,1092
075 94 05 3.5 1158,1019,901
075 94 05 3.5 769,667,640
075 94 03 3.5 663,688,679
075 94 03 3.5 633,557,471
075 94 00 3.5 377,296,226
075 94 00 3.5 179,132,87
075 94 00 3.5 48,90,306
075 94 06 3.5 669,1033,1254

