176927!20190918_133833!0!0
3.0!3.23!3.15!3.29!3.56!3.56!
94!30!82!601!215
496.8 3.37 46 134

030 70 00 14.0 2496,2207,1953
030 70 00 14.0 1694,1428,1163
030 70 01 14.0 923,707,498
030 70 00 14.0 319,224,647
030 70 03 14.0 2118,4105,5792
030 70 04 16.2 6484,6547,6025
030 70 04 16.2 5507,4906,4379
030 70 04 16.2 3992,3760,3622
030 70 00 16.2 3493,3293,2993
030 70 00 16.2 2610,2214,1860
030 70 00 16.2 1568,1322,1157
030 70 01 16.2 1463,2799,4681
030 70 05 15.3 6311,6952,6956
030 70 04 15.3 5467,4928,4296
030 70 05 15.3 3715,3271,2956
030 70 00 15.3 2706,2440,2114
030 70 00 15.3 1750,1389,1067
030 70 00 15.3 779,527,307
030 70 00 15.3 197,713,2227
030 70 02 15.3 4134,5595,6073
030 70 05 15.6 6012,5440,4885
030 70 07 15.6 4249,3679,3244
030 70 00 15.6 2941,2683,2398
030 70 00 15.6 2051,1683,1324
030 70 00 15.6 1005,718,467
030 70 00 15.6 247,114,511
030 70 02 15.6 1941,3834,5375
082 94 04 15.4 5902,5822,5308
082 94 07 15.4 4730,4069,3436
082 94 02 15.4 2916,2553,2313
082 94 00 15.4 2090,1825,1515
082 94 00 15.4 1194,896,633
082 94 00 15.4 412,207,31
082 94 00 15.4 10,792,2453
082 94 07 15.4 4314,5454,5656
082 94 04 15.0 5393,4849,4191
082 94 07 15.0 3553,3035,2655
082 94 00 15.0 2374,2121,1841
082 94 00 15.0 1523,1196,887
082 94 00 15.0 620,386,176
082 94 00 15.0 0,0,0
082 94 00 15.0 127,1525,3325
082 94 07 14.1 4717,5079,5125
082 94 04 14.1 4574,3914,3280
082 94 02 14.1 2772,2400,2130
082 94 00 14.1 1899,1660,1395
082 94 00 14.1 1128,871,639
082 94 00 14.1 422,221,31
082 94 00 14.1 0,0,0
082 94 00 14.1 0,1075,2777
081 94 07 13.2 4213,4670,4882
081 94 05 13.2 4340,3685,3065
081 94 03 13.2 2573,2211,1935
081 94 00 13.2 1707,1486,1263
081 94 00 13.2 1034,814,598
081 94 01 13.2 401,211,32
081 94 00 13.2 0,0,0
081 94 00 13.2 0,0,1345
081 94 04 12.2 2960,4072,4226
081 94 07 12.2 4347,3747,3128
081 94 03 12.2 2617,2235,1964
081 94 00 12.2 1748,1557,1364
081 94 00 12.2 1165,961,759
081 94 00 12.2 566,379,202
081 94 00 12.2 30,0,0
081 94 00 12.2 0,0,171
081 94 02 12.2 1491,2990,3933
081 94 07 11.3 3983,3978,3388
081 94 06 11.3 2814,2368,2057
081 94 00 11.3 1817,1628,1444
081 94 00 11.3 1268,1085,906
081 94 00 11.3 732,557,389
081 94 00 11.3 222,69,0
081 94 00 11.3 0,0,0
081 94 01 11.3 411,1791,3229
079 94 06 11.0 3990,3906,3776
079 94 08 11.0 3193,2670,2294
079 94 02 11.0 2024,1821,1638
079 94 00 11.0 1464,1286,1102
079 94 00 11.0 929,756,591
079 94 01 11.0 427,263,110
079 94 00 11.0 0,0,0
079 94 00 11.0 0,0,0
079 94 00 11.0 0,0,0
079 94 00 11.0 0,0,0
079 94 00 11.0 0,0,0
079 94 00 11.0 0,0,0
079 94 00 11.0 0,0,0
079 94 00 11.0 0,0,0
079 94 01 11.0 0,0,0
079 94 00 11.0 0,0,0
079 94 08 8.1 362,676,3219
079 94 05 8.1 2850,2544,2322
079 94 07 8.1 2167,2038,1924
079 94 01 8.1 1809,1695,1575
079 94 00 8.1 1449,1316,1184
079 94 00 8.1 1047,922,806
079 94 00 8.1 698,602,584
079 94 01 8.1 883,1810,3087
079 94 08 9.3 4158,4500,3674
079 94 04 9.3 3212,2780,2478
079 94 05 9.3 2263,2102,1962
079 94 00 9.3 1827,1684,1541
079 94 00 9.3 1394,1246,1102
079 94 00 9.3 972,848,730
079 94 00 9.3 654,878,1951
079 94 05 9.3 3643,5247,6017
079 94 06 13.1 6038,5043,4540
079 94 06 13.1 4022,3596,3288
079 94 05 13.1 3072,2899,2719
079 94 00 13.1 2519,2313,2109
079 94 00 13.1 1925,1748,1588
079 94 00 13.1 1424,1276,1198
079 94 00 13.1 1597,3006,4907
079 94 08 13.1 6526,7162,7181
079 94 08 15.0 5679,5203,4681
079 94 06 15.0 4238,3935,3745
079 94 04 15.0 3604,3429,3186
079 94 00 15.0 2891,2588,2310
079 94 00 15.0 2065,1840,1636
079 94 00 15.0 1444,1273,1199
079 94 00 15.0 1716,3192,5025
079 94 05 14.5 6406,6822,5529
079 94 07 14.5 5187,4737,4317
079 94 06 14.5 4030,3902,3860
079 94 05 14.5 3813,3688,3454
079 94 00 14.5 3120,2732,2340
079 94 00 14.5 1999,1712,1474
079 94 00 14.5 1260,1066,953
079 94 00 14.5 1333,2699,4509
079 94 07 14.5 6006,6562,6565
078 94 05 14.9 5334,4899,4431
078 94 07 14.9 4063,3835,3727
078 94 06 14.9 3636,3476,3188
078 94 00 14.9 2785,2334,1898
078 94 00 14.9 1528,1229,973
078 94 00 14.9 746,531,400
078 94 00 14.9 810,2249,4161
078 94 04 14.9 5741,6359,6435
078 94 03 16.1 5831,5437,4945
078 94 05 16.1 4520,4256,4142
078 94 06 16.1 4070,3940,3699
078 94 01 16.1 3339,2882,2402
078 94 00 16.1 1955,1583,1268
078 94 00 16.1 1009,779,567
078 94 00 16.1 375,308,986
078 94 01 16.1 2600,4502,5799
078 94 06 15.8 6178,6115,5518
078 94 03 15.8 5059,4559,4159
078 94 08 15.8 3929,3840,3767
078 94 01 15.8 3593,3262,2832
078 94 00 15.8 2385,1972,1615
078 94 00 15.8 1293,1011,750
078 94 00 15.8 513,295,84
078 94 00 15.8 0,0,0
078 94 00 15.8 0,0,0
078 94 00 15.8 0,0,0
078 94 00 15.8 0,0,0
078 94 00 15.8 0,0,0
078 94 00 15.8 0,0,0
078 94 00 15.8 0,0,0
078 94 00 15.8 0,0,0
078 94 00 15.8 0,0,0
078 94 06 15.8 532,1729,1854
068 94 06 12.7 4654,4071,3574
068 94 05 12.7 3222,2993,2809
068 94 01 12.7 2652,2486,2321
068 94 00 12.7 2145,1963,1777
068 94 00 12.7 1596,1427,1268
068 94 00 12.7 1110,964,831
068 94 00 12.7 800,1323,2777
068 94 04 12.7 4587,5941,6329
068 94 05 13.9 5375,4947,4411
068 94 06 13.9 3893,3497,3216
068 94 02 13.9 3012,2832,2643
068 94 00 13.9 2427,2180,1931
068 94 00 13.9 1700,1499,1309
068 94 00 13.9 1122,950,861
068 94 00 13.9 1307,2765,4661
068 94 04 14.9 6173,6663,6571
068 94 05 14.9 5326,4788,4217
068 94 07 14.9 3749,3429,3222
068 94 00 14.9 3057,2872,2647
068 94 01 14.9 2379,2095,1808
068 94 00 14.9 1556,1333,1133
068 94 01 14.9 937,774,868
068 94 01 14.9 1888,3627,5364
067 94 07 14.5 6214,6274,5219
067 94 08 14.5 4738,4217,3787
067 94 08 14.5 3533,3418,3373
067 94 02 14.5 3294,3136,2883
067 94 00 14.5 2573,2239,1925
067 94 00 14.5 1637,1385,1150
067 94 00 14.5 951,853,1418
067 94 02 14.5 2903,4707,5965
067 94 07 14.6 6294,5285,4885
067 94 07 14.6 4376,3905,3584
067 94 07 14.6 3423,3346,3260
067 94 00 14.6 3092,2817,2442
067 94 01 14.6 2018,1604,1244
067 94 00 14.6 937,669,441
067 94 01 14.6 351,983,2547
067 94 05 14.6 4403,5675,6046
067 94 05 15.4 5982,5352,4915
067 94 05 15.4 4447,4082,3892
067 94 07 15.4 3823,3766,3616
067 94 00 15.4 3337,2948,2491
067 94 00 15.4 2025,1593,1229
067 94 00 15.4 920,679,695
067 94 00 15.4 1700,3459,5297
067 94 05 16.2 6276,6521,5801
067 94 05 16.2 5485,5026,4568
067 94 08 16.2 4245,4099,4055
067 94 08 16.2 3997,3839,3540
067 94 00 16.2 3117,2642,2192
067 94 00 16.2 1816,1500,1215
067 94 00 16.2 948,728,834
067 94 00 16.2 1928,3671,5364
067 94 08 15.5 6142,6233,5299
067 94 05 15.5 4871,4344,3865
067 94 05 15.5 3578,3498,3510
067 94 02 15.5 3480,3329,3055
067 94 00 15.5 2673,2231,1783
067 94 01 15.5 1373,1006,677
067 94 00 15.5 387,130,0
067 94 00 15.5 279,1582,3342
067 94 05 14.7 4759,5204,5129
067 94 07 14.7 4746,4227,3685
067 94 04 14.7 3256,3015,2918
067 94 01 14.7 2858,2731,2486
067 94 00 14.7 2132,1700,1244
067 94 00 14.7 816,437,119
067 94 00 14.7 0,0,0
067 94 00 14.7 0,1439,3244
067 94 06 14.8 4530,4858,5222
067 94 07 14.8 4809,4247,3659
067 94 05 14.8 3192,2912,2784
067 94 00 14.8 2704,2567,2322
067 94 00 14.8 1983,1593,1199
067 94 00 14.8 836,514,229
067 94 00 14.8 0,0,0
067 94 00 14.8 955,2736,4461
067 95 05 15.3 5243,5281,5246
067 95 05 15.3 4760,4178,3637
067 95 04 15.3 3242,3023,2919
067 95 00 15.3 2815,2605,2268
067 95 00 15.3 1858,1445,1072
067 95 00 15.3 748,467,211
067 95 00 15.3 0,0,0
067 95 00 15.3 640,2332,4117
067 95 05 14.8 5075,5144,5088
067 95 08 14.8 4537,3902,3352
067 95 02 14.8 2994,2828,2756
067 95 00 14.8 2655,2466,2190
067 95 00 14.8 1882,1570,1272
067 95 00 14.8 992,734,488
067 95 00 14.8 267,60,0
067 95 00 14.8 95,1207,2871
067 95 06 13.5 4360,4883,4774
067 95 06 13.5 4251,3615,3024
067 95 03 13.5 2585,2309,2143
067 95 00 13.5 2010,1855,1643
067 95 00 13.5 1381,1086,787
067 95 00 13.5 508,257,23
067 95 00 13.5 0,0,0
067 95 00 13.5 120,1646,3448
067 95 07 14.4 4662,4894,5108
067 95 08 14.4 4597,3985,3411
067 95 04 14.4 2980,2708,2551
067 95 00 14.4 2433,2266,2017
067 95 00 14.4 1714,1391,1087
067 95 00 14.4 805,563,344
067 95 00 14.4 143,5,346
067 95 03 14.4 1720,3568,5089
067 95 02 14.9 5571,5437,5012
067 95 06 14.9 4436,3845,3375
067 95 01 14.9 3081,2933,2836
067 95 00 14.9 2709,2494,2200
067 95 00 14.9 1866,1528,1223
067 95 00 14.9 950,711,491
067 95 00 14.9 299,192,702
067 95 03 14.9 2189,4018,5325
067 95 06 14.6 5621,5204,4741
067 95 06 14.6 4164,3604,3188
067 95 01 14.6 2954,2856,2786
067 95 00 14.6 2650,2414,2099
067 95 00 14.6 1753,1417,1112
067 95 00 14.6 838,593,374
067 95 00 14.6 179,37,303
067 95 00 14.6 1536,3253,4692
067 95 08 13.7 5133,4898,4417
067 95 07 13.7 3830,3296,2925
067 95 01 13.7 2730,2646,2581
067 95 00 13.7 2466,2258,1980
067 95 01 13.7 1654,1321,998
067 95 00 13.7 710,462,246
067 95 00 13.7 52,0,81
067 95 02 13.7 1240,2969,4540
067 95 04 14.2 5141,5071,4793
067 95 05 14.2 4248,3679,3230
067 95 02 14.2 2962,2845,2782
067 95 00 14.2 2683,2484,2193
067 95 00 14.2 1836,1469,1124
067 95 00 14.2 834,581,362
067 95 01 14.2 180,235,1224
067 95 06 14.2 2944,4689,5547
067 95 07 14.8 5632,5238,4805
067 95 07 14.8 4279,3786,3457
067 95 03 14.8 3305,3251,3178
067 95 00 14.8 3009,2728,2365
067 95 00 14.8 1966,1586,1246
067 95 00 14.8 949,685,453
067 95 00 14.8 267,340,1371
067 95 05 14.8 3113,4856,5688
067 95 07 15.0 5766,5283,4854
067 95 08 15.0 4346,3879,3568
067 95 03 15.0 3420,3370,3301
067 95 00 15.0 3136,2848,2474
067 95 00 15.0 2067,1678,1332
067 95 00 15.0 1028,754,505
067 95 00 15.0 283,117,334
067 95 01 15.0 1547,3306,4855
067 95 07 14.5 5411,5320,4831
067 95 06 14.5 4315,3798,3420
067 95 03 14.5 3235,3192,3181
067 95 01 14.5 3098,2905,2613
067 95 01 14.5 2257,1874,1491
067 95 00 14.5 1140,833,567
067 95 01 14.5 331,121,0
067 95 00 14.5 326,1640,3406
067 95 05 14.4 4834,5292,5196
067 95 04 14.4 4825,4316,3791
067 95 05 14.4 3409,3217,3164
067 95 01 14.4 3135,3035,2832
067 95 00 14.4 2519,2139,1734
067 95 00 14.4 1351,1004,701
067 95 01 14.4 439,220,62
067 95 01 14.4 336,1607,3402
067 95 05 15.0 4941,5518,5508
067 95 06 15.0 5168,4720,4196
067 95 06 15.0 3752,3476,3357
067 95 00 15.0 3301,3201,3007
067 95 00 15.0 2703,2327,1914
067 95 00 15.0 1508,1142,825
067 95 00 15.0 552,312,103
067 95 00 15.0 0,444,1898
067 95 04 15.0 3754,5177,5612
067 95 06 15.3 5537,5242,4798
067 95 05 15.3 4324,3948,3740
067 95 06 15.3 3651,3596,3475
067 95 00 15.3 3238,2879,2430
067 95 01 15.3 1947,1486,1102
067 95 00 15.3 798,551,332
067 95 01 15.3 121,0,0
067 95 00 15.3 841,2488,4235
075 95 05 14.7 5177,5328,5209
075 95 08 14.7 4792,4277,3808
075 95 08 14.7 3493,3347,3279
075 95 00 14.7 3187,2988,2669
075 95 00 14.7 2258,1813,1397
075 95 00 14.7 1051,764,517
075 95 00 14.7 300,99,0
075 95 00 14.7 0,0,617
075 95 02 14.7 2198,3860,4755
075 95 08 13.9 4850,4866,4395
075 95 03 13.9 3862,3397,3087
075 95 02 13.9 2923,2822,2698
075 95 00 13.9 2497,2224,1892
075 95 00 13.9 1549,1233,961
075 95 00 13.9 734,531,351
075 95 00 13.9 172,0,0
075 95 00 13.9 7,981,2511
075 95 05 12.8 3958,4599,4579
075 95 05 12.8 4402,3935,3463
075 95 05 12.8 3092,2861,2732
075 95 00 12.8 2635,2500,2293
075 95 00 12.8 2007,1676,1344
075 95 00 12.8 1045,789,556
075 95 00 12.8 342,146,55
075 95 00 12.8 538,1920,3612
075 95 07 13.7 4846,5175,4975
075 95 04 13.7 4594,4094,3584
075 95 07 13.7 3182,2919,2751
075 95 00 13.7 2596,2385,2091
075 95 00 13.7 1729,1356,1014
075 95 00 13.7 719,465,240
075 95 00 13.7 36,0,98
075 95 03 13.7 1324,3097,4728
075 95 06 15.2 5429,5538,5501
075 95 05 15.2 5159,4742,4347
075 95 06 15.2 4065,3882,3734
075 95 02 15.2 3539,3244,2848
075 95 00 15.2 2404,1978,1610
075 95 00 15.2 1302,1029,783
075 95 00 15.2 579,614,1607
075 95 03 15.2 3342,5150,6100
075 95 06 15.7 6317,5677,5408
075 95 07 15.7 5022,4639,4349
075 95 05 15.7 4217,4161,4096
075 95 06 15.7 3933,3654,3260
075 95 00 15.7 2780,2290,1824
075 95 00 15.7 1430,1087,823
075 95 00 15.7 754,1543,3136
075 95 04 15.7 4899,5948,6237
074 95 06 15.3 6184,5220,4864
074 95 05 15.3 4462,4121,3922
074 95 07 15.3 3842,3778,3646
074 95 01 15.3 3426,3130,2744
074 95 00 15.3 2322,1887,1477
074 95 00 15.3 1100,777,554
074 95 00 15.3 833,2096,3813
074 95 06 15.3 5230,5733,5742
074 95 06 14.7 4990,4628,4174
074 95 06 14.7 3749,3486,3411
074 95 02 14.7 3437,3426,3301
074 95 00 14.7 3050,2712,2334
074 95 00 14.7 1946,1569,1193
074 95 00 14.7 825,470,222
074 95 00 14.7 627,1951,3627
074 95 06 13.9 4809,5131,4798
074 95 04 13.9 4495,4076,3631
074 95 06 13.9 3297,3133,3101
074 95 00 13.9 3095,3026,2844
074 95 00 13.9 2532,2151,1743
074 95 00 13.9 1354,976,618
074 95 00 13.9 283,5,70
074 95 00 13.9 1097,2752,4288
074 95 07 14.2 4939,4944,4747
074 95 06 14.2 4334,3839,3391
074 95 04 14.2 3115,3016,3012
074 95 00 14.2 2978,2843,2583
074 95 00 14.2 2227,1805,1368
074 95 00 14.2 946,556,202
074 95 00 14.2 0,0,58
074 95 02 14.2 1415,3176,4479
074 95 07 14.3 4810,4951,4567
074 95 08 14.3 4038,3478,3040
074 95 01 14.3 2819,2771,2780
074 95 00 14.3 2731,2564,2280
074 95 00 14.3 1917,1516,1118
074 95 00 14.3 750,415,121
074 95 00 14.3 0,0,113
074 95 02 14.3 1504,3268,4548
074 95 08 14.2 4823,4873,4399
074 95 03 14.2 3798,3191,2734
074 95 01 14.2 2490,2407,2371
074 95 00 14.2 2276,2069,1761
074 95 00 14.2 1383,997,638
074 95 00 14.2 319,33,0
074 95 00 14.2 0,0,659
074 95 06 14.2 2468,4250,5074
075 95 08 15.4 5093,5294,4842
075 95 07 15.4 4282,3743,3350
075 95 01 15.4 3150,3087,3041
075 95 00 15.4 2900,2626,2244
075 95 00 15.4 1817,1407,1041
075 95 00 15.4 727,438,191
075 95 00 15.4 36,481,1972
075 95 04 15.4 3874,5293,5660
075 95 06 15.4 5463,5086,4578
075 95 03 15.4 4026,3570,3298
075 95 00 15.4 3199,3178,3105
075 95 00 15.4 2913,2593,2187
075 95 01 15.4 1752,1334,971
075 95 00 15.4 658,382,128
075 95 01 15.4 0,157,1426
075 95 04 15.4 3266,4860,5414
075 95 05 15.0 5372,4988,4466
075 95 04 15.0 3912,3473,3225
075 95 00 15.0 3154,3154,3108
075 95 00 15.0 2945,2672,2326
075 95 00 15.0 1937,1548,1193
075 95 00 15.0 893,629,396
075 95 00 15.0 192,130,811
075 95 02 15.0 2369,4127,5175
074 95 07 14.3 5284,4837,4326
074 95 08 14.3 3767,3303,3034
074 95 00 14.3 2931,2905,2849
074 95 00 14.3 2714,2482,2153
074 95 00 14.3 1762,1349,968
074 95 00 14.3 637,357,109
074 95 00 14.3 0,25,1160
074 95 02 14.3 2958,4684,5434
074 95 07 15.4 5475,5331,4916
074 95 06 15.4 4432,4014,3758
074 95 04 15.4 3673,3667,3630
074 95 02 15.4 3477,3202,2824
074 95 00 15.4 2373,1911,1492
074 95 00 15.4 1143,840,583
074 95 00 15.4 466,1143,2753
074 95 04 15.4 4630,5838,6140
074 95 05 15.7 5580,5284,4852
074 95 06 15.7 4391,4049,3903
074 95 07 15.7 3898,3903,3807
074 95 02 15.7 3568,3209,2763
074 95 00 15.7 2280,1805,1385
074 95 00 15.7 1025,717,451
074 95 00 15.7 279,696,2134
074 95 06 15.7 4001,5432,5884
074 95 06 15.7 5819,5258,4826
074 95 05 15.7 4356,3985,3805
074 95 05 15.7 3775,3772,3690
074 95 01 15.7 3477,3151,2749
074 95 00 15.7 2305,1867,1457
074 95 00 15.7 1096,773,492
074 95 01 15.7 248,91,471
074 95 02 15.7 1834,3639,5042
074 95 05 15.0 5463,5242,4879
074 95 05 15.0 4407,3958,3665
074 95 06 15.0 3568,3577,3573
074 95 03 15.0 3479,3255,2938
074 95 02 15.0 2542,2112,1668
074 95 00 15.0 1251,883,568
074 95 01 15.0 291,67,67
074 95 01 15.0 995,2676,4437
074 95 04 15.4 5355,5510,5331
074 95 05 15.4 4977,4524,4097
074 95 04 15.4 3821,3730,3726
074 95 04 15.4 3700,3557,3294
074 95 00 15.4 2923,2482,2001
074 95 01 15.4 1523,1092,730
074 95 00 15.4 427,168,71
074 95 00 15.4 817,2463,4339
074 95 04 16.1 5503,5802,5659
074 95 07 16.1 5370,4926,4442
074 95 05 16.1 4081,3931,3922
074 95 06 16.1 3909,3797,3545
074 95 00 16.1 3191,2761,2300
074 95 00 16.1 1841,1415,1036
074 95 00 16.1 696,387,124
074 95 00 16.1 87,996,2700
074 95 06 16.1 4489,5438,5619
074 95 06 15.7 5454,5148,4699
074 95 04 15.7 4227,3886,3744
074 95 03 15.7 3724,3693,3552
074 95 00 15.7 3283,2905,2459
074 95 01 15.7 1990,1538,1128
074 95 01 15.7 774,476,221
074 95 00 15.7 0,0,0
074 95 00 15.7 841,2564,4304
074 95 03 15.4 5156,5241,5246
074 95 04 15.4 4837,4376,3994
074 95 04 15.4 3789,3734,3718
074 95 04 15.4 3638,3414,3041
074 95 01 15.4 2553,2046,1587
074 95 01 15.4 1205,887,614
074 95 01 15.4 371,146,0
074 95 00 15.4 0,930,2611
074 95 03 15.4 4368,5272,5422
074 95 04 15.3 5315,4936,4428
074 95 05 15.3 3908,3511,3290
074 95 00 15.3 3193,3096,2908
074 95 00 15.3 2586,2154,1679
074 95 00 15.3 1233,854,542
074 95 01 15.3 268,22,0
074 95 00 15.3 0,52,1501
074 95 05 15.3 3385,4882,5400
074 95 04 16.0 5395,5505,5090
074 95 05 16.0 4613,4220,3984
074 95 04 16.0 3888,3829,3704
074 95 01 16.0 3437,3034,2544
074 95 01 16.0 2037,1575,1186
074 95 01 16.0 872,594,354
074 95 00 16.0 126,0,141
074 95 00 16.0 1371,3191,4858
074 95 03 15.6 5541,5588,5420
074 95 05 15.6 5003,4489,4024
074 95 06 15.6 3738,3624,3574
074 95 00 15.6 3469,3245,2906
074 95 00 15.6 2496,2047,1604
074 95 00 15.6 1208,887,626
074 95 01 15.6 394,188,11
074 95 00 15.6 0,602,2068
074 95 03 15.6 3743,4801,4974
074 95 05 13.8 4753,4270,3725
074 95 05 13.8 3251,2930,2740
074 95 00 13.8 2609,2452,2216
074 95 00 13.8 1887,1507,1125
074 95 00 13.8 788,500,245
074 95 00 13.8 11,0,0
074 95 00 13.8 0,204,1743
074 95 05 13.8 3512,4655,4895
074 95 04 14.5 5168,4758,4223
074 95 04 14.5 3685,3266,3002
074 95 01 14.5 2842,2681,2444
074 95 00 14.5 2115,1743,1380
074 95 00 14.5 1060,773,514
074 95 01 14.5 274,56,0
074 95 01 14.5 0,914,2637
074 95 04 14.5 4416,5337,5492
074 95 06 15.3 5463,5091,4616
074 95 04 15.3 4145,3787,3570
074 95 02 15.3 3441,3289,3040
074 95 00 15.3 2676,2246,1820
074 95 00 15.3 1444,1123,844
074 95 00 15.3 592,370,237
074 95 00 15.3 703,2191,4072
074 95 07 15.5 5494,5927,5870
074 95 07 15.5 5351,4908,4402
074 95 07 15.5 3971,3702,3567
074 95 00 15.5 3464,3294,2991

