177628!20190930_124124!0!0
2.48!2.49!2.43!2.5!2.52!2.51!
98!65!70!0!531
426.6 2.49 46 60

069 98 00 2.4 0,19,204
069 98 04 2.2 311,356,357
069 98 04 2.2 656,605,559
069 98 04 2.2 536,525,511
069 98 02 2.2 490,465,433
069 98 01 2.2 397,358,317
069 98 00 2.2 278,233,192
069 98 00 2.2 151,111,73
069 98 00 2.2 31,0,0
069 98 00 2.2 0,82,273
069 98 04 2.2 452,559,605
069 98 03 2.1 610,636,593
069 98 04 2.1 548,524,506
069 98 03 2.1 490,466,436
069 98 01 2.1 397,354,304
069 98 00 2.1 260,218,179
069 98 00 2.1 139,100,58
069 98 00 2.1 21,0,0
069 98 00 2.1 0,36,216
069 98 03 2.1 409,537,601
069 98 03 2.2 618,669,625
069 98 04 2.2 578,548,526
069 98 03 2.2 510,487,460
069 98 02 2.2 430,390,341
069 98 00 2.2 291,246,207
069 98 00 2.2 170,129,93
069 98 00 2.2 54,15,0
069 98 00 2.2 0,127,351
069 98 03 2.2 585,750,856
069 98 06 3.0 907,912,908
069 98 03 3.0 866,832,816
069 98 04 3.0 801,783,753
069 98 03 3.0 718,677,640
069 98 01 3.0 598,552,507
069 98 00 3.0 469,436,402
069 98 00 3.0 365,320,281
069 98 00 3.0 310,458,687
069 98 04 3.0 909,1064,1161
069 98 06 2.9 1197,905,854
069 98 04 2.9 799,760,738
069 98 04 2.9 721,693,653
069 98 02 2.9 602,550,495
069 98 00 2.9 447,394,345
069 98 00 2.9 295,249,209
069 98 00 2.9 170,129,121
069 98 00 2.9 221,420,657
069 98 05 2.9 830,931,970
069 98 05 2.7 961,800,743
069 98 07 2.7 703,684,672
069 98 04 2.7 644,607,558
069 98 00 2.7 511,457,403
069 98 00 2.7 349,302,263
069 98 00 2.7 229,191,155
069 98 00 2.7 111,97,169
069 98 02 2.7 341,557,731
069 98 07 2.5 836,878,770
069 98 04 2.5 723,664,617
069 98 07 2.5 588,567,541
069 98 01 2.5 505,458,407
069 98 00 2.5 348,293,237
069 98 00 2.5 191,139,96
069 98 01 2.5 51,11,0
069 98 00 2.5 0,91,301
069 98 07 2.5 525,680,760
069 98 08 2.6 780,795,741
069 98 07 2.6 687,643,612
069 98 05 2.6 583,546,504
069 98 00 2.6 455,406,350
069 98 00 2.6 293,237,181
069 98 01 2.6 126,76,29
069 98 00 2.6 0,0,0
069 98 00 2.6 3,189,407
069 98 06 2.4 564,638,659
069 98 05 2.4 716,662,600
069 98 05 2.4 548,515,478
069 98 01 2.4 443,392,342
069 98 00 2.4 286,230,171
069 98 00 2.4 116,62,12
069 98 01 2.4 0,0,0
069 98 00 2.4 0,0,0
069 98 00 2.4 0,120,313
070 98 05 2.2 422,470,468
070 98 07 2.2 663,604,548
070 98 04 2.2 505,479,451
070 98 01 2.2 418,376,327
070 98 00 2.2 277,228,177
070 98 00 2.2 127,74,23
070 98 01 2.2 0,0,0
070 98 01 2.2 0,0,0
070 98 00 2.2 0,126,305
070 98 04 2.0 400,429,629
070 98 06 2.0 586,532,482
070 98 03 2.0 448,430,409
070 98 01 2.0 387,346,302
070 98 00 2.0 250,202,155
070 98 00 2.0 113,70,30
070 98 00 2.0 0,0,0
070 98 01 2.0 0,0,0
070 98 00 2.0 0,175,348
070 98 05 2.0 437,468,633
070 98 07 2.0 593,540,499
070 98 04 2.0 479,466,450
070 98 02 2.0 423,389,345
070 98 00 2.0 301,255,214
070 98 00 2.0 171,130,92
070 98 00 2.0 52,18,0
070 98 00 2.0 0,0,29
070 98 03 2.0 210,411,536
070 98 05 2.1 590,596,643
070 98 06 2.1 590,534,496
070 98 03 2.1 482,469,446
070 98 01 2.1 408,368,322
070 98 00 2.1 281,236,198
070 98 00 2.1 154,113,71
070 98 00 2.1 35,0,0
070 98 00 2.1 0,0,72
070 98 04 2.1 272,476,600
070 98 07 2.3 658,666,711
070 98 05 2.3 661,612,581
070 98 04 2.3 568,557,531
070 98 02 2.3 501,463,426
070 98 01 2.3 382,339,302
070 98 00 2.3 267,226,184
070 98 00 2.3 144,110,74
070 98 00 2.3 39,28,122
070 98 02 2.3 305,521,672
070 98 04 2.3 747,770,731
070 98 04 2.3 692,643,611
070 98 04 2.3 594,587,574
070 98 03 2.3 554,520,482
070 98 01 2.3 438,401,362
070 98 00 2.3 328,292,257
070 98 00 2.3 222,188,153
070 98 00 2.3 117,81,88
070 98 00 2.3 204,397,604
070 98 04 2.3 733,800,811
070 98 03 2.3 712,666,624
070 98 04 2.3 601,592,585
070 98 03 2.3 568,541,506
070 98 02 2.3 467,428,390
070 98 00 2.3 353,318,287
070 98 00 2.3 252,215,174
070 98 00 2.3 140,101,64
070 98 00 2.3 56,151,339
070 98 04 2.3 560,710,792
070 98 04 2.4 814,748,709
070 98 05 2.4 668,648,642
070 98 04 2.4 637,627,603
070 98 02 2.4 572,532,494
070 98 01 2.4 455,423,392
070 98 00 2.4 363,333,306
070 98 00 2.4 276,243,203
070 98 00 2.4 170,187,309
070 98 04 2.4 509,706,832
070 98 04 2.3 891,903,713
070 98 04 2.3 667,632,615
070 98 04 2.3 611,600,581
070 98 03 2.3 555,521,480
070 98 01 2.3 435,394,355
070 98 00 2.3 323,289,257
070 98 00 2.3 220,188,151
070 98 00 2.3 113,95,169
070 98 02 2.3 355,605,817
070 98 04 2.3 956,1030,1054
067 98 05 3.0 939,905,874
067 98 05 3.0 864,859,855
067 98 04 3.0 839,810,774
067 98 02 3.0 734,694,655
067 98 01 3.0 618,584,544
067 98 00 3.0 510,477,445
067 98 00 3.0 409,369,375
067 98 01 3.0 482,696,941
067 98 04 3.0 1132,1247,1302
067 98 05 3.0 1306,913,871
067 98 04 3.0 844,838,831
067 98 05 3.0 818,789,752
067 98 02 3.0 703,653,602
067 98 00 3.0 558,517,478
067 98 00 3.0 444,406,371
067 98 00 3.0 327,281,244
067 98 00 3.0 279,429,653
067 98 04 3.0 860,991,1058
067 98 05 2.7 1073,802,749
067 98 06 2.7 706,682,668
067 98 05 2.7 648,622,583
067 98 01 2.7 543,496,446
067 98 00 2.7 395,348,311
067 98 00 2.7 270,229,186
067 98 00 2.7 150,110,66
067 98 00 2.7 56,148,336
067 98 05 2.7 546,693,764
067 98 06 2.3 778,702,649
067 98 05 2.3 601,572,559
067 98 03 2.3 548,524,489
067 98 02 2.3 446,396,345
067 98 00 2.3 297,251,210
067 98 00 2.3 167,129,87
067 98 00 2.3 49,4,0
067 98 01 2.3 0,45,235
067 98 04 2.3 457,611,693
067 98 04 2.5 716,755,710
067 98 07 2.5 655,619,601
067 98 04 2.5 590,567,529
067 98 01 2.5 478,425,374
067 98 00 2.5 327,283,236
067 98 00 2.5 196,151,113
067 98 00 2.5 74,32,0
067 98 02 2.5 0,0,101
067 98 04 2.5 317,521,650
067 98 07 2.5 710,716,746
067 98 05 2.5 694,650,619
067 98 07 2.5 602,578,548
067 98 01 2.5 504,454,403
067 98 00 2.5 355,309,264
067 98 00 2.5 220,176,131
067 98 00 2.5 89,51,9
067 98 01 2.5 0,0,0
067 98 00 2.5 31,227,436
066 98 06 2.4 575,640,655
066 98 05 2.4 720,674,627
066 98 06 2.4 598,585,566
066 98 03 2.4 542,501,461
066 98 00 2.4 410,364,316
066 98 00 2.4 274,234,188
066 98 00 2.4 141,93,51
066 98 02 2.4 13,0,0
066 98 02 2.4 0,0,139
066 98 05 2.4 356,524,617
066 98 06 2.4 654,747,703
066 98 05 2.4 653,612,594
066 98 03 2.4 579,564,532
066 98 02 2.4 499,455,409
066 98 00 2.4 360,316,277
066 98 00 2.4 234,191,153
066 98 00 2.4 119,83,41
066 98 01 2.4 0,0,60
066 98 02 2.4 232,437,584
066 98 04 2.2 659,671,672
066 98 05 2.2 624,580,550
066 98 03 2.2 541,536,516
066 98 02 2.2 482,445,405
066 98 01 2.2 365,318,280
066 98 00 2.2 239,201,160
066 98 00 2.2 117,78,39
066 98 00 2.2 1,0,66
066 98 02 2.2 249,480,669
066 98 05 2.7 781,833,838
066 98 05 2.7 825,778,738
066 98 07 2.7 718,707,692
066 98 04 2.7 667,632,591
066 98 01 2.7 545,501,459
066 98 00 2.7 416,375,332
066 98 00 2.7 296,261,224
066 98 00 2.7 180,137,147
066 98 00 2.7 264,483,723
066 98 07 2.7 893,989,1026
066 98 07 2.9 1026,857,817
066 98 07 2.9 784,769,752
066 98 05 2.9 732,698,653
066 98 01 2.9 601,551,507
066 98 00 2.9 464,419,370
066 98 00 2.9 329,285,248
066 98 00 2.9 202,160,108
066 98 01 2.9 105,208,418
066 98 05 2.9 644,799,877
066 98 07 2.6 900,783,732
066 98 07 2.6 680,643,624
066 98 06 2.6 603,573,530
066 98 00 2.6 484,430,378
066 98 00 2.6 326,281,233
066 98 00 2.6 186,140,97
066 98 01 2.6 56,14,0
066 98 00 2.6 0,0,0
066 98 02 2.6 139,348,501
065 98 07 2.3 576,594,680
065 98 07 2.3 630,574,534
065 98 03 2.3 513,495,472
065 98 01 2.3 438,395,350
065 98 00 2.3 299,253,208
065 98 00 2.3 168,125,85
065 98 00 2.3 48,12,0
065 98 00 2.3 0,0,0
065 98 00 2.3 6,184,360
065 98 04 1.9 464,495,593
065 98 08 1.9 550,500,458
065 98 03 1.9 433,421,408
065 98 02 1.9 386,350,303
065 98 00 1.9 258,215,178
065 98 00 1.9 140,97,62
065 98 00 1.9 23,0,0
065 98 00 1.9 0,0,0
065 98 00 1.9 0,139,361
065 98 06 1.9 530,619,653
065 98 07 2.5 652,759,721
065 98 06 2.5 689,678,671
065 98 08 2.5 657,632,602
065 98 02 2.5 563,521,478
065 98 00 2.5 442,409,372
065 98 00 2.5 335,302,266
065 98 00 2.5 229,191,160
065 98 00 2.5 187,318,534
065 98 06 2.5 747,890,967
065 98 08 2.7 1001,832,799
065 98 05 2.7 758,736,724
065 98 08 2.7 715,699,673
065 98 04 2.7 639,601,559
065 98 00 2.7 516,476,435
065 98 00 2.7 395,353,318
065 98 00 2.7 283,247,204
065 98 00 2.7 171,213,364
065 98 04 2.7 587,784,905
065 98 08 2.5 957,962,759
065 98 05 2.5 712,674,656
065 98 08 2.5 651,637,610
065 98 04 2.5 568,523,475
065 98 00 2.5 429,385,342
065 98 00 2.5 298,258,222
065 98 00 2.5 187,150,106
065 98 00 2.5 62,33,95
065 98 02 2.5 256,468,631
065 98 07 2.3 716,741,696
065 98 05 2.3 653,603,569
065 98 05 2.3 558,548,529
065 98 03 2.3 495,457,411
065 98 00 2.3 364,317,272
065 98 00 2.3 230,190,155
065 98 00 2.3 116,82,41
065 98 00 2.3 0,0,0
065 98 01 2.3 141,357,548
065 98 06 2.4 662,712,709
065 98 05 2.4 713,660,626
065 98 04 2.4 605,597,575
065 98 03 2.4 546,506,461
065 98 01 2.4 414,370,328
065 98 00 2.4 288,245,203
065 98 00 2.4 165,128,91
065 98 00 2.4 52,11,0
065 98 00 2.4 70,252,496
065 98 05 2.4 682,796,841
065 98 05 2.8 847,828,788
065 98 07 2.8 751,734,722
065 98 06 2.8 710,686,651
065 98 02 2.8 604,553,505
065 98 00 2.8 459,419,377
065 98 00 2.8 341,302,265
065 98 00 2.8 227,187,145
065 98 00 2.8 122,199,384
065 98 05 2.8 622,813,922
065 98 08 2.8 974,977,824
065 98 05 2.8 778,749,737
065 98 07 2.8 732,716,687
065 98 03 2.8 648,599,553
065 98 00 2.8 505,457,410
065 98 00 2.8 363,322,280
065 98 00 2.8 245,206,164
065 98 00 2.8 116,87,156
065 98 02 2.8 335,574,769
065 98 07 2.7 882,928,928
065 98 05 2.7 802,756,717
065 98 07 2.7 702,692,681
065 98 04 2.7 655,619,574
065 98 00 2.7 526,485,439
065 98 00 2.7 393,348,308
065 98 00 2.7 275,238,200
065 98 00 2.7 159,120,140
065 98 00 2.7 269,484,696
065 98 06 2.5 827,887,894
065 98 06 2.5 744,692,649
065 98 08 2.5 629,622,609
065 98 05 2.5 584,550,508
065 98 00 2.5 468,422,379
065 98 00 2.5 334,291,253
065 98 00 2.5 212,175,131
065 98 00 2.5 87,55,105
065 98 02 2.5 273,519,750
065 98 02 3.1 900,982,1006
065 98 06 3.1 931,884,840
065 98 08 3.1 822,812,799
065 98 05 3.1 771,734,690
065 98 01 3.1 642,592,543
065 98 00 3.1 499,457,413
065 98 00 3.1 370,327,284
065 98 01 3.1 232,188,201
065 98 00 3.1 336,569,811
065 98 07 3.1 974,1063,1093
065 98 07 3.0 901,856,807
065 98 08 3.0 774,761,747
065 98 05 3.0 723,681,636
065 98 01 3.0 583,529,476
065 98 00 3.0 426,383,337
065 98 00 3.0 293,248,203
065 98 01 3.0 155,99,68
065 98 00 3.0 131,309,536
065 98 05 3.0 718,818,856
065 98 06 2.6 778,734,678
065 98 08 2.6 635,617,605
065 98 05 2.6 581,542,494
065 98 00 2.6 444,391,341
065 98 00 2.6 294,250,206
065 98 00 2.6 166,124,81
065 98 01 2.6 30,0,0
065 98 00 2.6 67,261,467
065 98 07 2.3 605,661,671
065 98 06 2.3 676,626,578
065 98 05 2.3 557,547,539
065 98 03 2.3 517,482,435
065 98 00 2.3 385,337,296
065 98 00 2.3 255,218,177
065 98 00 2.3 139,100,62
065 98 00 2.3 17,23,137
065 98 04 2.3 348,564,705
065 98 07 2.5 772,785,752
065 98 06 2.5 700,654,629
065 98 08 2.5 621,605,581
065 98 03 2.5 542,498,448
065 98 00 2.5 403,357,312
065 98 00 2.5 268,228,194
065 98 00 2.5 155,118,68
065 98 00 2.5 50,129,326
065 98 06 2.5 570,761,868
065 98 08 2.8 914,911,825
065 98 03 2.8 777,744,732
065 98 08 2.8 716,695,659
065 98 03 2.8 621,576,528
065 98 00 2.8 482,434,391
065 98 00 2.8 348,306,269
065 98 00 2.8 228,186,138
065 98 00 2.8 136,244,454
065 98 07 2.8 681,836,908
065 99 08 2.6 925,770,718
065 99 06 2.6 664,631,615
065 99 07 2.6 599,574,534
065 99 00 2.6 485,431,378
065 99 00 2.6 327,278,231
065 99 00 2.6 185,138,97
065 99 01 2.6 55,10,0
065 99 00 2.6 0,38,230
065 99 04 2.6 440,579,636
065 99 06 2.3 637,658,600
065 99 06 2.3 546,513,497
065 99 03 2.3 485,461,425
065 99 00 2.3 381,334,283
065 99 00 2.3 233,188,149
065 99 00 2.3 110,73,36
065 99 00 2.3 0,0,0
065 99 01 2.3 0,52,259
065 99 06 2.3 448,555,587
065 99 04 2.2 577,635,581
065 99 06 2.2 535,511,498
065 99 03 2.2 480,449,411
065 99 00 2.2 367,316,262
065 99 00 2.2 216,177,141
065 99 00 2.2 99,61,27
065 99 00 2.2 0,0,0
065 99 00 2.2 0,108,334
065 99 05 2.2 530,642,691
065 99 06 2.6 693,758,707
065 99 06 2.6 664,648,641
065 99 07 2.6 627,603,568
065 99 01 2.6 527,482,438
065 99 00 2.6 392,355,312
065 99 00 2.6 278,242,210
065 99 00 2.6 170,128,107
065 99 00 2.6 181,360,585
065 99 08 2.6 758,848,876
065 99 07 2.5 759,720,679
065 99 08 2.5 650,641,635
065 99 07 2.5 618,585,544
065 99 00 2.5 503,463,417
065 99 00 2.5 371,325,283
065 99 00 2.5 248,213,178
065 99 00 2.5 132,88,88
065 99 00 2.5 199,387,586
065 99 06 2.2 700,747,660
065 99 05 2.2 618,558,510
065 99 04 2.2 483,470,451
065 99 02 2.2 423,386,345
065 99 00 2.2 296,245,196
065 99 00 2.2 156,117,82
065 99 00 2.2 44,9,0
065 99 00 2.2 0,0,7
065 99 02 2.2 174,339,429
066 99 06 1.8 446,511,457
066 99 06 1.8 399,352,326
066 99 00 1.8 311,296,262
066 99 00 1.8 219,171,130
066 99 00 1.8 84,41,0
066 99 00 1.8 0,0,0
066 99 00 1.8 0,0,0
066 99 01 1.8 0,0,65
066 99 05 1.9 228,309,332
066 99 04 1.9 572,522,462
066 99 05 1.9 416,391,374
066 99 00 1.9 354,319,281
066 99 00 1.9 231,186,138
066 99 00 1.9 96,51,6
066 99 00 1.9 0,0,0
066 99 01 1.9 0,0,0
066 99 00 1.9 0,47,219
066 98 03 1.8 327,359,559
066 98 06 1.8 522,461,407
066 98 03 1.8 371,357,338
066 98 00 1.8 310,274,234
066 98 00 1.8 191,148,100
066 98 00 1.8 56,15,0
066 98 00 1.8 0,0,0
066 98 01 1.8 0,0,0
066 98 00 1.8 0,0,115
066 98 05 1.6 219,251,503
066 98 07 1.6 466,414,364
066 98 02 1.6 333,316,304
066 98 00 1.6 276,236,192
066 98 00 1.6 145,104,58
066 98 00 1.6 21,0,0
066 98 00 1.6 0,0,0
066 98 02 1.6 0,0,0
066 98 01 1.6 0,0,0
066 98 06 1.6 100,160,170
066 98 07 1.6 468,421,368
066 98 02 1.6 331,309,297
066 98 01 1.6 279,256,223
066 98 00 1.6 182,142,101
066 98 00 1.6 62,21,0
066 98 00 1.6 0,0,0
066 98 00 1.6 0,0,0
066 98 00 1.6 0,0,31
066 98 04 1.6 177,247,262
066 98 07 1.6 500,462,416
066 98 03 1.6 377,358,347
066 98 02 1.6 330,310,283
066 98 00 1.6 250,208,166
066 98 00 1.6 126,88,49
066 98 00 1.6 9,0,0
066 98 00 1.6 0,0,0
066 98 00 1.6 0,0,74
066 98 06 1.6 261,384,436
066 98 04 2.0 446,619,585
066 98 07 2.0 551,529,520
066 98 04 2.0 513,498,472
066 98 02 2.0 440,410,379
066 98 00 2.0 346,314,281
066 98 00 2.0 246,209,175
066 98 00 2.0 141,106,66
066 98 00 2.0 33,66,198
066 98 05 2.0 394,561,654
066 98 05 2.1 689,690,630
066 98 08 2.1 590,562,553
066 98 05 2.1 552,540,525
066 98 03 2.1 497,466,426
066 98 00 2.1 392,359,322
066 98 00 2.1 284,246,216
066 98 00 2.1 189,151,114
066 98 00 2.1 73,64,149
066 98 03 2.1 322,519,652
066 98 05 2.1 712,731,656
066 98 07 2.1 619,581,565
066 98 06 2.1 565,565,554
066 98 04 2.1 532,505,468
066 98 00 2.1 431,389,355
066 98 00 2.1 325,301,273
066 98 00 2.1 247,214,183
066 98 00 2.1 145,136,214
066 98 03 2.1 383,573,703
067 98 05 2.0 763,780,632
067 98 07 2.0 597,564,552
067 98 06 2.0 550,548,532
067 98 04 2.0 511,478,439
067 98 00 2.0 400,365,332
067 98 00 2.0 302,275,248
067 98 00 2.0 215,181,144
067 98 00 2.0 116,157,302
067 98 04 2.0 526,729,864
067 98 08 2.7 934,959,831
067 98 05 2.7 798,776,771
067 98 08 2.7 773,766,746
067 98 06 2.7 721,692,656
067 98 02 2.7 620,585,550
067 98 00 2.7 517,485,455
067 98 00 2.7 424,387,350
067 98 00 2.7 328,395,571
067 98 05 2.7 802,999,1116
067 98 08 2.7 1178,1189,838
067 98 04 2.7 794,765,757
067 98 08 2.7 757,748,724
067 98 04 2.7 691,651,608
067 98 00 2.7 566,528,485
067 98 00 2.7 448,410,379
067 98 00 2.7 343,305,259
067 98 00 2.7 245,319,497
067 98 05 2.7 712,880,974
067 98 07 2.5 1010,758,719
067 98 04 2.5 672,644,632
067 98 08 2.5 625,601,563
067 98 02 2.5 518,474,424
067 98 00 2.5 377,331,288
067 98 00 2.5 247,209,173
067 98 00 2.5 136,90,47
067 98 00 2.5 32,112,282
067 98 04 2.5 486,638,712
067 98 07 2.3 730,677,635
067 98 07 2.3 594,571,560

