176927!20191004_010113!0!0
2.92!3.08!3.14!3.37!3.18!3.07!
94!30!59!43!558
504.6 3.13 28 117

030 70 06 8.5 2399,2470,2561
030 70 04 8.5 2583,2500,2348
030 70 01 8.5 2158,1965,1783
030 70 00 8.5 1626,1487,1383
030 70 00 8.5 1293,1225,1151
030 70 00 8.5 1083,1022,990
030 70 00 8.5 987,978,927
030 70 00 8.5 814,654,599
030 70 02 8.5 1032,1879,2787
030 70 06 7.5 3275,3388,2772
030 70 05 7.5 2671,2500,2293
030 70 04 7.5 2142,2130,2208
030 70 03 7.5 2268,2239,2123
030 70 03 7.5 1954,1769,1584
030 70 00 7.5 1424,1287,1174
030 70 01 7.5 1073,979,886
030 70 00 7.5 784,672,551
030 70 00 7.5 431,303,168
030 70 01 7.5 13,0,0
030 70 00 7.5 0,821,1913
030 70 04 8.8 2726,3017,3035
030 70 04 8.8 3251,3110,2919
030 70 05 8.8 2745,2687,2757
030 70 08 8.8 2851,2876,2808
030 70 07 8.8 2670,2496,2317
030 70 00 8.8 2152,2011,1896
030 70 00 8.8 1803,1723,1638
030 70 01 8.8 1551,1454,1340
030 70 00 8.8 1222,1101,977
030 70 00 8.8 835,678,546
030 70 00 8.8 658,1324,2325
030 70 07 8.5 3228,3628,3682
030 70 04 8.5 3064,2898,2685
030 70 06 8.5 2497,2441,2516
030 70 08 8.5 2624,2657,2595
030 70 07 8.5 2462,2294,2110
030 70 00 8.5 1938,1791,1680
030 70 00 8.5 1593,1526,1465
030 70 00 8.5 1399,1319,1232
030 70 01 8.5 1140,1046,939
030 70 00 8.5 806,652,507
030 70 00 8.5 651,1349,2374
030 70 06 8.5 3251,3638,3718
054 94 06 8.8 3202,3127,2983
054 94 05 8.8 2805,2688,2692
054 94 08 8.8 2761,2790,2736
054 94 05 8.8 2604,2431,2234
054 94 00 8.8 2043,1876,1741
054 94 00 8.8 1627,1531,1442
054 94 00 8.8 1352,1241,1109
054 94 00 8.8 965,819,683
054 94 00 8.8 547,400,235
054 94 00 8.8 71,95,681
054 94 02 8.8 1700,2710,3231
054 94 06 9.0 3345,3273,3168
054 94 04 9.0 2996,2791,2658
054 94 05 9.0 2663,2746,2795
054 94 04 9.0 2752,2626,2454
054 94 01 9.0 2258,2061,1888
054 94 00 9.0 1746,1643,1551
054 94 01 9.0 1463,1368,1254
054 94 00 9.0 1127,982,843
054 94 01 9.0 708,582,439
054 94 00 9.0 275,105,90
054 94 01 9.0 625,1626,2666
054 94 03 9.0 3234,3358,3252
054 94 04 9.0 3124,2935,2733
054 94 05 9.0 2610,2635,2727
054 94 05 9.0 2793,2753,2636
054 94 04 9.0 2459,2262,2066
054 94 00 9.0 1891,1754,1639
054 94 01 9.0 1545,1459,1368
054 94 00 9.0 1263,1133,996
054 94 00 9.0 852,720,585
054 94 01 9.0 442,288,145
054 94 00 9.0 174,738,1704
054 94 04 8.3 2655,3104,3131
054 94 04 8.3 2873,2635,2362
054 94 05 8.3 2154,2120,2235
054 94 03 8.3 2364,2393,2318
054 94 04 8.3 2176,1994,1793
054 94 00 8.3 1593,1419,1279
054 94 00 8.3 1179,1088,1010
054 94 00 8.3 919,818,701
054 94 00 8.3 571,445,299
054 94 01 8.3 140,0,0
054 94 00 8.3 338,1348,2530
054 94 05 8.3 3303,3561,3598
054 94 05 10.1 3684,3593,3435
054 94 05 10.1 3271,3208,3261
054 94 04 10.1 3334,3337,3245
054 94 04 10.1 3089,2892,2684
054 94 00 10.1 2491,2327,2191
054 94 01 10.1 2073,1971,1869
054 94 00 10.1 1761,1633,1490
054 94 00 10.1 1345,1198,1042
054 94 00 10.1 862,675,567
054 94 01 10.1 931,1877,3037
054 94 03 10.1 3857,4152,4207
054 94 04 10.1 3604,3502,3323
054 94 05 10.1 3146,3078,3130
054 94 03 10.1 3210,3214,3122
054 94 05 10.1 2969,2792,2614
054 94 00 10.1 2447,2305,2190
054 94 00 10.1 2093,1993,1875
054 94 00 10.1 1724,1559,1390
054 94 00 10.1 1242,1105,980
054 94 00 10.1 844,690,523
054 94 00 10.1 356,193,34
054 94 00 10.1 0,0,0
054 94 00 10.1 0,0,0
054 94 00 10.1 0,0,0
054 94 00 10.1 0,0,0
054 94 00 10.1 0,0,0
054 94 00 10.1 0,0,0
054 94 01 10.1 0,0,0
054 94 00 10.1 0,0,0
054 94 00 10.1 0,0,0
054 94 06 10.1 0,683,2011
054 94 06 14.4 2273,5564,5319
054 94 07 14.4 5027,4804,4773
054 94 04 14.4 4925,5122,5217
054 94 08 14.4 5182,5053,4876
054 94 05 14.4 4673,4469,4285
054 94 00 14.4 4137,4027,3945
054 94 00 14.4 3874,3796,3703
054 94 00 14.4 3588,3452,3310
054 94 00 14.4 3161,3013,2849
054 94 00 14.4 2682,2586,2998
054 94 06 14.4 4043,5299,6158
054 94 07 10.5 6421,6440,3782
054 94 03 10.5 3653,3468,3320
054 94 08 10.5 3293,3374,3460
054 94 07 10.5 3469,3385,3238
054 94 06 10.5 3056,2871,2694
054 94 00 10.5 2541,2417,2321
054 94 00 10.5 2236,2160,2074
054 94 00 10.5 1975,1862,1749
054 94 00 10.5 1634,1498,1341
054 94 00 10.5 1179,1194,1782
054 94 06 10.5 2819,3896,4500
054 94 04 10.2 4718,4772,4763
054 94 05 10.2 3517,3351,3215
054 94 07 10.2 3213,3298,3362
054 94 06 10.2 3337,3227,3070
054 94 04 10.2 2897,2736,2599
054 94 00 10.2 2484,2392,2311
054 94 00 10.2 2238,2156,2061
054 94 00 10.2 1953,1838,1730
054 94 00 10.2 1625,1512,1383
054 94 00 10.2 1253,1211,1576
054 94 06 10.2 2366,3285,3883
054 94 08 8.4 4084,4089,2803
054 94 05 8.4 2630,2438,2334
054 94 06 8.4 2369,2457,2494
054 94 07 8.4 2444,2327,2164
054 94 01 8.4 1984,1806,1649
054 94 00 8.4 1520,1416,1327
054 94 00 8.4 1240,1144,1033
054 94 00 8.4 909,777,648
054 94 00 8.4 517,382,232
054 94 00 8.4 87,123,685
054 94 03 8.4 1653,2644,3220
054 94 08 8.4 3453,3547,3578
054 94 08 10.2 3462,3317,3174
054 94 07 10.2 3130,3169,3199
054 94 05 10.2 3155,3038,2870
054 94 02 10.2 2682,2499,2330
054 94 00 10.2 2185,2055,1938
054 94 00 10.2 1823,1707,1588
054 94 00 10.2 1458,1314,1163
054 94 00 10.2 1018,892,770
054 94 00 10.2 640,501,430
054 94 00 10.2 764,1599,2630
054 94 05 10.2 3375,3679,3761
054 94 07 9.8 3772,3284,3131
054 94 07 9.8 2910,2744,2706
054 94 08 9.8 2741,2745,2659
054 94 03 9.8 2501,2311,2121
054 94 00 9.8 1944,1786,1642
054 94 00 9.8 1517,1402,1296
054 94 00 9.8 1184,1062,924
054 94 00 9.8 776,626,481
054 94 00 9.8 339,192,23
054 94 00 9.8 0,0,0
054 94 03 9.8 496,1443,2214
054 94 04 8.1 2468,2432,2605
054 94 04 8.1 2381,2103,1884
054 94 04 8.1 1815,1877,1940
054 94 06 8.1 1928,1833,1682
054 94 00 8.1 1499,1305,1118
054 94 00 8.1 957,824,711
054 94 00 8.1 594,468,317
054 94 00 8.1 152,0,0
054 94 00 8.1 0,0,0
054 94 00 8.1 0,0,0
054 94 00 8.1 0,0,0
054 94 01 8.1 0,0,0
054 94 02 8.1 0,0,0
054 94 00 8.1 0,0,0
054 94 00 8.1 0,0,0
054 94 00 8.1 0,0,0
054 94 01 8.1 0,0,0
054 94 00 8.1 0,0,0
054 94 00 8.1 0,0,0
054 94 00 8.1 0,0,0
048 94 07 14.1 315,738,5457
048 94 05 14.1 5247,4963,4655
048 94 07 14.1 4430,4367,4450
048 94 05 14.1 4534,4547,4453
048 94 06 14.1 4287,4056,3792
048 94 00 14.1 3532,3298,3092
048 94 00 14.1 2906,2745,2606
048 94 00 14.1 2472,2326,2162
048 94 00 14.1 1987,1808,1637
048 94 00 14.1 1471,1304,1156
048 94 00 14.1 1265,2209,3568
048 94 04 10.5 4761,5125,3918
048 94 07 10.5 3729,3473,3164
048 94 04 10.5 2884,2744,2764
048 94 06 10.5 2841,2872,2807
048 94 04 10.5 2661,2457,2218
048 94 00 10.5 1970,1738,1533
048 94 00 10.5 1352,1187,1039
048 94 00 10.5 898,758,620
048 94 00 10.5 487,354,198
048 94 01 10.5 34,0,272
048 94 02 10.5 1388,2733,3647
048 94 05 10.3 3818,3809,3636
048 94 07 10.3 3408,3153,2943
048 94 06 10.3 2871,2907,2976
048 94 04 10.3 2984,2912,2761
048 94 01 10.3 2561,2344,2129
048 94 00 10.3 1931,1759,1614
048 94 00 10.3 1491,1382,1274
048 94 01 10.3 1166,1051,922
048 94 00 10.3 775,597,417
048 94 00 10.3 439,1162,2360
049 94 03 9.7 3499,3985,4007
049 94 08 9.7 3536,3377,3176
049 94 06 9.7 2952,2811,2794
049 94 06 9.7 2864,2911,2885
049 94 06 9.7 2773,2604,2401
049 94 00 9.7 2194,2003,1839
049 94 00 9.7 1702,1582,1476
049 94 00 9.7 1370,1265,1156
049 94 00 9.7 1043,915,752
049 94 00 9.7 562,382,481
049 94 02 9.7 1281,2460,3485
049 94 05 9.4 3847,3819,3311
049 94 08 9.4 3097,2844,2644
049 94 06 9.4 2590,2680,2792
049 94 07 9.4 2828,2767,2633
049 94 03 9.4 2457,2265,2079
049 94 00 9.4 1915,1770,1659
049 94 00 9.4 1565,1486,1397
049 94 00 9.4 1301,1197,1076
049 94 00 9.4 931,754,576
049 94 00 9.4 579,1200,2287
049 94 07 9.4 3370,3899,3981
049 94 08 9.4 3381,3248,3070
049 94 04 9.4 2890,2794,2822
049 94 06 9.4 2921,2988,2980
049 94 05 9.4 2894,2762,2594
049 94 00 9.4 2423,2268,2144
049 94 00 9.4 2041,1955,1878
049 94 00 9.4 1797,1708,1611
049 94 00 9.4 1508,1393,1264
049 94 00 9.4 1130,1106,1571
049 94 04 9.4 2499,3517,4113
049 94 05 8.9 4273,4260,3109
049 94 08 8.9 2981,2799,2642
049 94 07 8.9 2600,2659,2723
049 94 07 8.9 2707,2608,2446
049 94 02 8.9 2255,2059,1882
049 94 00 8.9 1732,1602,1488
049 94 00 8.9 1379,1281,1187
049 94 00 8.9 1097,994,867
049 94 00 8.9 686,452,203
049 94 00 8.9 84,506,1478
049 94 06 8.9 2578,3248,3416
049 94 06 9.3 3295,3175,2980
049 94 02 9.3 2748,2596,2588
049 94 08 9.3 2676,2732,2700
049 94 05 9.3 2579,2396,2185
049 94 00 9.3 1968,1776,1611
049 94 00 9.3 1493,1407,1332
049 94 00 9.3 1249,1155,1057
049 94 00 9.3 941,796,616
049 94 00 9.3 418,259,421
049 94 03 9.3 1172,2203,3024
049 94 07 8.5 3276,2954,2725
049 94 04 8.5 2402,2090,1923
049 94 05 8.5 1965,2100,2203
049 94 05 8.5 2191,2087,1916
049 94 01 8.5 1710,1496,1293
049 94 00 8.5 1118,978,872
049 94 00 8.5 793,721,662
049 94 00 8.5 596,514,402
049 94 00 8.5 271,147,256
049 94 02 8.5 919,1910,2782
049 94 05 8.5 3115,3100,2810
049 94 04 8.5 2585,2336,2146
049 94 07 8.5 2101,2167,2250
049 94 05 8.5 2249,2158,1993
049 94 01 8.5 1790,1570,1366
049 94 00 8.5 1200,1077,987
049 94 00 8.5 919,851,773
049 94 00 8.5 683,573,427
049 94 00 8.5 252,157,530
049 94 03 8.5 1449,2523,3228
049 94 06 9.3 3427,3418,3193
049 94 05 9.3 3070,2882,2694
049 94 04 9.3 2600,2625,2681
049 94 04 9.3 2676,2585,2415
049 94 01 9.3 2214,2000,1810
049 94 01 9.3 1645,1511,1400
049 94 00 9.3 1304,1215,1128
049 94 00 9.3 1035,920,767
049 94 01 9.3 582,433,621
049 94 02 9.3 1341,2286,2985
049 94 04 7.9 3183,2694,2558
049 94 03 7.9 2363,2122,1913
049 94 04 7.9 1836,1885,1952
049 94 04 7.9 1944,1843,1674
049 94 00 7.9 1471,1261,1080
049 94 00 7.9 931,823,741
049 94 00 7.9 666,589,488
049 94 00 7.9 371,246,118
049 94 00 7.9 0,0,0
049 94 00 7.9 0,0,0
049 94 03 7.9 684,1592,2063
050 94 06 7.6 2059,2467,2234
050 94 06 7.6 1962,1709,1589
050 94 01 7.6 1620,1702,1730
050 94 03 7.6 1670,1538,1336
050 94 00 7.6 1108,875,676
050 94 00 7.6 518,404,324
050 94 01 7.6 248,180,98
050 94 00 7.6 8,0,0
050 94 00 7.6 0,0,0
050 94 00 7.6 0,0,723
050 94 06 7.6 1582,1907,2672
050 94 03 7.6 2421,2088,1737
050 94 02 7.6 1499,1470,1600
050 94 03 7.6 1739,1779,1704
050 94 02 7.6 1561,1371,1178
050 94 00 7.6 995,860,771
050 94 01 7.6 720,684,649
050 94 00 7.6 602,540,445
050 94 01 7.6 312,143,0
050 94 00 7.6 0,185,922
050 94 05 6.5 1747,2209,2195
050 94 05 6.5 2075,1731,1367
050 94 01 6.5 1103,1054,1173
050 94 02 6.5 1313,1365,1320
050 94 01 6.5 1204,1035,833
050 94 00 6.5 630,469,356
050 94 00 6.5 270,194,125
050 94 00 6.5 69,7,0
050 94 00 6.5 0,0,0
050 94 00 6.5 0,556,1505
050 94 08 7.6 2180,2351,2734
050 94 05 7.6 2625,2474,2278
050 94 04 7.6 2114,2060,2122
050 94 03 7.6 2193,2200,2127
050 94 03 7.6 1989,1818,1634
050 94 00 7.6 1471,1339,1241
050 94 00 7.6 1176,1130,1094
050 94 00 7.6 1045,977,872
050 94 01 7.6 739,621,744
050 94 02 7.6 1372,2280,3061
050 94 05 7.7 3373,3393,2715
050 94 05 7.7 2606,2445,2271
050 94 04 7.7 2173,2199,2266
050 94 04 7.7 2285,2217,2085
050 94 02 7.7 1913,1721,1538
050 94 00 7.7 1383,1265,1166
050 94 01 7.7 1086,1018,950
050 94 01 7.7 866,746,605
050 94 00 7.7 461,466,929
050 94 04 7.7 1730,2508,2849
050 94 04 6.8 2835,2249,1992
050 94 05 6.8 1709,1513,1502
050 94 04 6.8 1612,1707,1717
050 94 04 6.8 1636,1489,1298
050 94 00 6.8 1099,915,756
050 94 00 6.8 625,529,465
050 94 00 6.8 424,371,280
050 94 00 6.8 147,2,0
050 94 01 6.8 458,1304,2168
051 94 04 7.6 2602,2665,2629
051 94 03 7.6 2492,2292,2088
051 94 05 7.6 1981,2024,2114
051 94 03 7.6 2149,2074,1932
051 94 01 7.6 1754,1571,1384
051 94 00 7.6 1205,1051,943
051 94 00 7.6 878,821,742
051 94 00 7.6 622,480,350
051 94 00 7.6 496,1151,2077
051 94 03 8.0 2844,3140,3166
051 94 05 8.0 2750,2598,2381
051 94 06 8.0 2156,2044,2064
051 94 08 8.0 2135,2150,2060
051 94 03 8.0 1890,1691,1486
051 94 00 8.0 1292,1122,995
051 94 00 8.0 897,821,741
051 94 00 8.0 639,501,375
051 94 00 8.0 465,1072,1999
051 94 05 8.0 2853,3248,3321
051 94 06 8.4 2908,2773,2550
051 94 04 8.4 2281,2083,2016
051 94 06 8.4 2049,2079,2053
051 94 03 8.4 1946,1778,1573
051 94 00 8.4 1357,1158,980
051 94 00 8.4 827,696,585
051 94 01 8.4 475,342,195
051 94 00 8.4 104,400,1206
051 94 05 8.4 2203,2906,3135
052 94 07 8.7 3136,2954,2799
052 94 03 8.7 2570,2337,2217
052 94 05 8.7 2228,2292,2293
052 94 04 8.7 2207,2038,1825
052 94 00 8.7 1592,1368,1165
052 94 00 8.7 994,848,737
052 94 01 8.7 642,550,428
052 94 01 8.7 268,86,0
052 94 00 8.7 411,1346,2408
052 94 05 9.3 3054,3222,3201
052 94 04 9.3 3117,2949,2718
052 94 05 9.3 2498,2397,2409
052 94 06 9.3 2448,2413,2278
052 94 01 9.3 2068,1813,1554
052 94 01 9.3 1307,1095,916
052 94 00 9.3 762,628,495
052 94 00 9.3 352,193,21
052 94 01 9.3 0,0,0
052 94 01 9.3 0,0,0
052 94 02 9.3 514,1821,2638
052 94 04 10.6 2789,3749,3579
052 94 04 10.6 3327,3032,2806
052 94 05 10.6 2752,2829,2906
052 94 04 10.6 2886,2761,2556
052 94 00 10.6 2326,2081,1864
052 94 00 10.6 1661,1494,1352
052 94 01 10.6 1244,1140,1038
052 94 01 10.6 917,778,609
052 94 00 10.6 401,178,0
052 94 00 10.6 134,996,2189
059 94 04 9.6 3153,3426,3357
059 94 04 9.6 3118,2801,2461
059 94 04 9.6 2224,2173,2271
059 94 05 9.6 2376,2394,2307
059 94 02 9.6 2141,1918,1660
059 94 00 9.6 1383,1118,881
059 94 00 9.6 687,524,393
059 94 02 9.6 279,175,63
059 94 00 9.6 0,0,0
059 94 00 9.6 0,0,406
059 94 03 9.6 1749,2878,3261
059 94 04 10.8 3240,3809,3606
059 94 04 10.8 3339,3076,2935
059 94 03 10.8 2956,3062,3129
059 94 03 10.8 3088,2936,2718
059 94 00 10.8 2480,2246,2051
059 94 00 10.8 1887,1763,1656
059 94 00 10.8 1566,1484,1400
059 94 00 10.8 1321,1233,1127
059 94 00 10.8 978,800,640
059 94 00 10.8 763,1548,2700
059 94 04 9.6 3697,4059,4029
059 94 04 9.6 3232,2986,2704
059 94 07 9.6 2494,2445,2536
059 94 06 9.6 2641,2667,2594
059 94 05 9.6 2446,2246,2014
059 94 01 9.6 1779,1572,1401
059 94 00 9.6 1252,1131,1026
059 94 02 9.6 937,838,730
059 94 01 9.6 610,456,263
059 94 00 9.6 68,121,862
059 94 05 9.6 2041,3140,3622
059 94 05 10.2 3690,3595,3457
059 94 07 10.2 3250,3032,2917
059 94 07 10.2 2951,3045,3096
059 94 07 10.2 3046,2920,2739
059 94 01 10.2 2534,2333,2153
059 94 00 10.2 1999,1866,1754
059 94 00 10.2 1649,1544,1424
059 94 00 10.2 1304,1179,1063
059 94 01 10.2 927,765,576
059 94 00 10.2 409,557,1358
059 94 05 10.2 2518,3504,3890
059 94 07 9.9 3921,3433,3274
059 94 02 9.9 3050,2839,2741
059 94 05 9.9 2788,2883,2920
059 94 04 9.9 2855,2710,2517
059 94 01 9.9 2306,2100,1918
059 94 01 9.9 1773,1659,1570
059 94 00 9.9 1489,1404,1303
059 94 00 9.9 1181,1049,912
059 94 01 9.9 775,612,432
059 94 00 9.9 250,217,739
059 94 04 9.9 1753,2819,3389
059 94 04 9.3 3476,3186,2990
059 94 04 9.3 2719,2474,2386
059 94 03 9.3 2486,2638,2709
059 94 04 9.3 2654,2518,2335
059 94 01 9.3 2141,1955,1794
059 94 00 9.3 1668,1572,1497
059 94 02 9.3 1421,1337,1243
059 94 01 9.3 1148,1048,936
059 94 00 9.3 802,647,482
059 94 01 9.3 404,763,1618
059 94 06 9.3 2624,3262,3422
059 94 04 8.6 2961,2805,2585
059 94 04 8.6 2365,2264,2316
059 94 04 8.6 2434,2492,2454
059 94 04 8.6 2326,2153,1952
059 94 01 8.6 1757,1586,1447
059 94 01 8.6 1343,1262,1190
059 94 01 8.6 1114,1016,901
059 94 00 8.6 775,644,503
059 94 01 8.6 337,163,71
059 94 00 8.6 419,1331,2443
059 94 04 8.6 3240,3537,3607
059 94 04 10.1 3594,3442,3281
059 94 05 10.1 3124,3074,3131
059 94 04 10.1 3210,3204,3121
059 94 04 10.1 2974,2811,2636
059 94 01 10.1 2478,2341,2230
059 94 00 10.1 2131,2039,1955
059 94 01 10.1 1859,1743,1617
059 94 00 10.1 1495,1387,1273
059 94 00 10.1 1150,1002,872
059 94 02 10.1 944,1539,2495
059 94 04 10.1 3410,3882,4022
059 94 05 9.3 4039,3133,2995
059 94 06 9.3 2815,2705,2724
059 94 03 9.3 2812,2848,2793
059 94 06 9.3 2664,2499,2334
059 94 00 9.3 2181,2058,1952
059 94 00 9.3 1863,1785,1703
059 94 00 9.3 1602,1486,1360
059 94 00 9.3 1239,1130,1031
059 94 00 9.3 932,809,686
059 94 00 9.3 594,745,1353
059 94 04 9.3 2210,2939,3234
058 94 05 8.0 3258,2568,2378
058 94 07 8.0 2149,1983,1975
058 94 05 8.0 2067,2137,2116
058 94 06 8.0 2016,1867,1696
058 94 00 8.0 1532,1384,1261
058 94 00 8.0 1149,1059,974
058 94 01 8.0 890,794,683
058 94 00 8.0 561,438,327
058 94 00 8.0 214,94,0
058 94 01 8.0 0,0,265
058 94 05 8.0 1168,2155,2759
058 94 05 9.6 2962,3012,3003
058 94 05 9.6 3124,2960,2806
058 94 04 9.6 2772,2823,2878
058 94 07 9.6 2846,2736,2581
058 94 02 9.6 2413,2253,2108
058 94 00 9.6 1987,1878,1785
058 94 00 9.6 1697,1608,1503
058 94 00 9.6 1384,1250,1109
058 94 00 9.6 979,855,733
058 94 00 9.6 585,429,300
058 94 00 9.6 422,1081,2054
058 94 06 9.6 2930,3336,3442
058 94 06 9.4 3448,3096,2947
058 94 04 9.4 2757,2648,2676
058 94 08 9.4 2758,2783,2718
058 94 05 9.4 2583,2412,2234
058 94 00 9.4 2076,1948,1839
058 94 00 9.4 1749,1663,1582
058 94 01 9.4 1492,1387,1270
058 94 00 9.4 1140,1013,884
058 94 00 9.4 765,637,504
058 94 00 9.4 369,339,720
058 94 04 9.4 1533,2443,3005
058 94 06 8.6 3162,3144,2738
058 94 02 8.6 2574,2378,2247
058 94 08 8.6 2254,2335,2383
058 94 06 8.6 2335,2214,2046
058 94 00 8.6 1869,1691,1539
058 94 00 8.6 1412,1314,1224
058 94 00 8.6 1141,1052,947
058 94 00 8.6 821,682,538
058 94 01 8.6 402,277,161
058 94 00 8.6 33,0,0
058 94 00 8.6 0,595,1588
058 94 03 8.6 2460,2855,2946
058 94 07 9.5 2951,3134,3006
058 94 06 9.5 2828,2719,2725
058 94 08 9.5 2791,2807,2734
058 94 07 9.5 2594,2414,2227
058 94 00 9.5 2055,1909,1791
058 94 00 9.5 1690,1602,1510
058 94 00 9.5 1411,1288,1153
058 94 00 9.5 997,837,674

