176927!20190923_183827!0!0
3.12!3.15!2.87!1.87!2.2!1.27!
97!30!52!47!171
87.0 1.34 564 187

030 70 03 0.6 162,164,161
030 70 02 0.6 156,147,137
030 70 02 0.6 127,120,115
030 70 02 0.6 108,103,93
030 70 02 0.6 85,70,57
030 70 01 0.6 46,34,23
030 70 01 0.6 12,4,0
030 70 01 0.6 0,0,0
030 70 01 0.6 0,0,0
030 70 01 0.6 0,15,44
030 70 03 0.6 67,86,99
030 70 03 0.6 106,107,108
030 70 03 0.6 158,159,160
030 70 03 0.6 162,160,151
030 70 02 0.6 145,138,129
030 70 02 0.6 120,112,102
030 70 02 0.6 94,86,82
030 70 01 0.6 77,68,56
030 70 01 0.6 43,31,18
030 70 01 0.6 8,0,0
030 70 01 0.6 0,0,0
030 70 02 0.6 24,58,84
030 70 03 0.6 101,118,125
030 70 03 0.5 131,131,133
030 70 03 0.5 155,152,151
030 70 02 0.5 149,146,142
030 70 02 0.5 141,133,127
030 70 02 0.5 118,112,104
030 70 01 0.5 94,81,70
030 70 01 0.5 63,55,49
030 70 01 0.5 39,32,21
030 70 01 0.5 9,0,0
030 70 01 0.5 0,1,29
030 70 02 0.5 56,85,104
030 70 03 0.5 118,124,126
030 70 03 0.5 140,138,138
030 70 03 0.5 136,133,128
030 70 02 0.5 122,114,103
030 70 02 0.5 96,87,82
030 70 02 0.5 75,71,65
030 70 02 0.5 60,54,45
030 70 01 0.5 39,30,23
030 70 01 0.5 12,7,0
030 70 01 0.5 0,0,0
030 70 01 0.5 0,5,40
030 70 03 0.5 71,98,117
030 70 03 0.5 134,144,147
051 99 03 0.6 145,175,175
051 99 03 0.6 175,170,164
051 99 02 0.6 159,156,155
051 99 02 0.6 144,133,122
051 99 02 0.6 113,105,98
051 99 01 0.6 88,82,70
051 99 01 0.6 60,47,34
051 99 01 0.6 21,11,0
051 99 01 0.6 0,0,0
051 99 01 0.6 8,41,71
051 99 03 0.6 93,107,124
051 99 03 0.5 128,132,152
051 99 03 0.5 157,159,163
051 99 03 0.5 164,163,160
051 99 02 0.5 158,153,143
051 99 02 0.5 135,128,122
051 99 02 0.5 114,106,101
051 99 01 0.5 89,77,65
051 99 01 0.5 59,54,46
051 99 01 0.5 34,25,12
051 99 01 0.5 2,0,13
051 99 02 0.5 42,77,102
051 99 03 0.5 124,139,153
051 99 03 0.6 160,162,166
051 99 03 0.6 167,169,172
051 99 03 0.6 175,180,174
051 99 02 0.6 169,160,155
051 99 02 0.6 147,135,124
051 99 02 0.6 115,104,90
051 99 01 0.6 76,65,54
051 99 01 0.6 42,30,24
051 99 01 0.6 16,12,2
051 99 01 0.6 2,15,44
051 99 02 0.6 82,114,142
051 99 03 0.6 165,184,196
051 99 04 0.6 203,205,211
051 99 03 0.7 216,217,211
051 99 03 0.7 209,206,202
051 99 02 0.7 191,180,170
051 99 02 0.7 165,161,157
051 99 02 0.7 145,134,122
051 99 01 0.7 115,106,99
051 99 01 0.7 84,72,58
051 99 01 0.7 49,44,40
051 99 01 0.7 49,68,101
051 99 02 0.7 131,154,170
052 98 03 0.5 182,185,142
052 98 03 0.5 138,133,133
052 98 02 0.5 126,124,114
052 98 02 0.5 110,98,92
052 98 02 0.5 84,79,68
052 98 02 0.5 59,47,34
052 98 01 0.5 21,12,6
052 98 01 0.5 0,0,0
052 98 01 0.5 0,0,0
052 98 01 0.5 0,0,0
052 98 01 0.5 0,0,24
052 98 03 0.5 56,84,112
052 98 04 0.5 128,138,140
052 98 03 0.8 145,146,220
052 98 03 0.8 218,217,218
052 98 02 0.8 207,197,186
052 98 02 0.8 180,171,162
052 98 02 0.8 149,136,123
052 98 01 0.8 116,107,94
052 98 01 0.8 77,66,63
052 98 01 0.8 55,46,32
052 98 01 0.8 23,15,22
052 98 01 0.8 44,83,119
052 98 03 0.8 149,174,199
052 98 04 0.8 218,228,231
052 98 03 0.8 231,219,221
052 98 03 0.8 222,213,204
052 98 02 0.8 199,198,194
052 98 02 0.8 188,182,176
052 98 02 0.8 164,154,143
052 98 02 0.8 134,124,111
052 98 01 0.8 99,86,80
052 98 01 0.8 73,64,55
052 98 01 0.8 48,42,48
052 98 01 0.8 70,107,146
052 98 03 0.8 179,209,232
052 98 04 0.8 245,250,252
052 98 03 0.8 256,264,268
051 98 03 0.8 265,218,209
051 98 02 0.8 197,188,177
051 98 02 0.8 170,157,145
051 98 01 0.8 128,115,106
051 98 01 0.8 99,90,78
051 98 01 0.8 64,56,44
051 98 01 0.8 38,28,25
051 98 01 0.8 23,24,28
051 98 02 0.8 50,85,123
051 98 03 0.8 151,181,203
051 98 04 0.7 218,220,201
051 98 03 0.7 202,206,210
051 98 03 0.7 209,205,200
051 98 02 0.7 195,186,173
051 98 02 0.7 156,143,130
051 98 01 0.7 119,106,98
051 98 01 0.7 89,80,70
051 98 01 0.7 59,50,41
051 98 01 0.7 30,23,10
051 98 01 0.7 0,0,11
051 98 02 0.7 41,77,104
051 98 03 0.7 129,142,151
051 98 03 0.6 154,155,156
051 98 03 0.6 160,158,154
051 98 02 0.6 143,136,129
051 98 02 0.6 122,116,104
051 98 02 0.6 95,81,70
051 98 01 0.6 61,51,44
051 98 01 0.6 32,16,0
051 98 01 0.6 0,0,0
051 98 01 0.6 0,0,0
051 98 01 0.6 0,0,0
051 98 02 0.6 21,65,94
051 98 04 0.6 123,143,158
051 98 04 0.6 163,166,171
051 98 03 0.6 177,184,185
050 98 03 0.9 186,248,244
050 98 02 0.9 233,223,216
050 98 02 0.9 211,202,191
050 98 02 0.9 183,176,165
050 98 01 0.9 150,139,129
050 98 01 0.9 123,116,107
050 98 01 0.9 95,79,68
050 98 01 0.9 68,89,123
050 98 02 0.9 162,188,205
050 98 03 0.9 214,219,222
050 98 03 0.6 158,164,168
050 98 03 0.6 169,167,164
050 98 03 0.6 161,156,148
050 98 02 0.6 137,129,119
050 98 02 0.6 116,111,106
050 98 01 0.6 92,81,71
050 98 01 0.6 64,48,30
050 98 01 0.6 11,0,0
050 98 01 0.6 0,0,0
050 98 01 0.6 17,64,108
050 98 03 0.6 146,172,198
050 98 04 0.6 220,234,239
050 98 04 0.6 239,242,244
050 98 04 0.9 272,266,260
050 98 03 0.9 251,244,232
050 98 02 0.9 223,210,200
050 98 01 0.9 191,178,165
050 98 00 0.9 147,134,120
050 98 00 0.9 110,96,85
050 98 00 0.9 74,70,62
050 98 00 0.9 59,64,81
050 98 02 0.9 114,151,190
050 98 05 0.9 220,252,277
051 98 06 0.8 296,297,235
051 98 04 0.8 232,234,235
051 98 03 0.8 233,230,221
051 98 03 0.8 212,198,187
051 98 02 0.8 177,167,156
051 98 02 0.8 144,134,119
051 98 01 0.8 105,88,76
051 98 01 0.8 61,42,26
051 98 01 0.8 11,0,0
051 98 01 0.8 0,0,0
051 98 01 0.8 0,33,73
051 98 03 0.8 103,127,151
051 98 03 0.8 171,181,182
051 98 03 0.8 222,222,220
051 98 03 0.8 210,198,184
051 98 02 0.8 174,164,159
051 98 02 0.8 150,139,120
051 98 01 0.8 108,96,86
051 98 01 0.8 74,62,53
051 98 01 0.8 38,27,11
051 98 01 0.8 0,0,0
051 98 01 0.8 0,0,0
051 98 01 0.8 0,0,4
051 98 02 0.8 26,50,67
051 98 03 0.5 74,138,130
051 98 02 0.5 127,127,129
051 98 02 0.5 130,132,131
051 98 02 0.5 125,119,108
051 98 02 0.5 104,95,89
051 98 02 0.5 80,68,56
051 98 01 0.5 43,32,24
051 98 01 0.5 14,6,0
051 98 01 0.5 0,0,0
051 98 01 0.5 0,0,0
051 98 01 0.5 0,0,0
051 98 01 0.5 0,0,0
051 98 01 0.5 0,0,0
051 98 00 0.5 0,0,0
051 98 01 0.5 0,0,0
051 98 01 0.5 0,0,0
051 98 00 0.5 0,0,0
051 98 00 0.5 0,0,0
051 98 00 0.5 0,0,0
051 98 02 0.5 0,0,0
047 98 03 0.5 0,0,134
047 98 03 0.5 136,141,146
047 98 03 0.5 152,155,154
047 98 02 0.5 149,143,137
047 98 02 0.5 131,124,118
047 98 02 0.5 116,110,102
047 98 02 0.5 91,84,75
047 98 01 0.5 68,62,59
047 98 01 0.5 50,41,28
047 98 01 0.5 27,33,61
047 98 02 0.5 91,124,151
047 98 03 0.5 175,196,208
047 98 03 0.5 215,220,226
047 98 03 0.7 235,238,237
047 98 03 0.7 207,203,199
047 98 02 0.7 194,190,182
047 98 02 0.7 174,161,151
047 98 02 0.7 140,129,117
047 98 01 0.7 106,94,80
047 98 01 0.7 71,61,54
047 98 01 0.7 44,49,71
047 98 02 0.7 112,153,187
047 98 03 0.7 214,241,263
047 98 04 0.7 278,285,291
047 98 04 0.9 293,298,303
047 98 04 0.9 259,251,245
047 98 03 0.9 240,238,232
047 98 02 0.9 226,219,213
047 98 02 0.9 209,203,196
047 98 01 0.9 185,179,172
047 98 01 0.9 166,158,146
047 98 00 0.9 130,114,117
047 98 01 0.9 143,188,234
047 98 05 0.9 276,302,319
047 98 06 0.9 325,330,333
047 98 05 0.9 342,356,362
047 98 05 0.9 363,241,235
047 98 03 0.9 230,226,220
047 98 02 0.9 216,213,209
047 98 02 0.9 196,181,170
047 98 01 0.9 161,148,135
047 98 01 0.9 121,113,103
047 98 01 0.9 95,92,110
047 98 02 0.9 150,195,239
047 98 04 0.9 269,302,322
047 98 04 0.8 333,332,238
047 98 04 0.8 241,241,240
047 98 03 0.8 234,229,222
047 98 02 0.8 215,199,187
047 98 02 0.8 169,160,147
047 98 02 0.8 139,129,122
047 98 01 0.8 114,107,97
047 98 01 0.8 89,81,73
047 98 01 0.8 57,46,45
047 98 01 0.8 68,100,137
047 98 03 0.8 167,189,209
047 98 03 0.7 222,233,233
047 98 03 0.7 192,195,197
047 98 03 0.7 194,187,184
047 98 02 0.7 177,172,165
047 98 02 0.7 159,150,144
047 98 02 0.7 134,129,117
047 98 02 0.7 108,95,85
047 98 01 0.7 74,64,50
047 98 01 0.7 38,19,0
047 98 01 0.7 0,0,0
047 98 01 0.7 15,54,86
047 98 03 0.7 112,135,151
047 98 03 0.7 161,164,191
047 98 03 0.7 195,197,197
047 98 03 0.7 197,194,192
047 98 03 0.7 184,175,163
047 98 02 0.7 152,141,128
047 98 01 0.7 116,104,93
047 98 01 0.7 79,63,50
047 98 01 0.7 34,21,2
047 98 01 0.7 0,0,0
047 98 00 0.7 0,0,0
047 98 01 0.7 0,22,39
047 98 02 0.4 53,58,114
047 98 03 0.4 107,102,100
047 98 02 0.4 101,97,88
047 98 02 0.4 78,68,64
047 98 01 0.4 57,52,42
047 98 01 0.4 33,30,43
047 98 02 0.4 66,96,120
047 98 04 0.4 139,147,147
047 98 04 0.4 110,104,99
047 98 03 0.4 94,92,88
047 98 02 0.4 85,72,59
047 98 01 0.4 46,36,23
047 98 01 0.4 10,2,0
047 98 00 0.4 0,0,0
047 98 00 0.4 0,0,0
047 98 00 0.4 0,0,0
047 98 00 0.4 0,0,0
047 98 00 0.4 0,0,0
047 98 00 0.4 0,0,0
047 98 03 0.4 0,13,54
047 98 06 0.4 84,111,125
046 98 07 1.0 132,300,303
046 98 08 1.0 300,295,293
046 98 06 1.0 291,294,294
046 98 05 1.0 294,288,279
046 98 03 1.0 265,250,238
046 98 00 1.0 226,214,202
046 98 00 1.0 194,184,176
046 98 00 1.0 165,156,146
046 98 00 1.0 135,123,120
046 98 00 1.0 137,172,214
046 98 06 1.0 245,269,290
046 98 08 0.7 307,321,321
046 98 06 0.7 203,198,200
046 98 04 0.7 199,198,194
046 98 03 0.7 189,184,174
046 98 02 0.7 162,143,127
046 98 01 0.7 113,110,109
046 98 01 0.7 104,94,81
046 98 00 0.7 69,56,39
046 98 00 0.7 23,4,0
046 98 00 0.7 0,11,53
046 98 03 0.7 98,136,160
046 97 05 0.7 177,183,183
046 97 04 0.7 186,187,187
046 97 04 0.7 187,184,180
046 97 03 0.7 176,166,147
046 97 01 0.7 127,111,100
046 97 00 0.7 91,74,60
046 97 00 0.7 49,43,40
046 97 00 0.7 33,26,13
046 97 00 0.7 0,0,0
046 97 00 0.7 0,0,10
046 97 02 0.7 41,65,86
045 97 04 0.5 98,103,101
045 97 03 0.5 123,126,131
045 97 03 0.5 138,138,131
045 97 02 0.5 122,113,106
045 97 02 0.5 105,100,93
045 97 01 0.5 78,62,48
045 97 00 0.5 32,25,14
045 97 00 0.5 7,0,0
045 97 00 0.5 0,0,0
045 97 00 0.5 0,0,41
045 97 04 0.5 78,110,133
045 97 05 0.7 145,146,193
045 97 05 0.7 198,204,204
045 97 04 0.7 205,201,199
045 97 03 0.7 187,178,166
045 97 02 0.7 154,142,127
045 97 01 0.7 115,102,97
045 97 00 0.7 90,80,66
045 97 00 0.7 52,40,24
045 97 00 0.7 11,0,8
045 97 01 0.7 34,69,99
045 97 03 0.7 114,127,129
045 97 03 0.5 133,133,133
045 97 03 0.5 136,135,132
045 97 03 0.5 125,119,118
045 97 02 0.5 112,104,93
045 97 02 0.5 84,73,67
045 97 01 0.5 57,49,38
045 97 00 0.5 28,19,7
045 97 00 0.5 0,0,0
045 97 00 0.5 0,0,0
045 97 02 0.5 25,64,93
045 97 05 0.5 116,135,150
045 97 05 0.5 160,162,163
046 97 04 0.7 205,205,201
046 97 03 0.7 197,190,180
046 97 02 0.7 175,165,155
046 97 02 0.7 141,132,118
046 97 01 0.7 104,91,77
046 97 01 0.7 64,49,34
046 97 01 0.7 18,5,0
046 97 01 0.7 0,0,4
046 97 02 0.7 43,86,120
046 97 03 0.7 144,164,180
046 97 03 0.7 192,194,209
046 97 03 0.7 209,205,202
046 97 02 0.7 197,193,187
046 97 02 0.7 176,165,155
046 97 02 0.7 142,129,116
046 97 01 0.7 104,89,75
046 97 01 0.7 62,54,44
046 97 01 0.7 32,18,4
046 97 01 0.7 0,0,0
046 97 01 0.7 0,36,73
046 97 03 0.7 112,136,159
046 97 03 0.7 175,187,191
046 97 03 0.7 190,209,207
046 97 03 0.7 207,206,200
046 97 02 0.7 189,175,166
046 97 02 0.7 154,146,135
046 97 02 0.7 127,116,108
046 97 01 0.7 100,91,77
046 97 01 0.7 61,44,31
046 97 01 0.7 21,9,0
046 97 01 0.7 0,0,5
046 97 02 0.7 43,84,119
046 97 03 0.7 146,167,184
047 97 03 0.7 194,195,211
047 97 03 0.7 207,207,210
047 97 03 0.7 207,202,195
047 97 02 0.7 186,175,160
047 97 02 0.7 147,138,131
047 97 01 0.7 118,106,93
047 97 01 0.7 83,73,63
047 97 01 0.7 48,37,21
047 97 01 0.7 11,0,0
047 97 01 0.7 0,0,27
047 97 02 0.7 69,109,140
047 97 03 0.7 164,180,189
047 97 03 0.7 193,192,206
047 97 03 0.7 207,208,204
047 97 03 0.7 197,191,186
047 97 02 0.7 179,169,158
047 97 02 0.7 146,138,128
047 97 02 0.7 115,102,88
047 97 01 0.7 75,64,53
047 97 01 0.7 46,37,27
047 97 01 0.7 19,8,0
047 97 01 0.7 5,32,69
047 97 02 0.7 109,139,168
047 97 04 0.7 189,210,224
047 97 04 0.8 232,233,234
047 97 03 0.8 237,242,244
047 97 03 0.8 235,227,220
047 97 02 0.8 212,203,191
047 97 02 0.8 183,168,158
047 97 02 0.8 145,133,115
047 97 01 0.8 99,89,77
047 97 01 0.8 65,51,41
047 97 01 0.8 31,23,32
047 97 01 0.8 53,89,121
047 97 03 0.8 148,165,178
047 97 03 0.6 185,185,159
047 97 03 0.6 155,156,158
047 97 03 0.6 153,147,135
047 97 02 0.6 129,119,108
047 97 02 0.6 101,93,86
047 97 01 0.6 76,67,57
047 97 01 0.6 46,42,31
047 97 01 0.6 18,1,0
047 97 01 0.6 0,0,0
047 97 01 0.6 0,0,24
047 97 02 0.6 64,103,139
047 97 04 0.6 169,192,205
047 97 04 0.8 213,246,251
047 97 03 0.8 253,258,254
047 97 03 0.8 249,242,237
047 97 02 0.8 230,223,218
047 97 02 0.8 214,208,201
047 97 02 0.8 192,183,172
047 97 02 0.8 166,158,146
047 97 01 0.8 132,125,119
047 97 01 0.8 114,110,121
047 97 02 0.8 148,186,223
047 97 03 0.8 248,266,275
047 97 03 0.6 279,169,167
047 97 03 0.6 166,165,171
047 97 03 0.6 168,169,166
047 97 02 0.6 163,155,144
047 97 02 0.6 136,126,116
047 97 02 0.6 110,101,95
047 97 01 0.6 84,71,57
047 97 01 0.6 41,29,12
047 97 01 0.6 0,0,0
047 97 01 0.6 0,0,37
047 97 02 0.6 81,118,151
047 97 04 0.6 187,221,242
051 97 04 0.9 250,275,273
051 97 05 0.9 274,279,281
051 97 04 0.9 281,274,267
051 97 03 0.9 255,240,225
051 97 01 0.9 209,199,191
051 97 01 0.9 179,164,146
051 97 00 0.9 129,112,95
051 97 00 0.9 81,68,50
051 97 00 0.9 32,20,30
051 97 00 0.9 58,97,136
051 97 04 0.9 165,188,205
051 97 05 0.7 224,230,233
051 97 04 0.7 209,213,221
051 97 03 0.7 231,236,234
051 97 03 0.7 223,209,192
051 97 02 0.7 175,161,155
051 97 02 0.7 150,144,134
051 97 01 0.7 125,118,104
051 97 01 0.7 89,70,57
051 97 01 0.7 45,32,18
051 97 01 0.7 7,22,51
051 97 02 0.7 94,130,157
051 97 03 0.7 181,197,210
051 98 03 0.7 212,202,201
051 98 03 0.7 196,194,188
051 98 02 0.7 181,172,163
051 98 02 0.7 151,138,123
051 98 02 0.7 114,103,87
051 98 01 0.7 75,62,49
051 98 01 0.7 30,16,4
051 98 01 0.7 0,0,0
051 98 01 0.7 0,0,0
051 98 01 0.7 0,0,35
051 98 03 0.7 70,101,124
051 98 04 0.7 147,153,154
051 98 03 0.7 215,222,227
051 98 03 0.7 222,215,204
051 98 02 0.7 187,170,155
051 98 02 0.7 143,131,114
051 98 01 0.7 99,85,75
051 98 01 0.7 61,48,34
051 98 01 0.7 21,6,0
051 98 01 0.7 0,0,0
051 98 01 0.7 0,0,0
051 98 01 0.7 0,11,44
051 98 03 0.7 64,80,89
051 98 03 0.6 100,98,153
051 98 03 0.6 149,147,147
051 98 02 0.6 142,138,130
051 98 02 0.6 124,117,109
051 98 02 0.6 99,93,91
051 98 02 0.6 83,71,55
051 98 01 0.6 42,30,21
051 98 01 0.6 16,7,0
051 98 01 0.6 0,0,0
051 98 01 0.6 0,0,0
051 98 02 0.6 12,29,42
051 98 02 0.4 53,59,61
051 98 03 0.4 103,100,94
051 98 02 0.4 93,90,86
051 98 02 0.4 80,70,60
051 98 01 0.4 52,44,34
051 98 01 0.4 21,9,0
051 98 00 0.4 0,0,0
051 98 00 0.4 0,0,0
051 98 00 0.4 0,0,0
051 98 00 0.4 0,0,0
051 98 03 0.4 0,28,55
051 98 05 0.4 80,97,113
051 98 05 0.7 114,219,217
051 98 03 0.7 224,230,230
051 98 03 0.7 227,222,213
051 98 02 0.7 206,193,179
051 98 02 0.7 164,151,143
051 98 01 0.7 130,118,106
051 98 01 0.7 98,90,79
051 98 01 0.7 66,50,38
051 98 01 0.7 34,50,84
051 98 02 0.7 127,163,187
051 98 03 0.7 211,233,244
051 98 04 0.7 247,209,210
051 98 03 0.7 210,209,206
051 98 03 0.7 199,193,186
051 98 02 0.7 175,165,154
051 98 02 0.7 143,130,114
051 98 01 0.7 102,85,70
051 98 01 0.7 58,50,41

