177628!20190923_150313!0!0
2.41!2.47!2.45!2.43!2.4!2.43!
98!30!71!29!308
405.0 2.37 59 51

030 70 00 0.5 0,0,0
030 70 03 0.6 0,0,175
030 70 03 0.6 166,157,146
030 70 02 0.6 138,130,115
030 70 01 0.6 106,92,83
030 70 00 0.6 71,60,47
030 70 00 0.6 31,18,4
030 70 00 0.6 0,0,0
030 70 00 0.6 0,0,0
030 70 00 0.6 0,30,71
030 70 04 0.6 98,114,120
030 70 04 0.6 117,157,144
030 70 03 0.6 137,128,120
030 70 02 0.6 107,93,78
030 70 01 0.6 64,56,47
030 70 00 0.6 39,28,12
030 70 00 0.6 0,0,0
030 70 00 0.6 0,0,0
030 70 00 0.6 0,0,0
030 70 03 0.6 45,82,108
030 70 05 0.6 124,125,175
030 70 04 0.6 164,157,148
030 70 03 0.6 140,128,119
030 70 02 0.6 106,94,78
030 70 01 0.6 67,57,50
030 70 00 0.6 42,32,24
030 70 00 0.6 15,0,0
030 70 00 0.6 0,0,32
030 70 02 0.6 75,109,132
063 99 05 0.6 149,156,156
063 99 04 0.6 165,155,142
063 99 02 0.6 136,125,118
063 99 02 0.6 104,89,73
063 99 00 0.6 64,54,47
063 99 00 0.6 35,23,9
063 99 00 0.6 0,0,0
063 99 00 0.6 0,0,0
063 99 01 0.6 30,77,117
063 99 05 0.6 141,160,163
063 99 05 0.7 195,181,173
063 99 03 0.7 164,154,145
063 99 02 0.7 130,121,109
063 99 01 0.7 100,93,80
063 99 00 0.7 70,57,47
063 99 00 0.7 34,24,14
063 99 00 0.7 1,0,0
063 99 01 0.7 21,81,145
063 99 06 0.7 203,250,297
063 99 08 1.3 333,351,349
063 99 07 1.3 355,359,412
063 99 08 1.3 482,472,374
063 99 02 1.3 251,200,230
069 99 01 0.5 299,350,337
069 99 02 0.5 92,63,53
069 99 01 0.5 45,35,30
069 99 00 0.5 21,11,6
069 99 01 0.5 25,60,103
069 99 04 0.5 135,155,167
069 99 05 0.6 168,156,145
069 99 03 0.6 135,125,111
069 99 02 0.6 96,85,74
069 99 01 0.6 66,53,47
069 99 01 0.6 38,31,14
069 99 00 0.6 0,0,0
069 99 00 0.6 0,0,0
069 99 00 0.6 0,0,0
069 99 02 0.6 20,64,95
069 99 05 0.6 110,114,161
069 99 04 0.6 154,138,130
069 99 02 0.6 118,112,103
069 99 01 0.6 97,86,75
069 99 00 0.6 59,48,36
069 99 00 0.6 23,12,0
069 99 00 0.6 0,0,0
069 99 00 0.6 0,0,0
069 99 01 0.6 0,36,75
069 99 04 0.6 102,115,122
068 99 04 0.6 172,162,150
068 99 03 0.6 138,128,115
068 99 02 0.6 100,87,73
068 99 01 0.6 65,58,51
068 99 00 0.6 39,25,15
068 99 00 0.6 5,0,0
068 99 00 0.6 0,0,0
068 99 00 0.6 0,0,0
068 99 02 0.6 41,87,119
068 99 05 0.7 138,147,195
068 99 04 0.7 189,178,165
068 99 03 0.7 156,146,136
068 99 02 0.7 123,110,99
068 99 01 0.7 89,78,72
068 99 00 0.7 60,52,42
068 99 00 0.7 32,25,13
068 99 00 0.7 4,0,0
068 99 00 0.7 0,20,61
068 99 03 0.7 103,140,160
068 99 05 0.6 171,181,175
068 99 04 0.6 167,158,147
068 99 02 0.6 133,120,109
068 99 02 0.6 102,90,82
068 99 01 0.6 71,64,54
068 99 00 0.6 42,34,23
068 99 00 0.6 14,0,0
068 99 00 0.6 0,0,0
068 99 01 0.6 11,55,96
068 99 05 0.6 125,143,150
068 99 04 0.6 176,171,158
068 99 03 0.6 149,138,132
068 99 02 0.6 125,115,104
068 99 01 0.6 93,82,75
068 99 01 0.6 65,56,44
068 99 00 0.6 35,27,19
068 99 00 0.6 12,6,3
068 99 01 0.6 18,57,109
068 99 05 0.6 148,168,173
068 99 05 0.6 175,168,162
068 99 04 0.6 150,138,129
068 99 02 0.6 121,118,111
068 99 02 0.6 105,98,90
068 99 01 0.6 77,66,57
068 99 01 0.6 54,47,39
068 99 01 0.6 32,31,38
068 99 02 0.6 65,107,155
068 99 05 0.6 193,215,222
068 99 05 0.7 221,189,180
068 99 04 0.7 169,159,153
068 99 02 0.7 146,141,132
068 99 02 0.7 125,116,115
068 99 01 0.7 105,98,84
068 99 01 0.7 79,74,73
068 99 01 0.7 78,99,138
068 99 04 0.7 185,220,246
069 99 06 0.6 254,255,173
069 99 04 0.6 166,155,148
069 99 03 0.6 144,137,125
069 99 02 0.6 109,102,95
069 99 01 0.6 86,76,67
069 99 01 0.6 64,55,48
069 99 01 0.6 46,68,117
069 99 04 0.6 168,204,222
069 99 06 0.6 233,234,185
069 99 04 0.6 175,165,153
069 99 03 0.6 146,140,136
069 99 02 0.6 129,120,108
069 99 01 0.6 96,89,80
069 99 01 0.6 77,88,122
069 99 03 0.6 165,205,232
069 99 05 0.6 248,252,173
069 99 04 0.6 166,159,153
069 99 03 0.6 147,139,133
069 99 02 0.6 127,118,110
069 99 02 0.6 97,91,79
069 99 01 0.6 79,88,116
069 99 03 0.6 156,196,228
071 99 05 0.6 245,251,250
071 99 04 0.6 165,157,145
071 99 03 0.6 137,126,117
071 99 02 0.6 106,95,86
071 99 01 0.6 69,57,45
071 99 00 0.6 37,27,19
071 99 00 0.6 17,17,17
071 99 01 0.6 20,39,78
071 99 04 0.6 121,157,173
071 99 05 0.6 180,177,156
071 99 04 0.6 148,135,125
071 99 02 0.6 117,110,98
071 99 01 0.6 82,67,54
071 99 00 0.6 47,42,35
071 99 00 0.6 27,15,5
071 99 00 0.6 0,0,0
071 99 00 0.6 0,0,0
071 99 02 0.6 41,78,107
071 99 04 0.5 120,126,156
071 99 04 0.5 147,137,126
071 99 02 0.5 120,109,101
071 99 02 0.5 92,83,71
071 99 01 0.5 58,48,37
071 99 00 0.5 25,13,5
071 99 00 0.5 0,0,0
071 99 00 0.5 0,0,0
071 99 00 0.5 0,0,11
071 99 03 0.5 51,83,101
071 99 04 0.5 110,113,151
071 99 04 0.5 140,126,115
071 99 02 0.5 106,96,85
071 99 01 0.5 69,57,50
071 99 01 0.5 39,26,12
071 99 00 0.5 2,0,0
071 99 00 0.5 0,0,0
071 99 00 0.5 0,0,0
071 99 00 0.5 0,0,0
071 99 03 0.5 22,54,74
071 99 04 0.6 85,86,148
071 99 03 0.6 136,121,115
071 99 02 0.6 108,100,90
071 99 01 0.6 75,64,58
071 99 01 0.6 48,39,26
071 99 00 0.6 16,10,0
071 99 00 0.6 0,0,0
071 99 00 0.6 0,0,0
071 99 00 0.6 0,0,10
071 99 03 0.6 53,86,105
071 99 05 0.6 111,112,162
071 99 04 0.6 155,147,140
071 99 03 0.6 130,122,114
071 99 02 0.6 110,99,86
071 99 01 0.6 72,63,52
071 99 00 0.6 39,30,22
071 99 00 0.6 14,4,0
071 99 00 0.6 0,0,0
071 99 00 0.6 0,0,33
071 99 03 0.6 74,102,120
070 99 04 0.6 129,133,161
070 99 04 0.6 155,149,141
070 99 03 0.6 130,120,111
070 99 02 0.6 95,82,68
070 99 01 0.6 63,52,43
070 99 00 0.6 34,23,14
070 99 00 0.6 1,0,0
070 99 00 0.6 0,0,0
070 99 01 0.6 0,29,76
070 99 04 0.6 109,130,138
070 99 05 0.6 142,142,171
070 99 04 0.6 165,156,148
070 99 02 0.6 140,133,117
070 99 01 0.6 109,100,92
070 99 01 0.6 81,70,69
070 99 01 0.6 59,58,49
070 99 00 0.6 40,31,26
070 99 00 0.6 24,26,46
070 99 02 0.6 85,134,172
070 99 05 0.6 199,214,218
070 99 05 0.7 193,185,179
070 99 04 0.7 172,168,159
070 99 02 0.7 147,134,123
070 99 01 0.7 118,108,98
070 99 01 0.7 86,80,75
070 99 01 0.7 67,57,47
070 99 00 0.7 39,30,21
070 99 00 0.7 20,23,41
070 99 02 0.7 76,120,165
070 99 05 0.7 196,214,221
069 99 05 0.7 222,199,189
069 99 03 0.7 178,169,166
069 99 02 0.7 154,146,137
069 99 02 0.7 131,124,117
069 99 02 0.7 111,100,94
069 99 01 0.7 89,86,79
069 99 01 0.7 67,60,52
069 99 01 0.7 50,41,41
069 99 01 0.7 54,96,141
069 99 03 0.7 185,206,227
069 99 04 0.7 235,240,196
069 99 03 0.7 183,173,165
069 99 02 0.7 163,153,142
069 99 02 0.7 127,118,104
069 99 02 0.7 100,90,86
069 99 01 0.7 77,69,60
069 99 01 0.7 50,41,34
069 99 01 0.7 25,18,12
069 99 01 0.7 5,5,18
069 99 02 0.7 58,107,146
069 99 03 0.6 169,177,178
069 99 03 0.6 167,160,153
069 99 02 0.6 142,131,120
069 99 02 0.6 110,98,85
069 99 02 0.6 76,67,58
069 99 01 0.6 50,43,37
069 99 01 0.6 29,16,3
069 99 01 0.6 0,0,0
069 99 01 0.6 0,0,0
069 99 01 0.6 0,14,55
069 99 03 0.6 91,113,126
063 99 03 0.6 129,167,157
063 99 03 0.6 146,136,131
063 99 02 0.6 127,118,110
063 99 02 0.6 102,91,79
063 99 01 0.6 67,59,51
063 99 01 0.6 45,33,24
063 99 01 0.6 18,11,3
063 99 01 0.6 0,0,0
063 99 01 0.6 0,22,65
063 99 03 0.6 104,125,143
063 99 03 0.6 147,150,160
063 99 03 0.6 152,140,133
063 99 02 0.6 126,123,113
063 99 02 0.6 105,88,82
063 99 02 0.6 74,68,53
063 99 01 0.6 38,29,19
063 99 01 0.6 11,4,0
063 99 01 0.6 0,0,0
063 99 01 0.6 0,0,43
063 99 03 0.6 93,123,142
063 98 03 0.6 150,154,151
063 98 03 0.6 174,161,152
063 98 02 0.6 141,135,123
063 98 02 0.6 115,103,93
063 98 01 0.6 83,72,61
063 98 01 0.6 53,42,36
063 98 01 0.6 25,22,16
063 98 01 0.6 11,2,0
063 98 01 0.6 0,0,14
063 98 02 0.6 54,100,132
063 98 03 0.6 150,162,165
063 98 03 0.6 179,170,159
063 98 03 0.6 152,138,131
063 98 02 0.6 122,121,111
063 98 02 0.6 100,88,81
063 98 02 0.6 73,62,51
063 98 01 0.6 40,29,20
063 98 01 0.6 14,9,0
063 98 01 0.6 0,0,0
063 98 01 0.6 0,34,76
063 98 03 0.6 110,134,147
063 98 03 0.6 155,155,166
063 98 03 0.6 154,143,138
063 98 02 0.6 130,124,117
063 98 02 0.6 109,101,92
063 98 02 0.6 82,72,62
063 98 01 0.6 56,52,46
063 98 01 0.6 38,28,19
063 98 01 0.6 10,3,0
063 98 01 0.6 6,30,78
063 98 03 0.6 120,149,162
063 98 03 0.6 174,179,174
063 98 03 0.6 165,157,150
063 98 02 0.6 146,139,133
063 98 02 0.6 125,119,112
063 98 02 0.6 103,95,85
063 98 02 0.6 77,71,68
063 98 02 0.6 60,50,37
063 98 01 0.6 31,26,24
063 98 01 0.6 27,44,79
063 98 03 0.6 120,154,175
063 98 03 0.6 185,189,160
063 98 03 0.6 151,144,137
063 98 02 0.6 131,123,116
063 98 02 0.6 106,94,85
063 98 02 0.6 76,70,59
063 98 01 0.6 48,39,32
063 98 01 0.6 29,18,10
063 98 01 0.6 0,0,0
063 98 01 0.6 0,0,22
063 98 02 0.6 67,104,134
063 98 03 0.6 149,162,164
063 98 03 0.6 179,173,162
063 98 02 0.6 154,144,137
063 98 02 0.6 130,120,109
063 98 02 0.6 98,86,79
063 98 01 0.6 73,70,59
063 98 01 0.6 49,37,32
063 98 01 0.6 26,22,17
063 98 01 0.6 8,3,12
063 98 02 0.6 42,81,121
063 98 03 0.6 149,168,178
063 98 03 0.6 179,167,155
063 98 03 0.6 147,141,139
063 98 02 0.6 133,128,120
063 98 02 0.6 110,99,86
063 98 01 0.6 81,76,69
063 98 01 0.6 56,46,42
063 98 01 0.6 35,23,13
063 98 01 0.6 5,0,0
063 98 01 0.6 1,32,77
063 98 03 0.6 115,139,152
061 98 03 0.6 159,158,159
061 98 03 0.6 150,143,137
061 98 02 0.6 128,120,113
061 98 02 0.6 104,94,83
061 98 02 0.6 73,63,51
061 98 01 0.6 47,39,37
061 98 01 0.6 27,21,12
061 98 01 0.6 3,0,0
061 98 01 0.6 0,0,20
061 98 02 0.6 57,94,120
061 98 03 0.6 138,149,148
061 98 03 0.6 157,148,137
061 98 02 0.6 133,123,118
061 98 02 0.6 110,108,98
061 98 02 0.6 88,76,67
061 98 01 0.6 60,50,45
061 98 01 0.6 39,29,22
061 98 01 0.6 11,4,0
061 98 01 0.6 0,0,22
061 98 02 0.6 60,95,120
061 98 03 0.5 133,139,139
061 98 03 0.5 146,140,135
061 98 02 0.5 130,124,112
061 98 02 0.5 101,90,88
061 98 02 0.5 79,71,58
061 98 01 0.5 48,40,34
061 98 01 0.5 29,22,13
061 98 01 0.5 3,0,0
061 98 01 0.5 0,0,5
061 98 02 0.5 42,84,124
058 98 03 0.6 147,160,161
058 98 03 0.6 173,167,158
058 98 03 0.6 152,146,137
058 98 02 0.6 128,121,119
058 98 02 0.6 111,104,92
058 98 02 0.6 82,72,64
058 98 01 0.6 58,49,42
058 98 01 0.6 30,21,14
058 98 01 0.6 9,5,11
058 98 02 0.6 40,81,127
058 98 03 0.6 159,181,187
058 98 04 0.6 189,182,177
058 98 03 0.6 169,160,151
058 98 02 0.6 141,133,129
058 98 02 0.6 123,113,104
058 98 02 0.6 92,84,73
058 98 01 0.6 71,64,58
058 98 01 0.6 48,40,31
058 98 01 0.6 23,15,11
058 98 01 0.6 23,49,88
058 98 03 0.6 124,154,174
058 98 03 0.6 181,182,165
058 98 03 0.6 160,149,146
058 98 02 0.6 137,125,116
058 98 02 0.6 102,96,89
058 98 02 0.6 85,81,71
058 98 02 0.6 66,58,48
058 98 01 0.6 38,31,26
058 98 01 0.6 20,14,7
058 98 01 0.6 5,17,49
058 98 02 0.6 89,123,147
058 98 03 0.6 163,169,161
058 98 03 0.6 153,143,136
058 98 02 0.6 129,120,109
058 98 02 0.6 100,96,90
058 98 02 0.6 84,78,69
058 98 02 0.6 59,50,44
058 98 01 0.6 34,27,22
058 98 01 0.6 18,14,5
058 98 01 0.6 0,4,27
058 98 02 0.6 62,95,124
058 98 03 0.6 146,159,160
058 98 03 0.6 153,146,135
058 98 02 0.6 130,121,115
058 98 02 0.6 104,104,98
058 98 02 0.6 93,78,69
058 98 02 0.6 58,51,40
058 98 01 0.6 32,26,20
058 98 01 0.6 11,4,0
058 98 01 0.6 0,0,0
058 98 02 0.6 18,54,92
058 98 03 0.6 123,142,155
058 98 03 0.6 160,168,160
058 98 03 0.6 153,142,135
058 98 02 0.6 123,119,109
058 98 02 0.6 104,94,86
058 98 02 0.6 76,66,59
058 98 01 0.6 49,46,37
058 98 01 0.6 35,26,19
058 98 01 0.6 9,1,0
058 98 01 0.6 3,26,62
058 98 03 0.6 104,135,155
058 98 03 0.6 162,164,157
058 98 03 0.6 148,138,127
058 98 02 0.6 125,117,111
058 98 02 0.6 99,93,85
058 98 01 0.6 73,65,58
058 98 01 0.6 55,46,34
058 98 01 0.6 26,20,14
058 98 01 0.6 6,0,0
058 98 01 0.6 0,0,2
058 98 02 0.6 38,73,105
058 98 03 0.6 123,137,136
058 98 03 0.6 156,143,134
058 98 02 0.6 128,123,116
058 98 02 0.6 109,103,96
058 98 02 0.6 85,76,70
058 98 01 0.6 62,52,40
058 98 01 0.6 34,27,22
058 98 01 0.6 13,5,0
058 98 01 0.6 0,0,4
058 98 02 0.6 34,74,108
058 98 03 0.6 131,144,151
058 98 03 0.6 150,152,146
058 98 03 0.6 142,139,131
058 98 02 0.6 125,115,105
058 98 02 0.6 94,88,84
058 98 02 0.6 78,69,57
058 98 01 0.6 50,38,31
058 98 01 0.6 20,17,12
058 98 01 0.6 9,9,27
058 98 02 0.6 58,97,131
058 98 03 0.6 154,168,168
058 98 03 0.6 160,150,144
058 98 03 0.6 139,137,132
058 98 02 0.6 122,111,98
058 98 02 0.6 86,76,68
058 98 01 0.6 62,56,49
058 98 01 0.6 43,32,26
058 98 01 0.6 18,18,10
058 98 01 0.6 6,3,17
058 98 02 0.6 46,87,125
058 98 03 0.6 153,172,185
058 98 04 0.6 187,175,164
058 98 03 0.6 157,151,145
058 98 02 0.6 136,129,121
058 98 02 0.6 111,101,94
058 98 02 0.6 88,79,72
058 98 02 0.6 64,58,45
058 98 01 0.6 39,33,30
058 98 01 0.6 21,13,14
058 98 02 0.6 26,61,96
058 98 03 0.6 134,154,170
058 98 03 0.6 176,177,158
058 98 03 0.6 146,138,132
058 98 02 0.6 129,123,114
058 98 02 0.6 105,96,86
058 98 02 0.6 75,63,57
058 98 01 0.6 51,43,37
058 98 01 0.6 28,21,10
058 98 01 0.6 5,1,0
058 98 01 0.6 0,0,16
058 98 02 0.6 57,95,125
058 98 03 0.6 141,152,153
058 98 03 0.6 167,156,144
058 98 02 0.6 134,129,123
058 98 02 0.6 113,107,98
058 98 02 0.6 94,86,80
058 98 01 0.6 66,52,44
058 98 01 0.6 38,36,26
058 98 01 0.6 18,9,4
058 98 01 0.6 0,0,13
058 98 02 0.6 43,80,111
059 98 03 0.5 134,148,151
059 98 03 0.5 147,140,137
059 98 03 0.5 127,119,111
059 98 02 0.5 104,93,85
059 98 02 0.5 76,68,57
059 98 02 0.5 50,44,35
059 98 01 0.5 27,18,11
059 98 01 0.5 3,0,0
059 98 01 0.5 0,0,0
059 98 02 0.5 18,57,92
059 98 03 0.5 116,133,142
059 98 03 0.6 144,156,146
059 98 03 0.6 135,131,124
059 98 02 0.6 118,104,96
059 98 02 0.6 85,80,69
059 98 01 0.6 60,51,42
059 98 01 0.6 37,30,23
059 98 01 0.6 15,7,0
059 98 01 0.6 0,0,0
059 98 01 0.6 1,30,72
059 98 03 0.6 104,129,141
059 98 03 0.6 147,160,154
059 98 03 0.6 141,136,131
059 98 02 0.6 127,117,107
059 98 02 0.6 103,96,88
059 98 01 0.6 72,61,52
059 98 01 0.6 46,40,29
059 98 01 0.6 21,10,3
059 98 01 0.6 0,0,0
059 98 01 0.6 0,0,23
059 98 02 0.6 67,101,123
059 98 03 0.5 132,134,134
059 98 03 0.5 152,148,138
059 98 02 0.5 130,122,120
059 98 02 0.5 114,107,96
059 98 02 0.5 86,73,63
059 98 01 0.5 56,51,43
059 98 01 0.5 30,23,13
059 98 01 0.5 8,10,30
059 98 02 0.5 68,104,130
059 98 03 0.5 143,146,151
059 98 03 0.5 142,134,127
059 98 02 0.5 122,118,110
059 98 02 0.5 101,95,85
059 98 02 0.5 75,62,52
059 98 01 0.5 49,48,40
059 98 01 0.5 29,19,12
059 98 01 0.5 5,0,0
059 98 01 0.5 0,0,0
059 98 01 0.5 0,0,0
059 98 01 0.5 0,1,45
059 98 03 0.5 85,110,127
058 98 03 0.6 131,128,176
058 98 03 0.6 169,166,157
058 98 02 0.6 154,148,143
058 98 02 0.6 136,125,115
058 98 02 0.6 102,95,87
058 98 01 0.6 84,74,67
058 98 01 0.6 59,54,46
058 98 01 0.6 38,33,28
058 98 01 0.6 36,51,82
058 98 03 0.6 117,153,179
058 98 04 0.6 196,202,201
058 98 03 0.6 168,162,158
058 98 03 0.6 150,145,138
058 98 02 0.6 129,121,114
058 98 02 0.6 109,103,94
058 98 02 0.6 87,81,75
058 98 01 0.6 68,59,54
058 98 01 0.6 52,51,49
058 98 02 0.6 56,67,93
058 98 03 0.6 127,164,190
058 98 04 0.6 212,221,227

