176927!20191010_134317!1!3
3.09!3.1!3.04!3.14!2.96!3.12!
98!30!75!21!270
493.8 3.44 68 173

030 70 00 4.7 1137,1147,1144
030 70 08 4.7 1121,1083,1039
030 70 03 4.7 991,949,907
030 70 00 4.7 870,840,846
030 70 01 4.7 968,1218,1517
030 70 06 4.7 1744,1867,1925
030 70 08 4.2 1950,1943,1903
030 70 07 4.2 1845,1801,1790
030 70 08 4.2 1801,1812,1803
030 70 08 4.2 1772,1725,1676
030 70 01 4.2 1631,1589,1553
030 70 00 4.2 1517,1502,1575
030 70 03 4.2 1778,2057,2293
030 70 06 6.1 2418,2447,1579
030 70 07 6.1 1509,1439,1402
030 70 08 6.1 1406,1424,1431
030 70 08 6.1 1413,1382,1343
030 70 03 6.1 1295,1240,1188
030 70 00 6.1 1148,1114,1073
030 70 00 6.1 1027,987,995
030 70 00 6.1 1126,1382,1672
046 99 02 3.2 0,0,0
046 99 00 3.2 0,0,0
046 99 00 3.2 0,0,0
046 99 00 3.2 0,0,0
046 99 00 3.2 0,0,0
046 99 00 3.2 0,0,0
046 99 00 3.2 0,0,0
046 99 00 3.2 0,0,0
046 99 00 3.2 0,0,0
046 99 03 3.4 0,0,1219
046 99 07 3.4 1140,1072,1068
046 99 02 3.4 1098,1134,1129
046 99 04 3.4 1088,1018,928
046 99 00 3.4 832,736,656
046 99 00 3.4 591,537,492
046 99 00 3.4 444,411,477
046 99 01 3.4 728,1110,1459
046 99 04 3.4 1656,1733,1745
046 99 07 3.6 1304,1236,1171
046 99 04 3.6 1140,1150,1166
046 99 06 3.6 1160,1120,1054
046 99 03 3.6 967,879,786
046 99 00 3.6 706,628,558
046 99 00 3.6 488,418,356
046 99 00 3.6 303,321,507
046 99 00 3.6 859,1249,1523
046 99 04 3.6 1662,1722,1734
049 99 06 3.9 1394,1302,1209
049 99 07 3.9 1148,1139,1136
049 99 06 3.9 1115,1058,980
049 99 00 3.9 894,805,712
049 99 01 3.9 615,519,429
049 99 00 3.9 350,295,325
049 99 00 3.9 512,806,1065
049 99 06 2.4 1165,818,666
049 99 04 2.4 486,337,264
049 99 00 2.4 261,287,298
049 99 00 2.4 261,191,96
049 99 01 2.4 10,0,0
049 99 00 2.4 0,0,0
049 99 00 2.4 0,0,0
049 99 00 2.4 0,0,0
049 99 00 2.4 0,0,0
049 99 00 2.4 0,0,287
049 99 06 3.6 540,610,1330
049 99 07 3.6 1263,1179,1111
049 99 07 3.6 1101,1144,1198
049 99 06 3.6 1231,1224,1192
049 99 07 3.6 1138,1083,1036
049 99 01 3.6 1007,988,970
049 99 00 3.6 946,918,882
049 99 00 3.6 907,1083,1374
054 99 06 2.5 1653,1774,1770
054 99 07 2.5 821,736,648
054 99 06 2.5 573,532,520
054 99 02 2.5 521,496,443
054 99 00 2.5 367,278,183
054 99 00 2.5 78,0,0
054 99 00 2.5 0,0,0
054 99 00 2.5 0,0,0
054 99 04 2.5 384,714,873
054 99 07 3.6 914,915,1274
054 99 07 3.6 1207,1112,1039
054 99 08 3.6 1008,1008,1000
054 99 05 3.6 961,896,810
054 99 00 3.6 717,623,547
054 99 00 3.6 471,401,325
054 99 00 3.6 260,256,430
054 99 03 3.6 798,1217,1521
054 99 06 3.6 1674,1751,1787
054 99 07 4.2 1779,1475,1386
054 99 06 4.2 1308,1275,1268
054 99 08 4.2 1253,1210,1136
054 99 01 4.2 1049,956,870
054 99 00 4.2 783,701,627
054 99 00 4.2 560,524,620
054 99 02 4.2 902,1280,1588
055 99 07 3.5 1742,1767,1176
055 99 06 3.5 1045,907,824
055 99 04 3.5 807,829,839
055 99 04 3.5 814,751,663
055 99 00 3.5 570,468,366
055 99 00 3.5 270,185,117
055 99 00 3.5 58,0,0
055 99 00 3.5 0,0,130
055 99 02 3.5 527,925,1170
055 99 06 4.0 1273,1310,1300
055 99 06 4.0 1385,1301,1232
055 99 07 4.0 1205,1207,1208
055 99 07 4.0 1180,1127,1051
055 99 01 4.0 969,879,800
055 99 00 4.0 728,672,619
055 99 00 4.0 570,516,465
055 99 00 4.0 465,631,952
055 99 05 4.0 1302,1521,1584
055 99 05 3.2 1116,1052,969
055 99 05 3.2 893,862,869
055 99 06 3.2 883,869,824
055 99 03 3.2 754,671,588
055 99 00 3.2 504,423,347
055 99 00 3.2 280,221,159
055 99 00 3.2 95,55,155
055 99 01 3.2 431,788,1053
057 99 06 3.1 1156,1160,1051
057 99 06 3.1 968,868,801
057 99 05 3.1 781,792,795
057 99 04 3.1 771,715,639
057 99 00 3.1 553,463,373
057 99 00 3.1 287,218,157
057 99 00 3.1 99,28,0
057 99 00 3.1 23,281,677
057 99 07 3.1 1049,1268,1366
057 99 07 4.0 1416,1416,1398
057 99 06 4.0 1307,1231,1192
057 99 08 4.0 1191,1184,1143
057 99 04 4.0 1070,976,880
057 99 00 4.0 785,696,612
057 99 00 4.0 533,462,394
057 99 00 4.0 326,259,279
057 99 00 4.0 500,886,1277
057 99 07 4.0 1524,1638,1688
057 99 07 4.1 1695,1397,1311
057 99 07 4.1 1222,1178,1165
057 99 07 4.1 1155,1114,1036
057 99 01 4.1 940,837,733
057 99 00 4.1 632,541,459
057 99 00 4.1 383,309,241
057 99 00 4.1 172,111,125
057 99 00 4.1 333,712,1112
057 99 07 4.1 1367,1469,1489
059 99 06 3.9 1360,1286,1182
059 99 07 3.9 1089,1039,1032
059 99 04 3.9 1025,995,921
059 99 00 3.9 824,716,611
059 99 00 3.9 511,416,335
059 99 00 3.9 262,193,120
059 99 00 3.9 45,0,0
059 99 00 3.9 85,379,731
059 99 06 3.1 959,1036,1073
059 99 07 3.1 1000,896,791
059 99 04 3.1 726,710,713
059 99 02 3.1 703,660,599
059 99 00 3.1 516,427,331
059 99 00 3.1 239,160,125
059 99 00 3.1 189,343,507
059 99 05 3.1 578,524,375
059 99 00 3.1 194,38,0
059 99 00 3.1 0,0,0
059 99 01 3.1 0,0,0
059 99 00 3.1 0,0,0
059 99 01 3.1 0,0,0
059 99 01 3.1 0,0,0
059 99 01 3.1 0,0,0
059 99 01 3.1 0,0,0
059 99 00 3.1 0,0,0
059 99 07 3.1 89,230,254
059 99 05 4.6 1655,1591,1502
059 99 06 4.6 1432,1402,1409
059 99 08 4.6 1412,1392,1341
059 99 04 4.6 1276,1190,1104
059 99 00 4.6 1016,933,859
059 99 00 4.6 786,718,655
059 99 00 4.6 628,756,1053
059 99 06 4.6 1434,1704,1815
063 99 07 3.3 1824,1159,1090
063 99 06 3.3 990,907,859
063 99 04 3.3 853,852,834
063 99 02 3.3 784,712,626
063 99 00 3.3 536,445,358
063 99 00 3.3 277,195,126
063 99 00 3.3 99,227,532
063 99 06 3.3 913,1191,1301
063 99 06 3.4 1309,1177,1100
063 99 06 3.4 1004,919,889
063 99 05 3.4 892,899,876
063 99 03 3.4 824,753,672
063 99 00 3.4 588,507,430
063 99 00 3.4 359,293,240
063 99 00 3.4 282,510,875
063 99 06 3.4 1216,1401,1460
063 99 06 3.4 1454,1173,1097
063 99 04 3.4 1009,959,948
063 99 04 3.4 960,955,914
063 99 03 3.4 849,764,681
063 99 00 3.4 601,532,465
063 99 01 3.4 395,333,336
063 99 01 3.4 500,833,1198
063 99 04 3.4 1450,1551,1574
068 99 04 3.5 1220,1143,1047
068 99 05 3.5 975,959,968
068 99 04 3.5 972,935,868
068 99 01 3.5 779,688,601
068 99 00 3.5 520,445,368
068 99 00 3.5 297,238,281
068 99 00 3.5 507,876,1215
068 99 05 3.5 1405,1460,1456
068 99 04 3.5 1170,1088,1001
068 99 04 3.5 954,951,970
068 99 04 3.5 964,920,846
068 99 01 3.5 757,665,577
068 99 00 3.5 498,426,349
068 99 00 3.5 268,195,198
068 99 00 3.5 386,735,1090
068 99 03 3.3 1287,1331,1114
068 99 04 3.3 1036,937,855
068 99 04 3.3 825,834,845
068 99 03 3.3 825,776,701
068 99 00 3.3 610,508,405
068 99 01 3.3 314,233,158
068 99 00 3.3 92,40,114
068 99 00 3.3 374,754,1079
073 99 05 3.5 1238,1282,1229
073 99 04 3.5 1175,1081,983
073 99 05 3.5 936,938,947
073 99 03 3.5 928,872,792
073 99 00 3.5 695,598,506
073 99 01 3.5 431,357,290
073 99 00 3.5 225,228,411
073 99 02 3.5 762,1149,1409
073 99 06 3.5 1540,1609,1631
073 99 04 4.1 1389,1302,1211
073 99 05 4.1 1159,1143,1134
073 99 04 4.1 1097,1026,934
073 99 00 4.1 834,737,644
073 99 01 4.1 550,456,363
073 99 00 4.1 286,266,419
073 99 01 4.1 746,1134,1409
073 99 05 4.1 1540,1595,1605
073 99 05 3.9 1305,1214,1121
073 99 06 3.9 1059,1041,1029
073 99 04 3.9 995,924,830
073 99 00 3.9 725,615,508
073 99 00 3.9 404,311,218
073 99 00 3.9 126,38,0
073 99 00 3.9 97,403,798
073 99 06 3.9 1104,1252,1307
074 99 05 3.8 1304,1263,1166
074 99 06 3.8 1076,1021,1011
074 99 07 3.8 1002,970,909
074 99 00 3.8 828,737,639
074 99 00 3.8 549,460,391
074 99 00 3.8 321,256,182
074 99 00 3.8 111,93,235
074 99 03 3.8 532,856,1045
074 99 02 2.9 1086,960,878
074 99 07 2.9 776,691,662
074 99 03 2.9 671,686,664
074 99 02 2.9 615,540,457
074 99 00 2.9 371,280,195
074 99 00 2.9 116,50,0
074 99 00 2.9 0,0,0
074 99 00 2.9 0,164,507
074 99 07 3.0 751,830,814
074 99 08 3.0 959,864,755
074 99 05 3.0 664,624,614
074 99 00 3.0 598,549,477
074 99 00 3.0 382,277,165
074 99 00 3.0 67,0,0
074 99 00 3.0 0,131,388
075 99 04 2.0 580,629,616
075 99 03 2.0 450,265,129
075 99 00 2.0 74,75,82
075 99 00 2.0 59,0,0
075 99 00 2.0 0,0,0
075 99 00 2.0 0,0,0
075 99 01 2.0 0,0,0
075 99 01 2.0 0,0,0
075 99 01 2.0 0,0,0
075 99 04 2.0 0,134,365
075 99 04 4.5 451,471,1578
075 99 07 4.5 1510,1421,1362
075 99 07 4.5 1339,1347,1344
075 99 07 4.5 1317,1253,1174
075 99 00 4.5 1080,991,906
075 99 00 4.5 829,760,690
075 99 00 4.5 625,571,591
075 99 00 4.5 781,1112,1441
075 99 05 3.1 1619,1647,1039
075 99 07 3.1 956,856,760
075 99 05 3.1 705,694,696
075 99 02 3.1 684,641,568
075 99 00 3.1 483,396,314
075 99 00 3.1 236,163,96
075 99 00 3.1 31,0,0
075 99 00 3.1 100,420,786
074 99 05 3.2 1023,1094,1125
074 99 07 3.2 1058,962,862
074 99 06 3.2 805,784,791
074 99 03 3.2 780,749,688
074 99 00 3.2 616,536,455
074 99 00 3.2 373,296,229
074 99 00 3.2 165,115,141
074 99 01 3.2 353,723,1104
074 99 08 3.2 1345,1451,1488
074 99 07 3.9 1479,1314,1229
074 99 06 3.9 1163,1140,1146
074 99 08 3.9 1145,1113,1058
074 99 02 3.9 978,893,813
074 99 00 3.9 741,674,607
074 99 01 3.9 540,501,582
074 99 02 3.9 864,1262,1608
074 99 05 3.9 1797,1883,1920
074 99 07 4.1 1911,1349,1264
074 99 04 4.1 1201,1182,1185
074 99 08 4.1 1173,1123,1050
074 99 02 4.1 961,873,787
074 99 00 4.1 710,642,571
074 99 00 4.1 501,433,436
074 99 00 4.1 610,948,1318
074 99 06 4.1 1564,1681,1728
074 98 07 3.8 1729,1259,1171
074 98 04 3.8 1093,1059,1054
074 98 08 3.8 1047,1003,931
074 98 01 3.8 841,745,650
074 98 00 3.8 554,472,399
074 98 00 3.8 334,269,198
074 98 00 3.8 137,158,374
074 98 00 3.8 727,1080,1279
074 98 08 3.6 1355,1366,1201
074 98 06 3.6 1122,1027,976
074 98 07 3.6 968,977,954
074 98 04 3.6 903,823,735
074 98 00 3.6 638,550,463
074 98 00 3.6 388,324,270
074 98 00 3.6 249,294,415
074 98 01 3.6 535,560,463
074 98 00 3.6 291,121,8
074 98 00 3.6 0,0,0
074 98 00 3.6 0,0,0
074 98 00 3.6 0,0,0
074 98 00 3.6 0,0,0
074 98 02 3.6 0,0,0
074 98 00 3.6 0,0,0
074 98 00 3.6 0,0,0
074 98 00 3.6 0,0,22
066 98 04 4.2 236,290,280
066 98 05 4.2 1449,1370,1287
066 98 04 4.2 1239,1247,1264
066 98 05 4.2 1255,1211,1140
066 98 02 4.2 1057,965,873
066 98 00 4.2 795,724,664
066 98 01 4.2 607,550,496
066 98 01 4.2 475,605,909
066 98 05 4.2 1270,1513,1593
066 98 03 3.2 1585,1073,1000
066 98 05 3.2 903,819,781
066 98 04 3.2 785,787,758
066 98 01 3.2 690,603,505
066 98 00 3.2 408,316,235
066 98 00 3.2 160,90,22
066 98 00 3.2 0,0,19
066 98 01 3.2 315,713,1021
066 98 07 3.5 1152,1161,1203
066 98 04 3.5 1135,1046,967
066 98 04 3.5 932,939,950
066 98 03 3.5 929,873,796
066 98 00 3.5 712,624,539
066 98 01 3.5 466,404,347
066 98 01 3.5 297,245,209
066 98 00 3.5 280,536,911
066 98 05 3.5 1224,1367,1389
065 98 03 3.4 1148,1090,1009
065 98 05 3.4 942,917,934
065 98 05 3.4 947,930,877
065 98 02 3.4 801,714,630
065 98 00 3.4 555,489,432
065 98 01 3.4 375,336,373
065 98 01 3.4 557,834,1062
065 98 05 2.3 1134,731,583
065 98 04 2.3 429,322,309
065 98 00 2.3 342,373,359
065 98 00 2.3 304,232,150
065 98 00 2.3 68,0,0
065 98 00 2.3 0,0,0
065 98 00 2.3 0,0,0
065 98 00 2.3 0,0,0
065 98 05 2.3 295,719,961
065 98 06 2.3 1068,1111,1112
065 98 07 4.5 1525,1457,1411
065 98 07 4.5 1413,1426,1425
065 98 04 4.5 1388,1326,1250
065 98 02 4.5 1164,1087,1014
065 98 00 4.5 957,900,838
065 98 00 4.5 774,727,796
065 98 02 4.5 1045,1416,1743
065 98 04 4.5 1917,1972,1974
065 98 08 3.6 1215,1145,1063
065 98 07 3.6 1013,1010,1014
065 98 06 3.6 992,931,851
065 98 00 3.6 757,664,576
065 98 01 3.6 497,431,370
065 98 00 3.6 307,241,183
065 98 00 3.6 213,429,792
065 98 05 3.6 1152,1359,1435
065 98 07 3.7 1448,1239,1170
065 98 03 3.7 1087,1034,1027
065 98 05 3.7 1035,1022,974
065 98 03 3.7 899,811,719
065 98 00 3.7 636,558,485
065 98 01 3.7 419,356,300
065 98 00 3.7 235,209,328
065 98 01 3.7 630,997,1259
065 98 04 3.4 1359,1376,1135
065 98 04 3.4 1069,983,926
065 98 04 3.4 915,925,915
065 98 03 3.4 872,796,707
065 98 00 3.4 611,518,435
065 98 01 3.4 363,303,241
065 98 00 3.4 179,114,85
065 98 00 3.4 199,499,890
065 98 05 3.4 1192,1347,1413
065 98 05 4.0 1445,1335,1261
065 98 05 4.0 1167,1119,1110
065 98 08 4.0 1112,1074,1004
065 98 02 4.0 907,805,699
065 98 01 4.0 601,510,436
065 98 00 4.0 368,301,226
065 98 00 4.0 153,115,233
065 98 01 4.0 549,960,1288
065 98 07 4.0 1462,1548,1588
065 98 07 4.4 1575,1384,1289
065 98 06 4.4 1220,1193,1176
065 98 06 4.4 1139,1078,992
065 98 00 4.4 889,778,672
065 98 00 4.4 578,493,410
065 98 00 4.4 329,246,154
065 98 00 4.4 55,0,0
065 98 00 4.4 0,0,0
065 98 00 4.4 0,0,0
065 98 00 4.4 0,0,128
065 98 07 2.2 195,644,449
065 98 00 2.2 254,125,85
065 98 01 2.2 102,115,107
065 98 00 2.2 64,0,0
065 98 01 2.2 0,0,0
065 98 00 2.2 0,0,0
065 98 00 2.2 0,0,0
065 98 00 2.2 0,0,0
065 98 01 2.2 0,0,0
065 98 02 2.2 0,0,0
065 98 02 2.2 0,0,0
065 98 02 2.2 0,0,0
065 98 01 2.2 0,0,0
065 98 04 2.2 0,0,64
060 98 05 5.5 78,1941,1860
060 98 05 5.5 1762,1686,1663
060 98 03 5.5 1684,1703,1691
060 98 04 5.5 1638,1561,1469
060 98 01 5.5 1374,1285,1201
060 98 00 5.5 1122,1054,991
060 98 01 5.5 925,862,886
060 98 01 5.5 1112,1492,1854
060 98 05 3.5 2042,2071,1174
060 98 05 3.5 1096,986,881
060 98 03 3.5 804,781,774
060 98 02 3.5 760,720,653
060 98 00 3.5 569,476,381
060 98 01 3.5 282,188,104
060 98 00 3.5 26,0,0
060 98 01 3.5 244,645,1012
060 98 05 3.6 1201,1228,1224
060 98 05 3.6 1132,1013,903
060 98 03 3.6 830,808,804
060 98 02 3.6 793,751,688
060 98 00 3.6 607,527,456
060 98 01 3.6 403,359,315
060 98 01 3.6 260,203,209
060 98 00 3.6 395,741,1085
059 98 04 3.1 1262,1268,1001
059 98 05 3.1 884,760,668
059 98 03 3.1 638,646,658
059 98 02 3.1 640,596,525
059 98 00 3.1 446,360,273
059 98 00 3.1 194,120,56
059 98 00 3.1 0,2,196
059 98 01 3.1 579,1012,1300
059 98 05 4.1 1417,1439,1431
059 98 07 4.1 1371,1285,1217
059 98 07 4.1 1186,1194,1200
059 98 07 4.1 1187,1136,1062
059 98 01 4.1 968,885,801
059 98 00 4.1 726,650,592
059 98 01 4.1 602,793,1144
059 98 05 4.1 1516,1738,1782
059 98 06 3.5 1134,998,853
059 98 06 3.5 757,731,757
059 98 04 3.5 781,765,708
059 98 01 3.5 622,528,429
059 98 01 3.5 334,242,164
059 98 00 3.5 93,27,0
059 98 00 3.5 0,0,62
059 98 03 3.5 442,882,1186
059 98 04 4.2 1313,1341,1444
059 98 07 4.2 1376,1284,1212
059 98 07 4.2 1184,1187,1189
059 98 07 4.2 1160,1101,1014
059 98 00 4.2 922,827,736
059 98 00 4.2 649,575,507
059 98 00 4.2 437,362,305
059 98 00 4.2 377,653,1050
059 98 07 4.2 1379,1529,1547
059 98 06 3.6 1202,1121,1023
059 98 05 3.6 934,896,897
059 98 03 3.6 906,882,825
059 98 01 3.6 742,643,537
059 98 01 3.6 441,358,287
059 98 00 3.6 215,149,82
059 98 00 3.6 18,0,108
059 98 01 3.6 421,816,1102
059 98 04 3.6 1208,1198,1151
059 98 03 3.6 1060,968,905
059 98 04 3.6 894,905,911
059 98 03 3.6 881,822,741
059 98 00 3.6 656,566,482
059 98 01 3.6 395,324,256
059 98 00 3.6 191,126,67
059 98 00 3.6 103,317,677
059 98 03 3.6 1010,1176,1194
058 98 05 3.3 1074,978,866
058 98 06 3.3 786,756,767
058 98 03 3.3 776,756,703
058 98 01 3.3 622,527,430
058 98 01 3.3 333,241,160
058 98 00 3.3 97,44,31
058 98 00 3.3 158,447,787
058 98 06 3.0 1011,1062,954
058 98 08 3.0 802,646,545
058 98 00 3.0 522,545,567
058 98 00 3.0 554,499,421
058 98 00 3.0 330,234,138
058 98 00 3.0 42,0,0
058 98 00 3.0 0,0,0
058 98 00 3.0 0,0,0
058 98 00 3.0 0,175,633
058 98 07 3.0 943,1073,1105
058 98 05 4.5 1538,1480,1395
058 98 06 4.5 1325,1303,1313
058 98 06 4.5 1316,1288,1230
058 98 05 4.5 1150,1053,962
058 98 00 4.5 873,793,719
058 98 00 4.5 649,579,507
058 98 00 4.5 466,550,827
058 98 06 4.5 1216,1540,1698
066 98 08 3.7 1725,1230,1159
066 98 05 3.7 1066,984,952
066 98 06 3.7 958,967,945
066 98 04 3.7 889,814,722
066 98 00 3.7 630,538,458
066 98 00 3.7 387,324,258
066 98 00 3.7 189,129,153
066 98 00 3.7 361,717,1067
066 98 06 3.4 1260,1296,1127
066 98 06 3.4 1039,938,861
066 98 06 3.4 836,848,856
066 98 04 3.4 837,785,717
066 98 00 3.4 630,535,444
066 98 00 3.4 361,287,215
066 98 00 3.4 149,84,43
066 98 00 3.4 122,403,809
066 98 08 3.4 1174,1372,1447
066 98 07 4.1 1461,1389,1323
066 98 06 4.1 1247,1209,1212
066 98 08 4.1 1228,1217,1173
066 98 05 4.1 1097,1005,907
066 98 00 4.1 819,736,665
066 98 01 4.1 599,535,466
066 98 00 4.1 394,372,509
066 98 03 4.1 847,1275,1621
066 98 05 4.1 1811,1905,1938
065 98 07 4.6 1550,1475,1396
065 98 07 4.6 1352,1355,1357
065 98 03 4.6 1331,1271,1185
065 98 02 4.6 1083,976,875
065 98 00 4.6 786,706,634
065 98 00 4.6 563,486,409
065 98 00 4.6 341,366,582
065 98 00 4.6 962,1356,1610
065 98 03 4.6 1730,1780,1783
065 98 08 4.4 1401,1320,1256
065 98 05 4.4 1242,1245,1241

