176927!20190930_153326!0!0
3.06!3.57!3.15!3.21!3.34!3.34!
94!30!60!601!151
531.0 3.21 40 95

030 70 04 8.3 2366,2302,2224
030 70 04 8.3 2135,2041,1943
030 70 00 8.3 1844,1749,1655
030 70 01 8.3 1571,1492,1421
030 70 00 8.3 1353,1287,1223
030 70 00 8.3 1157,1099,1089
030 70 00 8.3 1260,1790,2533
030 70 05 8.3 3233,3642,3838
030 70 04 8.7 3914,2808,2709
030 70 05 8.7 2587,2495,2441
030 70 07 8.7 2404,2357,2282
030 70 06 8.7 2185,2074,1956
030 70 00 8.7 1833,1710,1594
030 70 00 8.7 1488,1392,1301
030 70 00 8.7 1213,1126,1038
030 70 00 8.7 953,867,791
030 70 01 8.7 771,951,1508
030 70 06 8.7 2261,2933,3285
030 70 05 8.5 3424,3452,2622
030 70 06 8.5 2492,2346,2231
030 70 06 8.5 2157,2101,2035
030 70 06 8.5 1946,1834,1712
030 70 00 8.5 1579,1448,1324
030 70 00 8.5 1210,1100,991
030 70 00 8.5 892,800,711
030 70 00 8.5 622,538,456
030 70 00 8.5 371,288,273
030 70 01 8.5 485,1094,1897
030 70 05 8.5 2600,2966,3116
030 70 06 9.2 3157,2839,2711
030 70 07 9.2 2556,2434,2356
030 70 05 9.2 2304,2250,2167
030 70 04 9.2 2054,1920,1773
030 70 00 9.2 1625,1484,1361
030 70 01 9.2 1259,1164,1078
030 70 00 9.2 985,895,797
030 70 00 9.2 709,618,536
030 70 00 9.2 447,372,344
030 70 00 9.2 510,1051,1791
030 70 05 9.2 2439,2747,2822
057 95 06 8.0 2449,2345,2198
057 95 06 8.0 2053,1946,1870
057 95 07 8.0 1803,1723,1626
057 95 00 8.0 1513,1385,1250
057 95 00 8.0 1118,992,876
057 95 00 8.0 765,661,559
057 95 00 8.0 456,353,249
057 95 00 8.0 153,62,0
057 95 00 8.0 0,0,0
057 95 00 8.0 0,0,0
057 95 00 8.0 0,0,0
057 95 00 8.0 0,0,0
057 95 00 8.0 0,0,0
057 95 01 8.0 0,0,0
057 95 00 8.0 0,0,0
057 95 00 8.0 0,0,0
057 95 00 8.0 0,0,0
057 95 00 8.0 0,0,0
057 95 00 8.0 0,0,0
057 95 06 8.0 369,756,850
057 95 05 8.1 2620,2516,2389
057 95 06 8.1 2270,2182,2123
057 95 05 8.1 2074,2024,1959
057 95 05 8.1 1881,1789,1691
057 95 00 8.1 1596,1501,1416
057 95 00 8.1 1332,1251,1176
057 95 00 8.1 1099,1030,960
057 95 00 8.1 896,831,764
057 95 00 8.1 733,801,1101
057 95 05 8.1 1600,2099,2395
057 95 06 5.3 2454,1667,1555
057 95 06 5.3 1425,1305,1216
057 95 06 5.3 1160,1110,1060
057 95 00 5.3 995,921,830
057 95 00 5.3 735,634,540
057 95 00 5.3 447,357,275
057 95 00 5.3 199,128,65
057 95 00 5.3 0,0,0
057 95 00 5.3 39,468,1120
057 95 07 5.3 1753,2123,2248
057 95 06 7.3 2252,2265,2151
057 95 07 7.3 2021,1914,1834
057 95 05 7.3 1772,1707,1626
057 95 02 7.3 1528,1418,1309
057 95 00 7.3 1201,1098,992
057 95 00 7.3 892,797,713
057 95 01 7.3 633,556,475
057 95 00 7.3 398,360,483
057 95 03 7.3 981,1744,2486
057 95 05 7.3 2923,3094,3141
057 95 07 8.7 2738,2626,2479
057 95 06 8.7 2354,2268,2204
057 95 05 8.7 2137,2053,1950
057 95 01 8.7 1836,1715,1595
057 95 00 8.7 1478,1365,1261
057 95 00 8.7 1165,1078,995
057 95 01 8.7 914,833,756
057 95 00 8.7 680,613,637
057 95 00 8.7 950,1631,2409
057 95 03 8.7 2964,3173,3210
057 95 06 8.3 2554,2448,2312
057 95 05 8.3 2195,2120,2071
057 95 06 8.3 2016,1938,1828
057 95 01 8.3 1699,1559,1418
057 95 00 8.3 1287,1166,1049
057 95 00 8.3 941,837,736
057 95 00 8.3 635,543,451
057 95 00 8.3 361,269,229
057 95 00 8.3 378,933,1725
057 95 04 8.3 2439,2805,2928
058 95 06 8.7 2940,2637,2490
058 95 04 8.7 2323,2187,2100
058 95 07 8.7 2035,1962,1861
058 95 01 8.7 1738,1597,1452
058 95 00 8.7 1307,1169,1039
058 95 00 8.7 916,807,704
058 95 00 8.7 608,511,414
058 95 00 8.7 322,225,135
058 95 00 8.7 81,192,716
058 95 04 8.7 1539,2346,2813
058 95 07 9.6 2997,3056,2943
058 95 06 9.6 2824,2660,2509
058 95 07 9.6 2411,2357,2308
058 95 07 9.6 2234,2125,1991
058 95 00 9.6 1844,1695,1551
058 95 00 9.6 1417,1292,1179
058 95 00 9.6 1071,970,871
058 95 00 9.6 773,681,589
058 95 00 9.6 501,407,348
058 95 00 9.6 439,923,1690
058 95 05 9.6 2424,2813,2905
058 95 06 8.3 2531,2431,2281
058 95 05 8.3 2115,1988,1902
058 95 05 8.3 1844,1773,1681
058 95 01 8.3 1564,1426,1274
058 95 00 8.3 1123,979,845
058 95 00 8.3 717,601,490
058 95 00 8.3 393,291,197
058 95 00 8.3 96,0,0
058 95 00 8.3 0,0,54
058 95 01 8.3 720,1539,2178
057 95 03 8.8 2444,2507,2694
057 95 05 8.8 2584,2418,2245
057 95 04 8.8 2107,2012,1935
057 95 03 8.8 1850,1739,1610
057 95 00 8.8 1463,1318,1169
057 95 01 8.8 1033,902,784
057 95 00 8.8 673,566,462
057 95 00 8.8 365,266,173
057 95 00 8.8 71,0,0
057 95 01 8.8 27,534,1328
057 95 04 8.8 2095,2507,2629
057 95 04 8.8 2627,2629,2485
057 95 05 8.8 2318,2173,2067
057 95 05 8.8 1988,1916,1827
057 95 01 8.8 1713,1579,1435
057 95 00 8.8 1295,1158,1034
057 95 01 8.8 916,811,712
057 95 00 8.8 621,531,442
057 95 00 8.8 352,260,175
057 95 00 8.8 96,101,362
057 95 01 8.8 993,1726,2250
057 95 04 7.6 2409,2293,2187
057 95 05 7.6 2039,1876,1732
057 95 06 7.6 1627,1558,1489
057 95 01 7.6 1401,1291,1168
057 95 00 7.6 1038,908,778
057 95 01 7.6 654,532,423
057 95 00 7.6 316,217,121
057 95 00 7.6 32,0,0
057 95 00 7.6 0,0,0
057 95 00 7.6 126,812,1544
057 95 07 7.9 2012,2152,2130
057 95 06 7.9 2329,2184,2021
057 95 06 7.9 1879,1774,1698
057 95 04 7.9 1624,1536,1426
057 95 00 7.9 1303,1176,1049
057 95 00 7.9 924,806,691
057 95 00 7.9 581,477,378
057 95 00 7.9 291,206,124
057 95 00 7.9 43,0,0
057 95 00 7.9 272,918,1681
057 95 08 7.9 2256,2489,2534
057 95 06 8.2 2519,2408,2260
057 95 07 8.2 2116,2005,1932
057 95 06 8.2 1871,1795,1692
057 95 00 8.2 1575,1452,1325
057 95 00 8.2 1202,1086,986
057 95 00 8.2 892,800,708
057 95 00 8.2 619,538,459
057 95 00 8.2 380,308,302
057 95 00 8.2 510,1092,1817
057 95 07 7.5 2392,2599,2590
057 95 07 7.5 2206,2064,1911
057 95 07 7.5 1777,1684,1623
057 95 07 7.5 1562,1487,1381
057 95 00 7.5 1261,1127,993
057 95 00 7.5 859,733,616
057 95 00 7.5 512,418,328
057 95 00 7.5 238,148,57
057 95 00 7.5 0,0,92
057 95 03 7.5 656,1457,2169
058 95 04 8.6 2511,2594,2633
058 95 06 8.6 2540,2392,2232
058 95 07 8.6 2100,2014,1952
058 95 06 8.6 1883,1787,1664
058 95 00 8.6 1526,1382,1243
058 95 00 8.6 1113,992,877
058 95 00 8.6 771,672,579
058 95 00 8.6 491,403,306
058 95 00 8.6 233,281,698
058 95 04 8.6 1462,2262,2763
058 95 05 8.9 2924,2941,2645
058 95 05 8.9 2512,2341,2192
058 95 04 8.9 2083,2010,1942
058 95 04 8.9 1858,1745,1614
058 95 00 8.9 1469,1327,1187
058 95 01 8.9 1050,920,797
058 95 00 8.9 689,587,492
058 95 00 8.9 400,312,229
058 95 00 8.9 223,487,1141
058 95 04 8.9 1913,2474,2657
058 95 07 8.0 2640,2327,2173
058 95 07 8.0 2007,1862,1764
058 95 07 8.0 1696,1635,1554
058 95 00 8.0 1445,1316,1169
058 95 00 8.0 1023,886,760
058 95 00 8.0 644,536,440
058 95 00 8.0 346,256,161
058 95 00 8.0 96,147,558
058 95 04 8.0 1288,2040,2481
058 95 07 8.2 2598,2577,2387
058 95 05 8.2 2232,2058,1912
058 95 05 8.2 1813,1742,1679
058 95 02 8.2 1592,1476,1340
058 95 00 8.2 1191,1041,897
058 95 01 8.2 767,651,548
058 95 00 8.2 451,358,265
058 95 00 8.2 170,106,188
058 95 00 8.2 661,1415,2136
058 95 05 8.1 2504,2572,2416
058 95 04 8.1 2295,2139,1974
058 95 04 8.1 1850,1771,1724
058 95 03 8.1 1671,1591,1477
058 95 01 8.1 1345,1204,1064
058 95 01 8.1 931,809,700
058 95 00 8.1 603,519,437
058 95 00 8.1 359,277,196
058 95 00 8.1 154,285,803
058 95 02 8.1 1532,2155,2395
058 95 03 7.5 2372,2099,1939
058 95 04 7.5 1770,1626,1532
058 95 04 7.5 1470,1419,1348
058 95 00 7.5 1253,1134,1001
058 95 00 7.5 857,715,582
058 95 01 7.5 464,358,261
058 95 00 7.5 175,90,5
058 95 00 7.5 0,0,0
058 95 00 7.5 182,882,1637
059 95 05 7.9 2124,2236,2369
059 95 06 7.9 2262,2111,1941
059 95 06 7.9 1795,1696,1631
059 95 03 7.9 1575,1505,1410
059 95 00 7.9 1292,1153,1009
059 95 01 7.9 867,737,619
059 95 00 7.9 511,414,328
059 95 00 7.9 248,166,88
059 95 00 7.9 7,0,100
059 95 03 7.9 666,1469,2169
059 95 08 8.3 2455,2474,2437
059 95 04 8.3 2315,2156,1998
059 95 05 8.3 1879,1804,1751
059 95 03 8.3 1696,1624,1526
059 95 00 8.3 1409,1282,1148
059 95 00 8.3 1016,889,776
059 95 01 8.3 674,587,509
059 95 01 8.3 435,363,287
059 95 01 8.3 216,174,297
059 95 02 8.3 817,1568,2220
059 95 04 7.6 2468,2447,2163
059 95 07 7.6 2019,1863,1730
059 95 05 7.6 1643,1602,1573
059 95 04 7.6 1538,1472,1386
059 95 00 7.6 1275,1149,1017
059 95 00 7.6 892,772,661
059 95 00 7.6 556,469,390
059 95 00 7.6 311,235,156
059 95 00 7.6 88,105,432
059 95 02 7.6 1112,1821,2234
060 95 05 7.3 2279,2109,1970
060 95 07 7.3 1805,1642,1522
060 95 06 7.3 1450,1417,1380
060 95 01 7.3 1327,1243,1134
060 95 00 7.3 1009,869,736
060 95 00 7.3 610,496,396
060 95 00 7.3 308,231,156
060 95 00 7.3 81,6,0
060 95 00 7.3 0,98,713
060 95 06 7.3 1499,2124,2344
060 95 06 8.1 2353,2390,2270
060 95 05 8.1 2101,1932,1815
060 95 06 8.1 1759,1735,1704
060 95 04 8.1 1652,1562,1455
060 95 00 8.1 1334,1217,1101
060 95 00 8.1 985,875,779
060 95 01 8.1 692,609,520
060 95 00 8.1 428,339,253
060 95 00 8.1 173,93,17
060 95 00 8.1 0,0,0
060 95 00 8.1 0,0,0
060 95 01 8.1 0,0,0
060 95 02 8.1 0,0,0
060 95 00 8.1 0,0,0
060 95 00 8.1 0,0,0
060 95 00 8.1 0,0,0
060 95 00 8.1 0,0,0
060 95 00 8.1 0,0,0
060 95 04 8.1 0,794,1258
060 95 06 8.2 1298,2430,2272
060 95 08 8.2 2119,1989,1915
060 95 07 8.2 1881,1870,1844
060 95 06 8.2 1799,1717,1612
060 95 00 8.2 1498,1380,1272
060 95 00 8.2 1169,1081,999
060 95 00 8.2 928,865,803
060 95 00 8.2 737,674,661
060 95 00 8.2 860,1488,2298
060 95 03 8.2 2959,3202,3217
060 95 07 8.3 2512,2414,2279
060 95 06 8.3 2141,2044,1994
060 95 03 8.3 1972,1945,1892
060 95 06 8.3 1812,1709,1595
060 95 00 8.3 1468,1342,1222
060 95 00 8.3 1113,1020,943
060 95 01 8.3 870,798,726
060 95 01 8.3 735,1064,1789
060 95 01 8.3 2586,3107,3246
060 95 07 8.5 3254,2502,2408
060 95 06 8.5 2271,2150,2095
060 95 06 8.5 2104,2121,2106
060 95 07 8.5 2041,1946,1838
060 95 00 8.5 1730,1625,1524
060 95 00 8.5 1432,1348,1274
060 95 00 8.5 1201,1133,1063
060 95 00 8.5 991,929,1018
060 95 03 8.5 1516,2241,2884
060 95 06 7.7 3142,3176,2210
060 95 04 7.7 2120,1976,1836
060 95 03 7.7 1768,1780,1809
060 95 04 7.7 1800,1733,1622
060 95 02 7.7 1497,1363,1243
060 95 00 7.7 1126,1020,919
060 95 00 7.7 829,751,670
060 95 02 7.7 583,490,398
060 95 01 7.7 360,624,1292
060 95 03 7.7 2076,2622,2801
060 95 04 8.7 2851,2852,2437
060 95 05 8.7 2308,2167,2097
060 95 04 8.7 2099,2119,2094
060 95 05 8.7 2012,1891,1751
060 95 00 8.7 1614,1486,1369
060 95 00 8.7 1258,1155,1059
060 95 01 8.7 970,882,794
060 95 01 8.7 701,610,509
060 95 00 8.7 412,368,661
060 95 02 8.7 1373,2196,2757
060 95 04 8.7 2943,3004,3024
060 95 04 9.3 2614,2498,2361
060 95 06 9.3 2291,2294,2325
060 95 06 9.3 2307,2231,2109
060 95 03 9.3 1973,1837,1710
060 95 00 9.3 1595,1494,1406
060 95 00 9.3 1316,1232,1150
060 95 00 9.3 1069,987,899
060 95 01 9.3 819,729,640
060 95 00 9.3 560,615,1084
060 95 06 9.3 1808,2478,2753
060 95 05 8.0 2780,2193,2118
060 95 05 8.0 1984,1834,1747
060 95 07 8.0 1750,1773,1751
060 95 06 8.0 1660,1532,1377
060 95 00 8.0 1224,1075,951
060 95 00 8.0 837,734,635
060 95 00 8.0 539,445,349
060 95 00 8.0 252,151,47
060 95 00 8.0 0,0,0
060 95 00 8.0 0,0,303
060 95 04 8.0 1093,1782,2037
060 95 06 8.5 2062,2393,2342
060 95 07 8.5 2224,2063,1926
060 95 07 8.5 1874,1873,1860
060 95 06 8.5 1792,1673,1527
060 95 00 8.5 1374,1233,1107
060 95 00 8.5 993,885,786
060 95 00 8.5 688,589,488
060 95 00 8.5 388,288,182
060 95 00 8.5 71,0,0
060 95 00 8.5 0,56,724
060 95 06 8.5 1491,2017,2123
060 95 06 8.1 2276,2220,2119
060 95 04 8.1 1969,1810,1714
060 95 08 8.1 1700,1705,1681
060 95 05 8.1 1599,1481,1352
060 95 00 8.1 1221,1101,976
060 95 00 8.1 851,733,627
060 95 00 8.1 536,440,346
060 95 00 8.1 247,156,56
060 95 00 8.1 0,0,0
060 95 00 8.1 0,338,1062
060 95 06 7.5 1680,1892,2093
060 95 07 7.5 1987,1834,1653
060 95 06 7.5 1484,1380,1338
060 95 01 7.5 1319,1284,1216
060 95 00 7.5 1116,995,857
060 95 00 7.5 712,570,435
060 95 00 7.5 304,180,63
060 95 00 7.5 0,0,0
060 95 00 7.5 0,0,0
060 95 00 7.5 0,0,159
060 95 05 7.5 963,1628,1851
060 95 08 8.3 1840,2357,2262
060 95 07 8.3 2116,1948,1814
060 95 06 8.3 1752,1725,1696
060 95 03 8.3 1635,1540,1416
060 95 00 8.3 1278,1137,1002
060 95 00 8.3 870,745,627
060 95 00 8.3 524,431,348
060 95 00 8.3 261,170,73
060 95 00 8.3 0,0,118
060 95 04 8.3 757,1538,2121
060 95 06 8.0 2270,2306,2237
060 95 07 8.0 2120,1959,1792
060 95 05 8.0 1678,1632,1624
060 95 06 8.0 1603,1540,1441
060 95 00 8.0 1322,1199,1073
060 95 00 8.0 949,827,708
060 95 00 8.0 597,495,396
060 95 00 8.0 303,211,127
060 95 00 8.0 42,0,0
060 95 00 8.0 314,1001,1690
060 95 05 7.2 2055,2054,1996
060 95 06 7.2 1859,1694,1533
060 95 07 7.2 1419,1374,1361
060 95 03 7.2 1344,1291,1206
060 95 00 7.2 1093,967,831
060 95 00 7.2 698,565,443
060 95 00 7.2 334,236,148
060 95 00 7.2 61,0,0
060 95 00 7.2 0,0,71
060 95 03 7.2 755,1491,1958
060 94 03 7.6 2030,2198,2107
060 94 05 7.6 1976,1810,1660
060 94 06 7.6 1568,1533,1519
060 94 03 7.6 1478,1406,1301
060 94 00 7.6 1182,1053,921
060 94 00 7.6 790,668,554
060 94 00 7.6 452,353,262
060 94 00 7.6 170,78,0
060 94 00 7.6 0,0,246
060 94 01 7.6 987,1766,2229
060 94 06 8.1 2298,2378,2304
060 94 06 8.1 2184,2024,1867
060 94 07 8.1 1773,1745,1743
060 94 05 8.1 1715,1642,1537
060 94 00 8.1 1418,1296,1173
060 94 00 8.1 1052,935,828
060 94 01 8.1 728,636,551
060 94 00 8.1 465,376,284
060 94 00 8.1 196,154,332
060 94 03 8.1 942,1695,2255
060 94 04 7.6 2389,2189,2103
060 94 06 7.6 1977,1816,1674
060 94 07 7.6 1598,1588,1592
060 94 06 7.6 1572,1504,1407
060 94 00 7.6 1291,1170,1041
060 94 00 7.6 918,797,686
060 94 00 7.6 577,475,379
060 94 00 7.6 293,201,105
060 94 00 7.6 6,0,57
060 94 02 7.6 597,1341,1949
059 94 05 7.4 2142,2162,2066
059 94 06 7.4 1936,1776,1626
059 94 06 7.4 1527,1486,1471
059 94 03 7.4 1446,1386,1290
059 94 00 7.4 1169,1041,904
059 94 00 7.4 769,634,517
059 94 00 7.4 401,300,204
059 94 00 7.4 122,32,0
059 94 00 7.4 0,0,0
059 94 04 7.4 621,1420,2049
059 94 08 8.2 2243,2235,2372
059 94 06 8.2 2273,2129,1971
059 94 06 8.2 1857,1799,1778
059 94 06 8.2 1743,1678,1578
059 94 00 8.2 1459,1330,1198
059 94 00 8.2 1063,932,808
059 94 00 8.2 701,600,506
059 94 00 8.2 412,329,243
059 94 00 8.2 157,72,58
059 94 01 8.2 321,1001,1769
059 94 07 7.9 2292,2401,2308
059 94 07 7.9 2218,2086,1935
059 94 06 7.9 1803,1728,1694
059 94 08 7.9 1668,1618,1537
059 94 00 7.9 1427,1301,1165
059 94 00 7.9 1028,891,761
059 94 00 7.9 638,528,427
059 94 00 7.9 332,241,150
059 94 00 7.9 61,0,0
059 94 00 7.9 38,591,1364
059 94 05 7.8 2011,2244,2219
059 94 07 7.8 2216,2084,1928
059 94 07 7.8 1776,1673,1621
059 94 07 7.8 1591,1544,1464
059 94 00 7.8 1353,1217,1064
059 94 00 7.8 914,769,643
059 94 00 7.8 524,415,316
059 94 00 7.8 224,139,48
059 94 00 7.8 0,0,0
059 94 00 7.8 0,524,1348
059 94 05 7.8 2071,2365,2386
059 94 07 8.6 2507,2410,2278
059 94 04 8.6 2140,2039,1989
059 94 04 8.6 1962,1919,1843
059 94 03 8.6 1728,1597,1450
059 94 00 8.6 1308,1167,1033
059 94 00 8.6 911,798,694
059 94 00 8.6 599,508,416
059 94 00 8.6 320,229,140
059 94 00 8.6 108,310,954
059 94 03 8.6 1761,2382,2579
059 94 05 8.3 2561,2377,2251
059 94 06 8.3 2103,1965,1875
059 94 07 8.3 1825,1790,1742
059 94 03 8.3 1665,1558,1424
059 94 00 8.3 1280,1133,994
059 94 01 8.3 863,741,630
059 94 00 8.3 525,425,327
059 94 00 8.3 231,131,33
059 94 00 8.3 0,48,524
059 94 06 8.3 1292,2014,2364
059 94 06 8.1 2399,2357,2234
059 94 05 8.1 2081,1934,1817
059 94 06 8.1 1745,1696,1640
059 94 02 8.1 1561,1447,1317
059 94 00 8.1 1164,1016,876
059 94 00 8.1 746,627,513
059 94 00 8.1 413,320,232
059 94 00 8.1 143,47,0
059 94 00 8.1 0,0,293
059 94 03 8.1 1075,1896,2409
059 94 06 8.9 2539,2528,2596
059 94 05 8.9 2473,2319,2186
059 94 05 8.9 2098,2044,1992
059 94 06 8.9 1921,1823,1700
059 94 00 8.9 1560,1412,1268
059 94 00 8.9 1135,1012,896
059 94 00 8.9 792,700,615
059 94 00 8.9 528,437,342
059 94 00 8.9 261,273,618
059 94 02 8.9 1361,2178,2710
059 94 06 8.7 2850,2835,2503
059 94 04 8.7 2368,2203,2073
059 94 06 8.7 2005,1982,1958
059 94 08 8.7 1903,1810,1688
059 94 00 8.7 1548,1403,1262
059 94 00 8.7 1130,1008,896
059 94 00 8.7 794,695,601
059 94 00 8.7 507,410,316
059 94 00 8.7 236,267,642
059 94 03 8.7 1373,2127,2564
058 94 07 8.2 2640,2354,2237
058 94 06 8.2 2082,1920,1800
058 94 07 8.2 1734,1703,1665
058 94 03 8.2 1594,1487,1355
058 94 00 8.2 1212,1070,931
058 94 01 8.2 803,681,571
058 94 00 8.2 475,389,308
058 94 00 8.2 226,141,58
058 94 00 8.2 28,258,946
058 94 04 8.2 1809,2477,2716
058 94 06 9.2 2744,2681,2583
058 94 07 9.2 2438,2298,2210
058 94 06 9.2 2188,2187,2159
058 94 06 9.2 2084,1969,1837
058 94 00 9.2 1696,1558,1425
058 94 00 9.2 1302,1183,1074
058 94 00 9.2 969,880,786
058 94 00 9.2 699,652,841
058 94 01 9.2 1457,2230,2831
058 94 07 8.2 3024,3028,2325
058 94 06 8.2 2215,2060,1897
058 94 06 8.2 1801,1768,1766
058 94 06 8.2 1733,1658,1539
058 94 00 8.2 1405,1270,1140
058 94 00 8.2 1017,896,786
058 94 00 8.2 685,595,504
058 94 00 8.2 406,318,352
058 94 00 8.2 778,1489,2169
060 94 06 7.7 2481,2506,2145
060 94 07 7.7 2043,1887,1718

