177628!20190919_093758!0!0
2.49!2.52!2.5!2.55!2.5!2.47!
99!30!61!37!564
397.2 2.43 68 52

030 70 02 0.8 128,109,90
030 70 01 0.8 65,41,21
030 70 00 0.8 3,0,0
030 70 00 0.8 0,0,0
030 70 00 0.8 0,0,0
030 70 00 0.8 0,0,0
030 70 01 0.8 0,0,35
030 70 03 0.8 63,76,229
030 70 03 0.8 217,198,186
030 70 02 0.8 175,164,153
030 70 02 0.8 138,124,104
030 70 01 0.8 85,65,49
030 70 01 0.8 31,13,0
030 70 00 0.8 0,0,0
030 70 00 0.8 0,0,0
030 70 00 0.8 0,0,0
030 70 02 0.8 63,125,160
030 70 04 1.0 181,186,286
030 70 05 1.0 271,254,243
030 70 03 1.0 232,224,208
030 70 02 1.0 195,177,164
030 70 00 1.0 144,130,110
030 70 00 1.0 97,83,69
030 70 00 1.0 56,42,33
030 70 00 1.0 13,2,0
030 70 00 1.0 0,35,114
030 70 04 1.0 203,265,314
030 70 08 1.3 340,356,366
030 70 07 1.3 355,341,334
030 70 05 1.3 325,314,304
030 70 03 1.3 290,274,261
030 70 02 1.3 250,243,228
030 70 01 1.3 218,202,190
030 70 00 1.3 173,157,141
030 70 00 1.3 127,112,98
030 70 00 1.3 101,142,212
030 70 04 1.3 288,344,378
059 99 07 1.0 387,385,274
059 99 08 1.0 256,234,220
059 99 03 1.0 204,191,172
059 99 00 1.0 151,127,106
059 99 00 1.0 87,67,44
059 99 00 1.0 21,3,0
059 99 00 1.0 0,0,0
059 99 00 1.0 0,0,0
059 99 00 1.0 0,0,3
059 99 04 1.0 83,137,174
059 99 08 1.0 189,193,300
059 99 08 1.0 289,279,274
059 99 06 1.0 267,258,243
059 99 03 1.0 226,206,184
059 99 00 1.0 167,152,136
059 99 00 1.0 121,107,96
059 99 00 1.0 84,65,54
059 99 00 1.0 40,27,14
059 99 00 1.0 24,74,146
059 99 06 1.0 215,259,282
059 99 08 0.9 286,265,246
059 99 07 0.9 228,216,211
059 99 04 0.9 204,186,166
059 99 00 0.9 144,129,110
059 99 00 0.9 93,75,59
059 99 00 0.9 43,22,5
059 99 00 0.9 0,0,0
059 99 00 0.9 0,0,0
059 99 00 0.9 0,56,145
059 99 07 0.9 211,253,274
059 99 08 1.2 281,350,336
059 99 06 1.2 320,305,295
059 99 03 1.2 284,273,258
059 99 02 1.2 236,218,197
059 99 00 1.2 180,162,146
059 99 00 1.2 131,111,93
059 99 00 1.2 76,65,47
059 99 00 1.2 28,12,32
059 99 00 1.2 93,181,257
059 99 06 1.2 308,339,349
059 99 07 1.1 349,320,305
059 99 05 1.1 290,275,264
059 99 03 1.1 251,239,222
059 99 02 1.1 205,185,168
059 99 00 1.1 146,133,114
059 99 00 1.1 98,80,65
059 99 00 1.1 54,39,21
059 99 00 1.1 0,0,0
059 99 00 1.1 28,103,185
059 99 05 1.1 248,281,299
059 99 07 1.1 298,309,294
059 99 05 1.1 279,269,263
059 99 03 1.1 256,242,224
059 99 02 1.1 204,182,163
059 99 00 1.1 144,128,114
059 99 00 1.1 99,80,61
059 99 00 1.1 39,23,2
059 99 00 1.1 0,0,0
059 99 00 1.1 0,22,108
059 99 04 1.1 187,241,268
059 99 08 1.1 276,318,305
059 99 05 1.1 292,279,269
059 99 03 1.1 259,248,236
059 99 02 1.1 218,202,182
059 99 00 1.1 168,147,131
059 99 00 1.1 109,91,71
059 99 00 1.1 49,34,16
059 99 00 1.1 5,0,0
059 99 00 1.1 0,15,87
059 99 03 1.1 163,215,244
059 99 07 0.9 252,272,258
059 99 07 0.9 240,230,217
059 99 03 0.9 206,193,177
059 99 01 0.9 162,145,127
059 99 00 0.9 106,87,68
059 99 00 0.9 53,36,21
059 99 00 0.9 4,0,0
059 99 00 0.9 0,0,0
059 99 00 0.9 0,0,75
059 99 05 0.9 156,212,247
059 99 08 1.1 262,262,320
059 99 08 1.1 303,288,275
059 99 05 1.1 264,253,248
059 99 02 1.1 243,239,234
059 99 01 1.1 230,233,234
059 99 01 1.1 234,225,208
059 99 00 1.1 189,179,172
059 99 00 1.1 167,156,144
059 99 00 1.1 141,165,225
059 99 05 1.1 300,365,409
059 99 08 1.0 434,447,446
059 99 08 1.0 295,276,261
059 99 06 1.0 254,249,240
059 99 04 1.0 229,215,202
059 99 01 1.0 188,169,154
059 99 00 1.0 133,118,98
059 99 00 1.0 84,69,51
059 99 00 1.0 35,19,5
059 99 00 1.0 0,0,9
059 99 00 1.0 72,150,212
059 99 08 1.0 247,264,271
059 99 08 1.0 282,270,253
059 99 06 1.0 242,237,222
059 99 03 1.0 210,192,179
059 99 00 1.0 164,151,136
059 99 00 1.0 121,109,98
059 99 00 1.0 85,66,49
059 99 00 1.0 32,18,4
059 99 00 1.0 0,0,0
059 99 00 1.0 5,65,147
059 99 07 1.0 209,242,257
059 99 08 1.0 260,257,270
059 99 07 1.0 255,242,236
059 99 04 1.0 230,221,206
059 99 01 1.0 185,169,154
059 99 00 1.0 143,131,120
059 99 00 1.0 106,88,69
059 99 00 1.0 53,44,34
059 99 00 1.0 21,6,0
059 99 00 1.0 15,62,133
059 99 06 1.0 197,239,258
059 99 08 0.9 260,250,239
059 99 07 0.9 226,217,206
059 99 03 0.9 195,185,177
059 99 01 0.9 168,151,133
059 99 00 0.9 110,97,81
059 99 00 0.9 70,53,38
059 99 00 0.9 27,15,3
059 99 00 0.9 0,0,0
059 99 00 0.9 0,10,82
059 99 05 0.9 167,229,266
059 99 08 1.1 283,291,323
059 99 08 1.1 308,297,290
059 99 06 1.1 286,279,269
059 99 04 1.1 257,241,226
059 99 01 1.1 208,196,181
059 99 00 1.1 169,153,139
059 99 00 1.1 122,107,88
059 99 00 1.1 77,62,55
059 99 00 1.1 46,61,106
059 99 02 1.1 182,260,314
059 99 08 1.1 343,357,361
059 99 08 1.1 306,290,277
059 99 07 1.1 265,257,246
059 99 03 1.1 238,222,207
059 99 01 1.1 188,175,160
059 99 00 1.1 151,138,125
059 99 00 1.1 112,97,81
059 99 00 1.1 66,49,38
059 99 00 1.1 25,15,24
059 99 00 1.1 67,145,221
059 99 07 1.1 274,304,316
059 99 08 1.0 318,297,288
059 99 08 1.0 274,262,253
059 99 04 1.0 246,231,218
059 99 01 1.0 201,187,167
059 99 00 1.0 153,140,128
059 99 00 1.0 117,102,88
059 99 00 1.0 67,50,33
059 99 00 1.0 20,8,0
059 99 00 1.0 0,13,75
059 99 03 1.0 157,224,267
059 99 08 1.0 284,291,293
059 99 08 1.0 280,261,252
059 99 05 1.0 242,237,225
059 99 03 1.0 213,198,182
059 99 01 1.0 167,153,138
059 99 00 1.0 124,109,94
059 99 00 1.0 79,66,56
059 99 00 1.0 45,33,17
059 99 00 1.0 1,1,34
059 99 01 1.0 107,183,239
059 99 08 0.9 263,273,272
059 99 08 0.9 258,240,225
059 99 05 0.9 217,213,207
059 99 03 0.9 199,183,166
059 99 00 0.9 149,137,126
059 99 00 0.9 109,96,86
059 99 00 0.9 75,57,39
059 99 00 0.9 27,18,5
059 99 00 0.9 0,0,36
059 99 01 0.9 106,183,242
059 99 08 1.0 274,293,293
059 99 08 1.0 293,276,262
059 99 07 1.0 251,244,239
059 99 04 1.0 232,220,205
059 99 01 1.0 188,178,166
059 99 00 1.0 154,139,124
059 99 00 1.0 107,92,76
059 99 00 1.0 64,52,39
059 99 00 1.0 27,21,45
059 99 00 1.0 109,191,261
059 99 08 1.0 305,334,346
059 99 08 1.1 342,308,292
059 99 07 1.1 282,274,266
059 99 04 1.1 256,248,234
059 99 02 1.1 217,203,189
059 99 00 1.1 179,163,150
059 99 00 1.1 135,122,109
059 99 00 1.1 98,85,69
059 99 00 1.1 54,41,39
059 99 00 1.1 67,134,213
059 99 07 1.1 282,319,337
059 99 08 1.0 342,301,294
059 99 08 1.0 281,268,259
059 99 05 1.0 250,242,230
059 99 03 1.0 216,199,184
059 99 00 1.0 170,157,142
059 99 00 1.0 129,117,106
059 99 00 1.0 92,77,62
059 99 00 1.0 48,34,13
059 99 00 1.0 1,18,80
059 99 03 1.0 160,233,272
058 99 08 1.0 294,297,290
058 99 08 1.0 275,261,252
058 99 05 1.0 247,240,228
058 99 03 1.0 211,196,181
058 99 00 1.0 166,150,136
058 99 00 1.0 123,110,96
058 99 00 1.0 83,68,54
058 99 00 1.0 39,24,5
058 99 00 1.0 0,0,1
058 99 00 1.0 60,138,205
058 99 08 1.0 244,264,265
058 99 08 1.0 281,265,251
058 99 06 1.0 238,228,219
058 99 03 1.0 208,199,187
058 99 01 1.0 172,157,142
058 99 00 1.0 128,112,97
058 99 00 1.0 82,69,53
058 99 00 1.0 38,18,2
058 99 00 1.0 0,0,0
058 99 00 1.0 40,115,191
058 99 07 1.0 233,259,264
058 99 08 1.0 278,264,248
058 99 06 1.0 235,223,215
058 99 03 1.0 206,193,178
058 99 01 1.0 162,148,130
058 99 00 1.0 116,101,88
058 99 00 1.0 74,57,39
058 99 00 1.0 22,7,0
058 99 00 1.0 0,0,0
058 99 00 1.0 0,65,148
058 99 07 1.0 217,256,275
058 99 08 1.1 277,307,288
058 99 08 1.1 276,262,256
058 99 04 1.1 246,236,222
058 99 02 1.1 211,196,183
058 99 00 1.1 166,152,138
058 99 00 1.1 124,111,96
058 99 00 1.1 82,65,51
058 99 00 1.1 39,28,14
058 99 00 1.1 15,51,124
058 99 05 1.1 207,267,300
058 99 08 1.0 314,315,298
058 99 08 1.0 285,270,256
058 99 05 1.0 251,243,233
058 99 03 1.0 212,196,180
058 99 00 1.0 170,159,144
058 99 00 1.0 129,113,97
058 99 00 1.0 80,63,49
058 99 00 1.0 40,29,18
058 99 00 1.0 3,7,46
058 99 01 1.0 119,201,258
058 99 08 1.0 287,298,300
058 99 08 1.0 289,274,256
058 99 06 1.0 246,237,230
058 99 03 1.0 219,204,193
058 99 00 1.0 178,168,150
058 99 00 1.0 137,119,105
058 99 00 1.0 94,78,68
058 99 00 1.0 51,41,27
058 99 00 1.0 15,9,31
058 99 00 1.0 87,161,225
059 99 08 0.9 263,276,260
059 99 08 0.9 246,232,225
059 99 06 0.9 216,213,203
059 99 03 0.9 194,179,163
059 99 01 0.9 143,125,112
059 99 00 0.9 101,87,69
059 99 00 0.9 53,37,28
059 99 00 0.9 15,6,0
059 99 00 0.9 0,0,0
059 99 00 0.9 50,134,210
059 99 08 0.9 254,271,276
059 99 08 1.0 312,303,288
059 99 07 1.0 275,268,261
059 99 04 1.0 254,241,227
059 99 01 1.0 209,194,178
059 99 00 1.0 167,154,140
059 99 00 1.0 120,103,91
059 99 00 1.0 80,69,58
059 99 00 1.0 47,34,33
059 99 00 1.0 64,133,212
059 99 07 1.0 274,306,320
059 99 08 1.0 320,286,273
059 99 07 1.0 259,243,231
059 99 04 1.0 219,212,202
059 99 01 1.0 189,174,160
059 99 00 1.0 148,133,117
059 99 00 1.0 105,92,80
059 99 00 1.0 66,50,34
059 99 00 1.0 21,7,0
059 99 00 1.0 0,23,89
059 99 04 1.0 164,217,243
059 99 08 0.9 250,252,249
059 99 07 0.9 238,226,217
059 99 04 0.9 211,203,195
059 99 02 0.9 180,167,153
059 99 00 0.9 140,122,105
059 99 00 0.9 88,72,59
059 99 00 0.9 47,36,25
059 99 00 0.9 12,0,0
059 99 00 0.9 34,98,171
059 99 07 0.8 218,241,240
059 99 07 0.8 234,223,204
059 99 03 0.8 194,186,183
059 99 03 0.8 177,167,158
059 99 02 0.8 147,141,119
059 99 01 0.8 103,78,71
059 99 00 0.8 59,49,34
059 99 00 0.8 21,10,3
059 99 00 0.8 26,85,168
059 99 05 0.8 239,284,308
059 99 08 1.1 319,319,307
059 99 06 1.1 288,272,261
059 99 03 1.1 250,237,225
059 99 02 1.1 212,198,178
059 99 00 1.1 161,145,133
059 99 00 1.1 121,102,83
059 99 00 1.1 70,59,51
059 99 00 1.1 45,74,135
059 99 03 1.1 215,280,322
059 99 07 1.0 344,349,298
059 99 08 1.0 281,263,244
059 99 05 1.0 230,217,200
059 99 01 1.0 188,175,161
059 99 00 1.0 145,128,113
059 99 00 1.0 101,87,67
059 99 00 1.0 43,23,8
059 99 00 1.0 0,0,0
059 99 00 1.0 32,110,187
059 99 07 1.0 240,266,276
059 99 08 1.0 274,285,269
059 99 07 1.0 257,247,246
059 99 04 1.0 236,224,207
059 99 02 1.0 191,169,149
059 99 00 1.0 131,119,104
059 99 00 1.0 86,70,52
059 99 00 1.0 38,18,6
059 99 00 1.0 0,0,31
059 99 01 1.0 105,185,243
060 99 08 1.0 274,285,281
060 99 08 1.0 281,259,244
060 99 05 1.0 227,223,210
060 99 02 1.0 200,185,168
060 99 00 1.0 149,127,107
060 99 00 1.0 91,70,59
060 99 00 1.0 45,34,16
060 99 00 1.0 0,0,0
060 99 00 1.0 0,17,82
060 99 04 1.0 155,204,225
060 99 08 0.8 228,242,227
060 99 04 0.8 210,198,188
060 99 02 0.8 179,168,155
060 99 01 0.8 138,115,94
060 99 00 0.8 75,62,47
060 99 00 0.8 32,15,1
060 99 00 0.8 0,0,0
060 99 00 0.8 0,0,0
060 99 00 0.8 2,77,148
060 99 06 1.0 193,215,217
060 99 07 1.0 278,265,248
060 99 06 1.0 235,222,213
060 99 03 1.0 199,185,165
060 99 00 1.0 144,126,111
060 99 00 1.0 101,85,69
060 99 00 1.0 50,38,24
060 99 00 1.0 11,0,0
060 99 00 1.0 0,0,46
060 99 02 1.0 123,198,246
060 99 08 1.0 267,268,283
060 99 08 1.0 268,256,243
060 99 05 1.0 236,227,212
060 99 03 1.0 193,172,158
060 99 00 1.0 142,128,110
060 99 00 1.0 95,78,67
060 99 00 1.0 51,39,25
060 99 00 1.0 14,2,0
060 99 00 1.0 0,38,109
060 99 05 1.0 184,235,260
060 99 08 0.9 267,266,268
060 99 08 0.9 252,235,221
060 99 04 0.9 213,197,181
060 99 01 0.9 162,151,136
060 99 00 0.9 122,103,90
060 99 00 0.9 78,67,52
060 99 00 0.9 39,25,15
060 99 00 0.9 0,0,0
060 99 00 0.9 3,64,142
060 99 07 0.9 207,244,256
060 99 08 0.9 254,269,254
060 99 07 0.9 237,221,213
060 99 03 0.9 203,191,175
060 99 01 0.9 161,145,130
060 99 00 0.9 115,102,91
060 99 00 0.9 80,67,53
060 99 00 0.9 42,33,20
060 99 00 0.9 7,0,10
060 99 00 0.9 55,125,193
060 99 07 0.9 231,247,250
060 99 07 0.8 241,224,207
060 99 03 0.8 195,186,180
060 99 02 0.8 170,158,143
060 99 01 0.8 129,114,99
060 99 00 0.8 82,66,52
060 99 00 0.8 41,30,16
060 99 00 0.8 4,0,0
060 99 00 0.8 0,0,39
060 99 02 0.8 113,186,229
060 99 07 0.9 248,249,271
060 99 08 0.9 258,243,228
060 99 05 0.9 220,211,202
060 99 02 0.9 192,178,161
060 99 00 0.9 142,133,121
060 99 00 0.9 106,90,75
060 99 00 0.9 67,54,44
060 99 00 0.9 28,15,3
060 99 00 0.9 13,60,140
060 99 06 0.9 218,268,293
060 99 08 1.0 301,297,286
060 99 08 1.0 270,252,240
060 99 04 1.0 230,222,211
060 99 02 1.0 201,185,167
060 99 00 1.0 151,139,131
060 99 00 1.0 118,103,87
060 99 00 1.0 74,64,54
060 99 00 1.0 40,26,21
060 99 00 1.0 48,110,190
060 99 07 1.0 256,295,312
060 99 08 1.0 315,289,273
060 99 08 1.0 258,248,241
060 99 04 1.0 231,218,202
060 99 02 1.0 189,177,161
060 99 00 1.0 147,132,118
060 99 00 1.0 102,89,75
060 99 00 1.0 63,50,40
060 99 00 1.0 28,15,12
060 99 00 1.0 44,117,200
060 99 07 1.0 259,284,295
060 99 08 1.0 296,278,260
060 99 07 1.0 246,235,228
060 99 04 1.0 216,211,197
060 99 02 1.0 185,165,150
060 99 00 1.0 133,118,107
060 99 00 1.0 96,84,72
060 99 00 1.0 61,50,36
060 99 00 1.0 24,17,31
060 99 00 1.0 79,149,218
061 99 08 0.9 259,278,278
061 99 08 0.9 251,232,213
061 99 05 0.9 201,190,182
061 99 02 0.9 173,162,148
061 99 00 0.9 136,124,115
061 99 00 0.9 99,84,67
061 99 00 0.9 51,39,29
061 99 00 0.9 19,9,0
061 99 00 0.9 0,0,36
061 99 02 0.9 108,191,251
061 99 08 1.0 276,281,293
061 99 08 1.0 287,273,261
061 99 06 1.0 253,245,231
061 99 03 1.0 219,201,189
061 99 00 1.0 168,157,140
061 99 00 1.0 131,117,105
061 99 00 1.0 91,81,71
061 99 00 1.0 60,48,34
061 99 00 1.0 23,35,84
061 99 02 1.0 161,238,289
061 99 08 1.0 315,322,294
061 99 08 1.0 284,269,258
061 99 06 1.0 247,239,231
061 99 03 1.0 220,205,187
061 99 01 1.0 173,159,147
061 99 00 1.0 132,118,106
061 99 00 1.0 94,80,68
061 99 00 1.0 55,46,32
061 99 00 1.0 22,30,82
061 99 02 1.0 165,238,284
061 99 08 1.0 301,309,283
061 99 08 1.0 271,251,236
061 99 05 1.0 227,220,211
061 99 03 1.0 199,183,167
061 99 00 1.0 152,138,125
061 99 00 1.0 110,97,86
061 99 00 1.0 74,64,48
061 99 00 1.0 38,26,18
061 99 00 1.0 5,15,60
061 99 02 1.0 137,211,258
061 99 08 0.9 276,283,271
061 99 08 0.9 264,251,242
061 99 06 0.9 233,226,219
061 99 03 0.9 204,192,172
061 99 01 0.9 158,145,134
061 99 00 0.9 123,110,101
061 99 00 0.9 93,83,73
061 99 00 0.9 61,51,38
061 99 00 0.9 42,76,147
061 99 05 0.9 221,271,291
061 99 08 0.9 296,257,243
061 99 08 0.9 229,218,214
061 99 04 0.9 207,196,186
061 99 02 0.9 175,163,139
061 99 00 0.9 124,111,107
061 99 00 0.9 92,82,72
061 99 00 0.9 60,47,31
061 99 00 0.9 20,9,19
061 99 00 0.9 60,138,218
061 99 08 0.9 279,308,324
061 99 08 1.1 324,308,292
061 99 08 1.1 281,278,273
061 99 05 1.1 265,254,242
061 99 02 1.1 233,218,207
061 99 00 1.1 190,180,166
061 99 00 1.1 152,137,126
061 99 00 1.1 113,102,90
061 99 00 1.1 80,78,111
061 99 01 1.1 177,262,323
061 99 08 1.1 363,379,385
061 99 08 1.1 309,296,285
061 99 07 1.1 279,277,272
061 99 05 1.1 261,249,233
061 99 02 1.1 221,208,200
061 99 00 1.1 186,175,163
061 99 00 1.1 147,136,125
061 99 00 1.1 117,103,89
061 99 00 1.1 75,76,114
061 99 01 1.1 185,263,318
061 99 08 1.0 349,361,286
061 99 08 1.0 276,261,249
061 99 06 1.0 243,240,231
061 99 04 1.0 220,209,195
061 99 01 1.0 178,162,152
061 99 00 1.0 145,132,121
061 99 00 1.0 106,97,83
061 99 00 1.0 72,57,43
061 99 00 1.0 31,33,78
061 99 02 1.0 148,222,268
061 99 08 0.9 288,295,258
061 99 08 0.9 246,232,226
061 99 05 0.9 222,215,204
061 99 03 0.9 189,176,164
061 99 00 0.9 149,135,118
061 99 00 0.9 98,78,55
061 99 00 0.9 38,20,6
061 99 00 0.9 0,0,0
061 99 00 0.9 0,0,27
061 99 02 0.9 103,163,194
061 99 08 0.9 207,211,262
061 99 08 0.9 250,241,234
061 99 05 0.9 229,214,206
061 99 02 0.9 192,181,165
061 99 00 0.9 148,132,117
061 99 00 0.9 107,93,80

