177628!20190910_165344!0!0
2.55!2.47!2.48!2.51!2.53!2.44!
85!30!59!211!87
425.4 2.37 52 38

030 70 01 0.9 151,186,225
030 70 04 0.9 257,291,314
030 70 06 0.9 335,338,339
059 85 05 0.6 341,230,233
059 85 03 0.6 227,225,222
059 85 02 0.6 221,221,216
059 85 02 0.6 209,201,194
059 85 02 0.6 188,182,177
059 85 02 0.6 176,170,162
059 85 02 0.6 156,147,144
059 85 01 0.6 138,132,131
059 85 01 0.6 146,176,210
059 85 03 0.6 243,270,293
059 85 04 0.5 302,315,313
059 85 03 0.5 192,184,189
059 85 03 0.5 183,180,176
059 85 03 0.5 168,161,152
059 85 02 0.5 144,138,129
059 85 02 0.5 123,119,113
059 85 02 0.5 104,89,80
059 85 01 0.5 72,65,53
059 85 01 0.5 41,36,44
059 85 01 0.5 65,96,131
059 85 03 0.5 166,196,219
059 85 04 0.5 236,248,251
059 85 04 0.6 255,255,219
059 85 03 0.6 213,209,212
059 85 03 0.6 210,206,194
059 85 02 0.6 185,179,170
059 85 02 0.6 164,156,148
059 85 02 0.6 138,128,126
059 85 01 0.6 119,113,99
059 85 01 0.6 92,84,89
059 85 01 0.6 108,139,173
059 85 03 0.6 203,236,261
059 85 04 0.6 281,293,301
057 85 04 0.6 303,219,216
057 85 03 0.6 216,211,206
057 85 03 0.6 203,198,189
057 85 02 0.6 177,170,161
057 85 02 0.6 155,146,141
057 85 02 0.6 134,120,110
057 85 01 0.6 92,85,76
057 85 01 0.6 72,62,59
057 85 01 0.6 78,115,155
057 85 03 0.6 189,216,242
057 85 04 0.6 261,273,278
057 85 04 0.6 281,282,285
057 85 03 0.6 285,224,223
057 85 03 0.6 220,214,207
057 85 02 0.6 199,192,184
057 85 02 0.6 177,171,160
057 85 02 0.6 148,135,123
057 85 01 0.6 114,106,96
057 85 01 0.6 81,75,85
057 85 01 0.6 109,148,185
057 85 03 0.6 218,243,270
057 85 04 0.6 298,324,359
057 85 05 0.6 403,447,477
057 85 05 1.1 492,492,415
057 85 04 1.1 409,408,408
057 85 04 1.1 411,418,415
057 85 03 1.1 412,412,421
057 85 03 1.1 434,439,441
057 85 03 1.1 437,431,420
057 85 02 1.1 415,430,466
057 85 03 1.1 520,575,626
057 85 05 1.1 663,700,727
057 85 06 1.1 749,757,763
055 85 06 1.0 353,354,359
055 85 06 1.0 368,371,363
055 85 05 1.0 359,354,359
055 85 04 1.0 357,354,344
055 85 03 1.0 338,331,325
055 85 02 1.0 321,316,321
055 85 02 1.0 321,316,311
055 85 02 1.0 312,334,372
055 85 04 1.0 424,473,517
055 85 07 1.0 558,591,623
055 85 08 1.0 647,669,684
055 85 08 1.0 699,712,723
055 85 07 1.0 733,746,753
055 85 07 1.3 758,759,454
055 85 04 1.3 456,451,449
055 85 03 1.3 444,440,434
055 85 02 1.3 424,417,407
055 85 02 1.3 407,400,403
055 85 02 1.3 411,443,479
055 85 03 1.3 517,545,570
055 85 04 1.3 580,584,584
055 90 04 0.5 590,591,198
055 90 03 0.5 199,205,203
055 90 03 0.5 200,193,189
055 90 02 0.5 185,179,177
055 90 02 0.5 171,170,166
055 90 02 0.5 161,154,141
055 90 02 0.5 134,126,121
055 90 01 0.5 114,111,117
055 90 02 0.5 140,176,213
055 90 03 0.5 244,274,298
055 90 04 0.5 318,328,335
057 90 04 0.7 339,228,228
057 90 03 0.7 228,228,227
057 90 03 0.7 218,214,208
057 90 02 0.7 210,208,204
057 90 02 0.7 194,186,179
057 90 02 0.7 170,166,151
057 90 02 0.7 145,135,134
057 90 01 0.7 125,121,123
057 90 02 0.7 143,174,209
057 90 03 0.7 239,266,290
057 90 04 0.7 310,319,325
057 90 04 0.6 205,202,201
057 90 03 0.6 198,195,190
057 90 02 0.6 186,180,177
057 90 02 0.6 170,165,155
057 90 02 0.6 148,140,131
057 90 02 0.6 125,114,109
057 90 01 0.6 95,93,86
057 90 01 0.6 81,70,59
057 90 01 0.6 61,83,118
057 90 02 0.6 156,184,202
057 90 03 0.6 218,225,230
057 90 03 0.5 228,172,172
057 90 03 0.5 168,164,161
057 90 02 0.5 156,149,145
057 90 02 0.5 140,131,120
057 90 02 0.5 110,107,100
057 90 02 0.5 91,79,70
057 90 01 0.5 62,53,49
057 90 01 0.5 42,43,33
057 90 01 0.5 32,33,57
057 90 02 0.5 89,115,134
057 90 03 0.5 146,159,166
058 95 03 0.4 169,134,128
058 95 03 0.4 123,123,121
058 95 02 0.4 115,105,95
058 95 02 0.4 91,83,76
058 95 02 0.4 65,61,55
058 95 01 0.4 46,36,24
058 95 01 0.4 12,2,0
058 95 01 0.4 0,0,0
058 95 01 0.4 0,0,0
058 95 02 0.4 31,65,84
058 95 03 0.4 103,116,131
058 95 03 0.5 135,141,181
058 95 03 0.5 179,174,169
058 95 03 0.5 168,161,151
058 95 02 0.5 135,130,123
058 95 02 0.5 117,107,100
058 95 02 0.5 97,90,86
058 95 01 0.5 76,73,60
058 95 01 0.5 53,43,39
058 95 01 0.5 31,32,49
058 95 02 0.5 83,117,141
058 95 03 0.5 162,173,189
058 95 03 0.5 196,197,163
058 95 03 0.5 162,162,161
058 95 03 0.5 155,151,145
058 95 02 0.5 138,132,127
058 95 02 0.5 119,112,105
058 95 02 0.5 97,87,75
058 95 01 0.5 65,58,50
058 95 01 0.5 43,35,25
058 95 01 0.5 15,9,17
058 95 01 0.5 38,63,90
058 95 03 0.5 116,138,155
058 95 03 0.5 170,174,174
030 70 08 1.1 345,346,349
030 70 08 1.1 344,337,327
030 70 05 1.1 320,312,304
030 70 02 1.1 292,281,271
030 70 00 1.1 259,248,232
030 70 00 1.1 220,205,195
030 70 00 1.1 184,172,155
030 70 00 1.1 142,142,174
030 70 01 1.1 229,299,355
030 70 08 1.1 396,421,445
030 70 08 1.0 461,467,326
030 70 08 1.0 324,325,325
030 70 07 1.0 320,312,306
030 70 05 1.0 296,287,278
030 70 02 1.0 270,255,240
030 70 00 1.0 228,220,210
030 70 00 1.0 196,182,166
030 70 00 1.0 152,137,125
030 70 00 1.0 114,118,146
030 70 01 1.0 200,257,303
030 70 08 1.0 335,357,373
030 70 08 0.8 376,378,259
030 70 08 0.8 259,253,253
030 70 06 0.8 248,242,234
030 70 03 0.8 225,214,201
030 70 01 0.8 190,175,165
030 70 00 0.8 153,141,125
030 70 00 0.8 109,97,88
030 70 00 0.8 72,52,31
030 70 00 0.8 24,40,84
030 70 02 0.8 144,198,234
030 70 08 0.8 259,274,288
030 70 08 0.8 288,259,252
030 70 07 0.8 248,246,241
030 70 04 0.8 229,216,205
030 70 01 0.8 197,187,175
030 70 00 0.8 163,150,134
030 70 00 0.8 120,104,89
030 70 00 0.8 74,63,48
030 70 00 0.8 31,13,0
030 70 00 0.8 0,0,26
030 70 01 0.8 74,126,162
030 70 08 0.8 189,205,210
055 98 08 0.7 216,231,229
055 98 04 0.7 224,220,214
055 98 03 0.7 205,191,180
055 98 02 0.7 166,154,145
055 98 01 0.7 131,122,102
055 98 00 0.7 88,74,60
055 98 00 0.7 46,26,7
055 98 00 0.7 0,0,0
055 98 00 0.7 0,0,0
055 98 01 0.7 34,76,104
055 98 04 0.6 124,132,135
055 98 04 0.6 179,171,164
055 98 03 0.6 157,153,145
055 98 02 0.6 130,114,104
055 98 01 0.6 93,80,60
055 98 00 0.6 43,27,9
055 98 00 0.6 0,0,0
055 98 00 0.6 0,0,0
055 98 00 0.6 0,0,0
055 98 00 0.6 0,0,0
055 98 02 0.6 0,9,28
055 98 04 0.6 36,37,180
055 98 04 0.6 173,167,159
055 98 03 0.6 152,148,141
055 98 02 0.6 131,117,102
055 98 01 0.6 84,67,50
055 98 00 0.6 38,24,12
055 98 00 0.6 0,0,0
055 98 00 0.6 0,0,0
055 98 00 0.6 0,0,0
055 98 00 0.6 0,0,24
055 98 04 0.6 42,54,55
055 98 04 0.5 56,152,141
055 98 03 0.5 132,127,119
055 98 02 0.5 110,97,90
055 98 01 0.5 78,65,49
055 98 00 0.5 37,28,12
055 98 00 0.5 0,0,0
055 98 00 0.5 0,0,0
055 98 00 0.5 0,0,0
055 98 00 0.5 0,0,0
055 98 03 0.5 27,51,70
055 98 05 0.7 89,98,95
055 98 03 0.7 200,191,180
055 98 02 0.7 175,166,160
055 98 02 0.7 148,136,125
055 98 01 0.7 117,105,89
055 98 01 0.7 73,62,49
055 98 01 0.7 33,17,5
055 98 01 0.7 0,0,0
055 98 01 0.7 0,0,0
055 98 02 0.7 25,67,104
055 98 03 0.7 131,149,160
055 98 03 0.6 158,200,191
055 98 03 0.6 183,182,175
055 98 02 0.6 168,152,144
055 98 02 0.6 134,124,109
055 98 01 0.6 96,83,71
055 98 01 0.6 58,46,34
055 98 01 0.6 20,7,0
055 98 01 0.6 0,0,0
055 98 01 0.6 0,0,0
055 98 02 0.6 40,84,112
055 98 03 0.6 128,136,134
055 98 03 0.6 192,183,178
055 98 02 0.6 172,164,154
055 98 02 0.6 146,139,127
055 98 02 0.6 119,105,93
055 98 01 0.6 77,63,53
055 98 01 0.6 39,30,15
055 98 01 0.6 6,0,0
055 98 01 0.6 0,0,0
055 98 01 0.6 0,0,0
055 98 02 0.6 13,53,81
055 98 03 0.6 101,108,179
055 98 03 0.6 173,165,157
055 98 02 0.6 151,147,136
055 98 02 0.6 129,118,111
055 98 02 0.6 96,81,69
055 98 01 0.6 57,48,32
055 98 01 0.6 15,0,0
055 98 01 0.6 0,0,0
055 98 01 0.6 0,0,0
055 98 01 0.6 0,0,0
055 98 02 0.6 0,29,42
055 98 03 0.6 49,57,59
055 98 03 0.5 155,148,136
055 98 02 0.5 127,121,112
055 98 02 0.5 101,89,77
055 98 01 0.5 68,53,42
055 98 01 0.5 26,13,1
055 98 01 0.5 0,0,0
055 98 01 0.5 0,0,0
055 98 01 0.5 0,0,0
055 98 01 0.5 0,0,0
055 98 03 0.5 33,58,72
056 98 03 0.6 82,86,188
056 98 03 0.6 183,172,164
056 98 02 0.6 155,151,145
056 98 02 0.6 136,125,111
056 98 02 0.6 99,85,70
056 98 01 0.6 57,48,39
056 98 01 0.6 28,17,7
056 98 01 0.6 0,0,0
056 98 01 0.6 0,0,0
056 98 01 0.6 0,35,82
056 98 03 0.6 111,127,138
056 98 03 0.6 145,147,192
056 98 03 0.6 181,173,166
056 98 02 0.6 161,156,148
056 98 02 0.6 141,126,114
056 98 01 0.6 101,96,89
056 98 01 0.6 83,74,63
056 98 01 0.6 51,34,20
056 98 01 0.6 9,1,0
056 98 01 0.6 0,0,0
056 98 01 0.6 31,76,121
056 98 03 0.6 144,161,167
056 98 03 0.6 169,166,179
056 98 03 0.6 172,165,164
056 98 02 0.6 158,151,138
056 98 02 0.6 125,114,104
056 98 02 0.6 99,88,80
056 98 01 0.6 69,57,44
056 98 01 0.6 29,17,3
056 98 01 0.6 0,0,0
056 98 01 0.6 0,0,22
056 98 02 0.6 70,113,142
056 98 03 0.6 155,161,162
056 98 03 0.6 185,180,173
056 98 03 0.6 169,162,156
056 98 02 0.6 148,141,128
056 98 02 0.6 120,106,99
056 98 02 0.6 88,81,73
056 98 01 0.6 62,51,37
056 98 01 0.6 26,16,8
056 98 01 0.6 2,19,56
056 98 02 0.6 101,129,148
056 98 03 0.5 162,173,174
056 98 03 0.5 167,157,147
056 98 02 0.5 141,134,131
056 98 02 0.5 122,111,98
056 98 01 0.5 86,77,66
056 98 01 0.5 55,44,31
056 98 01 0.5 22,7,0
056 98 01 0.5 0,0,0
056 98 01 0.5 0,0,0
056 98 02 0.5 15,65,103
056 98 03 0.5 126,142,153
056 98 04 0.6 156,202,193
056 98 03 0.6 191,184,179
056 98 02 0.6 163,154,143
056 98 02 0.6 138,126,114
056 98 01 0.6 103,93,83
056 98 01 0.6 72,61,50
056 98 01 0.6 39,28,15
056 98 01 0.6 0,0,0
056 98 01 0.6 5,50,104
056 98 03 0.6 141,163,178
056 98 03 0.7 188,196,217
056 98 03 0.7 209,199,190
056 98 02 0.7 184,173,166
056 98 02 0.7 157,150,137
056 98 02 0.7 121,108,97
056 98 01 0.7 86,74,62
056 98 01 0.7 50,35,17
056 98 01 0.7 6,0,0
056 98 01 0.7 0,0,0
056 98 02 0.7 38,91,129
056 98 03 0.7 147,159,168
056 98 03 0.6 172,201,190
056 98 03 0.6 182,177,172
056 98 02 0.6 162,153,142
056 98 02 0.6 133,120,106
056 98 01 0.6 92,83,70
056 98 01 0.6 58,43,32
056 98 01 0.6 16,2,0
056 98 01 0.6 0,0,0
056 98 01 0.6 0,2,53
056 98 03 0.6 91,118,127
056 98 03 0.5 136,133,178
056 98 03 0.5 168,158,150
056 98 02 0.5 142,132,123
056 98 02 0.5 109,93,77
056 98 01 0.5 62,51,35
056 98 01 0.5 24,13,3
056 98 01 0.5 0,0,0
056 98 01 0.5 0,0,0
056 98 01 0.5 0,0,0
056 98 01 0.5 0,12,51
056 98 03 0.5 82,100,110
056 98 03 0.6 112,200,186
056 98 03 0.6 169,165,161
056 98 02 0.6 154,141,125
056 98 02 0.6 107,90,80
056 98 01 0.6 73,66,54
056 98 01 0.6 35,20,3
056 98 01 0.6 0,0,0
056 98 01 0.6 0,0,0
056 98 01 0.6 0,0,0
056 98 02 0.6 21,55,76
057 98 03 0.5 93,97,164
057 98 03 0.5 156,145,135
057 98 02 0.5 125,120,112
057 98 02 0.5 102,87,73
057 98 01 0.5 58,49,42
057 98 01 0.5 32,24,13
057 98 01 0.5 5,0,0
057 98 01 0.5 0,0,0
057 98 01 0.5 0,0,0
057 98 01 0.5 0,0,0
057 98 02 0.5 30,50,58
057 98 03 0.5 61,159,156
057 98 03 0.5 150,142,133
057 98 02 0.5 122,112,100
057 98 02 0.5 92,81,71
057 98 01 0.5 60,52,44
057 98 01 0.5 30,19,8
057 98 01 0.5 1,0,0
057 98 01 0.5 0,0,0
057 98 01 0.5 0,0,0
057 98 02 0.5 8,51,78
057 98 03 0.5 92,97,95
057 98 03 0.5 154,142,141
057 98 02 0.5 132,128,114
057 98 02 0.5 105,97,86
057 98 02 0.5 76,64,55
057 98 01 0.5 40,27,14
057 98 01 0.5 6,0,0
057 98 01 0.5 0,0,0
057 98 01 0.5 0,0,0
057 98 01 0.5 0,0,20
057 98 03 0.5 62,86,97
056 98 03 0.6 108,113,113
056 98 03 0.6 186,175,160
056 98 02 0.6 150,143,136
056 98 02 0.6 127,114,102
056 98 02 0.6 84,70,56
056 98 01 0.6 51,41,32
056 98 01 0.6 19,8,0
056 98 01 0.6 0,0,0
056 98 01 0.6 0,0,0
056 98 01 0.6 0,26,66
056 98 03 0.6 94,111,122
056 98 03 0.6 124,181,170
056 98 03 0.6 154,147,137
056 98 02 0.6 130,117,108
056 98 02 0.6 100,86,74
056 98 01 0.6 59,47,34
056 98 01 0.6 24,16,8
056 98 01 0.6 0,0,0
056 98 01 0.6 0,0,0
056 98 01 0.6 0,0,0
056 98 02 0.6 0,41,67
056 98 03 0.5 85,92,96
056 98 03 0.5 174,166,159
056 98 02 0.5 146,140,130
056 98 02 0.5 124,114,99
056 98 02 0.5 83,71,61
056 98 01 0.5 56,45,38
056 98 01 0.5 21,8,0
056 98 01 0.5 0,0,0
056 98 01 0.5 0,0,0
056 98 01 0.5 0,0,43
056 98 03 0.5 75,94,102
056 98 03 0.5 107,106,165
056 98 03 0.5 152,140,130
056 98 02 0.5 123,116,111
056 98 02 0.5 101,89,70
056 98 01 0.5 56,45,35
056 98 01 0.5 25,13,4
056 98 01 0.5 0,0,0
056 98 01 0.5 0,0,0
056 98 01 0.5 0,0,0
056 98 02 0.5 0,35,69
056 98 03 0.5 87,100,101
056 98 03 0.5 173,166,158
056 98 02 0.5 149,139,128
056 98 02 0.5 120,107,94
056 98 01 0.5 81,69,63
056 98 01 0.5 52,46,35
056 98 01 0.5 24,11,0
056 98 01 0.5 0,0,0
056 98 01 0.5 0,0,0
056 98 01 0.5 0,0,0
056 98 02 0.5 40,73,90
056 98 03 0.6 102,100,184
056 98 03 0.6 173,161,149
056 98 02 0.6 136,133,125
056 98 02 0.6 113,99,87
056 98 01 0.6 74,61,48
056 98 01 0.6 37,26,12
056 98 01 0.6 1,0,0
056 98 01 0.6 0,0,0
056 98 01 0.6 0,0,0
056 98 01 0.6 0,7,47
056 98 03 0.5 78,87,89
056 98 03 0.5 160,155,145
056 98 02 0.5 136,127,118
056 98 02 0.5 108,94,79
056 98 02 0.5 67,55,46
056 98 01 0.5 34,23,13
056 98 01 0.5 3,0,0
056 98 01 0.5 0,0,0
056 98 01 0.5 0,0,0
056 98 01 0.5 0,0,4
056 98 03 0.5 43,72,86
056 98 03 0.6 100,103,187
056 98 03 0.6 173,164,154
056 98 02 0.6 146,139,132
056 98 02 0.6 128,115,101
056 98 02 0.6 82,72,62
056 98 01 0.6 53,38,29
056 98 01 0.6 18,9,0
056 98 01 0.6 0,0,0
056 98 01 0.6 0,0,0
056 98 01 0.6 0,44,80
056 98 03 0.6 110,131,140
056 98 03 0.6 143,186,179
056 98 03 0.6 168,162,157
056 98 02 0.6 145,135,121
056 98 02 0.6 112,106,98
056 98 02 0.6 88,79,69
056 98 01 0.6 61,47,32
056 98 01 0.6 20,10,3
056 98 01 0.6 0,0,0
056 98 01 0.6 0,0,0
056 98 02 0.6 44,84,115
056 98 03 0.6 130,140,143
056 98 03 0.5 183,171,160
056 98 02 0.5 153,148,142
056 98 02 0.5 138,134,122
056 98 02 0.5 109,94,84
056 98 01 0.5 75,67,58
056 98 01 0.5 46,36,23
056 98 01 0.5 13,2,0
056 98 01 0.5 0,0,0
056 98 01 0.5 0,26,73
056 98 03 0.5 112,131,138
056 98 03 0.5 137,164,159
056 98 03 0.5 152,142,133
056 98 02 0.5 122,116,106
056 98 02 0.5 100,87,80
056 98 01 0.5 69,58,44
056 98 01 0.5 32,22,16
056 98 01 0.5 4,0,0
056 98 01 0.5 0,0,0
056 98 01 0.5 0,0,0
056 98 02 0.5 33,78,107
056 98 03 0.5 124,134,140
056 98 03 0.6 137,193,181
056 98 03 0.6 177,168,164
056 98 02 0.6 157,148,137
056 98 02 0.6 128,122,111
056 98 02 0.6 98,85,77
056 98 01 0.6 65,57,44
056 98 01 0.6 36,24,14
056 98 01 0.6 3,0,0
056 98 01 0.6 7,50,95
056 98 03 0.6 133,158,177
056 98 04 0.6 188,190,198
056 98 03 0.6 187,177,168
056 98 02 0.6 166,159,153
056 98 02 0.6 142,132,115
056 98 02 0.6 105,95,88
056 98 01 0.6 74,61,48
056 98 01 0.6 42,35,28
056 98 01 0.6 18,7,0
056 98 01 0.6 0,0,0
056 98 02 0.6 41,88,132
056 98 03 0.6 155,176,181
056 98 03 0.6 185,181,187
056 98 03 0.6 181,173,169
056 98 02 0.6 159,151,141
056 98 02 0.6 133,126,119
056 98 02 0.6 113,108,102
056 98 02 0.6 92,77,65
056 98 01 0.6 54,47,40
056 98 01 0.6 29,16,7
056 98 01 0.6 17,53,98
056 98 03 0.6 143,176,195
056 98 04 0.6 204,202,195
056 98 03 0.6 190,188,179
056 98 02 0.6 175,167,157
056 98 02 0.6 149,138,128
056 98 02 0.6 118,111,105
056 98 01 0.6 95,87,77
056 98 01 0.6 64,50,36
056 98 01 0.6 30,22,12
056 98 01 0.6 0,0,0
056 98 01 0.6 37,92,142
056 98 03 0.6 171,193,204
056 98 04 0.7 213,215,224
056 98 03 0.7 211,199,198
056 98 02 0.7 196,195,184
056 98 02 0.7 176,160,150
056 98 02 0.7 143,137,129
056 98 02 0.7 116,105,95
056 98 01 0.7 85,71,59
056 98 01 0.7 47,43,34
056 98 01 0.7 24,23,41
056 98 02 0.7 81,132,172
056 98 04 0.7 199,212,221
056 98 04 0.6 221,188,176
056 98 03 0.6 168,166,161
056 98 02 0.6 156,149,138
056 98 02 0.6 126,115,111
056 98 02 0.6 101,91,78
056 98 01 0.6 65,50,36
056 98 01 0.6 28,23,17
056 98 01 0.6 9,0,0
056 98 01 0.6 0,0,33
056 98 02 0.6 80,122,145
056 98 03 0.5 160,167,181
056 98 03 0.5 175,169,162
056 98 02 0.5 155,148,140
056 98 02 0.5 130,119,112
056 98 02 0.5 104,97,84
056 98 01 0.5 70,58,49
056 98 01 0.5 42,33,24
056 98 01 0.5 12,0,0
056 98 01 0.5 0,0,0
056 98 01 0.5 0,39,90
056 98 03 0.5 125,148,162
056 98 04 0.6 167,193,177
056 98 03 0.6 167,160,156
056 98 02 0.6 147,142,135
056 98 02 0.6 128,115,104
056 98 02 0.6 92,82,76
056 98 01 0.6 65,55,41
056 98 01 0.6 30,20,10
056 98 01 0.6 0,0,0
056 98 01 0.6 0,0,7
056 98 02 0.6 52,96,126
056 98 03 0.6 147,163,169
056 98 03 0.6 201,191,180
056 98 03 0.6 171,166,160
056 98 02 0.6 153,146,138
056 98 02 0.6 126,112,101
056 98 01 0.6 91,76,64
056 98 01 0.6 53,45,34
056 98 01 0.6 24,14,7
056 98 01 0.6 0,0,0
056 98 01 0.6 0,21,74
056 98 03 0.6 119,143,156
056 98 03 0.6 169,173,194
056 98 03 0.6 183,179,173
056 98 03 0.6 167,161,150
056 98 02 0.6 142,129,124
056 98 02 0.6 113,105,98
056 98 01 0.6 88,75,61
056 98 01 0.6 49,43,33
056 98 01 0.6 20,10,0
056 98 01 0.6 0,0,2
056 98 01 0.6 37,88,130
056 98 03 0.6 156,166,173
056 98 03 0.5 176,186,179
056 98 03 0.5 165,158,151
056 98 02 0.5 153,149,142
056 98 02 0.5 128,116,104
056 98 02 0.5 97,91,84
056 98 01 0.5 74,61,53
056 98 01 0.5 43,33,21
056 98 01 0.5 10,0,0
056 98 01 0.5 0,27,72
056 98 03 0.5 118,146,166
056 98 03 0.6 177,185,185
056 98 03 0.6 192,181,172
056 98 02 0.6 168,164,155
056 98 02 0.6 141,131,125
056 98 02 0.6 122,113,100
056 98 01 0.6 87,74,62
056 98 01 0.6 49,42,29
056 98 01 0.6 19,3,0
056 98 01 0.6 0,0,2
056 98 02 0.6 42,94,140
056 98 04 0.6 172,188,205
056 98 04 0.6 209,221,210
056 98 03 0.6 201,201,197
056 98 02 0.6 189,180,172
056 98 02 0.6 166,157,149
056 98 02 0.6 139,128,118
056 98 01 0.6 106,95,84
056 98 01 0.6 74,64,52
056 98 01 0.6 42,29,21
056 98 01 0.6 12,21,54
056 98 02 0.6 105,156,188
056 98 04 0.6 214,230,238
056 98 04 0.7 237,223,222
056 98 03 0.7 218,214,211
056 98 03 0.7 202,192,183
056 98 02 0.7 174,161,145
056 98 02 0.7 138,130,124
056 98 01 0.7 116,108,94
056 98 01 0.7 83,72,63
056 98 01 0.7 53,42,33
056 98 01 0.7 23,36,67
056 98 02 0.7 121,169,205
056 98 04 0.7 229,240,246
056 98 04 0.6 224,217,205
056 98 03 0.6 200,196,194
056 98 02 0.6 187,186,176
056 98 02 0.6 166,153,149
056 98 02 0.6 137,126,113
056 98 01 0.6 106,99,91
056 98 01 0.6 78,67,55
056 98 01 0.6 48,40,31
056 98 01 0.6 33,62,108
056 98 03 0.6 157,188,210
056 98 04 0.6 221,229,231
056 98 03 0.6 194,180,176
056 98 03 0.6 174,173,166
056 98 02 0.6 156,144,136
056 98 02 0.6 127,119,108
056 98 02 0.6 96,88,73
056 98 01 0.6 63,49,42
056 98 01 0.6 30,21,13
056 98 01 0.6 4,0,0
056 98 01 0.6 5,52,102
056 98 03 0.6 145,173,193
056 98 04 0.7 207,220,219
056 98 04 0.7 228,219,212
056 98 03 0.7 210,199,192
056 98 02 0.7 184,178,168
056 98 02 0.7 156,147,143
056 98 02 0.7 136,124,110
056 98 01 0.7 101,93,83
056 98 01 0.7 68,55,45
056 98 01 0.7 35,27,33
056 98 01 0.7 62,113,157
056 98 03 0.7 197,222,243
056 98 04 0.7 254,256,226
056 98 03 0.7 219,212,209
056 98 03 0.7 201,194,182
056 98 02 0.7 174,165,157
056 98 02 0.7 148,137,133
056 98 02 0.7 121,112,98
056 98 01 0.7 89,73,62
056 98 01 0.7 49,42,33
056 98 01 0.7 25,18,22
056 98 01 0.7 52,100,148
056 98 03 0.7 188,213,226
056 98 04 0.6 231,231,210
056 98 03 0.6 203,199,199
056 98 03 0.6 195,190,181
056 98 02 0.6 170,161,152
056 98 02 0.6 145,137,130
056 98 01 0.6 123,119,109
056 98 01 0.6 96,79,65
056 98 01 0.6 58,48,38
056 98 01 0.6 24,29,59
056 98 02 0.6 107,157,192
056 98 04 0.6 219,234,239
056 98 04 0.6 212,202,197
056 98 03 0.6 192,189,185
056 98 02 0.6 178,170,155
056 98 02 0.6 147,138,133
056 98 02 0.6 121,109,100

