176927!20190929_134214!0!0
2.79!2.95!3.05!3.05!3.1!2.95!
95!30!58!601!402
498.0 3.17 55 136

030 70 07 9.7 2778,2695,2561
030 70 04 9.7 2394,2207,2014
030 70 00 9.7 1822,1648,1479
030 70 00 9.7 1321,1159,997
030 70 00 9.7 831,661,497
030 70 00 9.7 332,183,38
030 70 01 9.7 0,0,0
030 70 01 9.7 0,0,0
030 70 00 9.7 0,0,0
030 70 00 9.7 0,0,0
030 70 00 9.7 0,0,0
030 70 01 9.7 0,0,0
030 70 00 9.7 0,0,0
030 70 00 9.7 0,0,0
030 70 00 9.7 0,0,0
030 70 01 9.7 0,0,0
030 70 00 9.7 0,0,74
030 70 04 9.7 1011,1516,1733
030 70 05 11.8 1786,4159,4057
030 70 05 11.8 3964,3929,3936
030 70 07 11.8 3938,3904,3814
030 70 06 11.8 3685,3517,3332
030 70 02 11.8 3135,2947,2766
030 70 00 11.8 2603,2453,2316
030 70 00 11.8 2181,2045,1917
030 70 01 11.8 1788,1670,1556
030 70 00 11.8 1463,1463,1756
030 70 02 11.8 2458,3335,4041
030 70 07 9.1 4395,4517,4533
030 70 05 9.1 3019,2901,2769
030 70 05 9.1 2677,2631,2605
030 70 07 9.1 2565,2483,2355
030 70 04 9.1 2192,2004,1801
030 70 00 9.1 1602,1411,1240
030 70 00 9.1 1084,943,812
030 70 00 9.1 685,561,440
030 70 00 9.1 323,248,335
030 70 00 9.1 824,1664,2571
030 70 05 9.1 3195,3520,3692
030 70 07 10.4 3775,3773,3446
030 70 06 10.4 3341,3271,3248
030 70 06 10.4 3245,3216,3140
030 70 05 10.4 3022,2877,2718
030 70 00 10.4 2551,2383,2226
030 70 00 10.4 2082,1950,1813
030 70 00 10.4 1685,1547,1414
030 70 01 10.4 1270,1124,974
030 70 00 10.4 846,833,1148
030 70 02 10.4 1854,2717,3414
030 70 06 10.4 3808,4027,4154
056 95 05 10.2 4202,3352,3267
056 95 06 10.2 3190,3156,3151
056 95 07 10.2 3136,3083,2988
056 95 06 10.2 2864,2720,2574
056 95 00 10.2 2426,2285,2153
056 95 00 10.2 2028,1908,1783
056 95 00 10.2 1657,1526,1394
056 95 00 10.2 1255,1113,962
056 95 00 10.2 825,764,973
056 95 00 10.2 1555,2322,2978
056 95 06 10.2 3348,3533,3621
056 95 05 8.9 3628,2802,2704
056 95 06 8.9 2629,2607,2605
056 95 03 8.9 2587,2521,2417
056 95 06 8.9 2283,2132,1973
056 95 00 8.9 1819,1665,1520
056 95 00 8.9 1379,1248,1119
056 95 00 8.9 985,844,699
056 95 00 8.9 549,398,250
056 95 00 8.9 104,0,0
056 95 00 8.9 255,945,1788
056 95 08 8.9 2460,2845,3068
056 95 08 10.3 3210,3276,3318
056 95 05 10.3 3230,3141,3088
056 95 07 10.3 3065,3039,2970
056 95 06 10.3 2863,2718,2559
056 95 01 10.3 2397,2237,2087
056 95 00 10.3 1944,1810,1674
056 95 00 10.3 1535,1392,1244
056 95 00 10.3 1094,940,791
056 95 00 10.3 640,494,351
056 95 00 10.3 219,181,448
056 95 00 10.3 1107,1933,2602
056 95 05 10.3 2972,3155,3241
056 95 05 9.6 3246,3008,2905
056 95 06 9.6 2822,2785,2774
056 95 04 9.6 2750,2682,2571
056 95 05 9.6 2425,2266,2101
056 95 00 9.6 1936,1775,1618
056 95 00 9.6 1475,1340,1211
056 95 00 9.6 1079,952,826
056 95 00 9.6 694,549,401
056 95 00 9.6 301,420,915
056 95 03 9.6 1660,2366,2794
056 95 06 9.6 3002,3096,3125
056 95 06 8.8 2776,2673,2558
056 95 04 8.8 2485,2440,2395
056 95 06 8.8 2308,2182,2016
056 95 00 8.8 1830,1633,1440
056 95 00 8.8 1249,1071,902
056 95 00 8.8 742,585,426
056 95 00 8.8 269,109,0
056 95 00 8.8 0,0,0
056 95 00 8.8 0,563,1384
056 95 04 8.8 2026,2371,2537
056 95 06 9.4 2617,2619,2968
056 95 06 9.4 2844,2729,2652
056 95 06 9.4 2608,2562,2474
056 95 06 9.4 2341,2161,1963
056 95 00 9.4 1755,1544,1337
056 95 00 9.4 1143,969,805
056 95 00 9.4 649,496,339
056 95 00 9.4 183,55,88
056 95 00 9.4 479,1205,2000
056 95 06 9.4 2563,2856,3005
056 95 07 9.4 3072,3056,2921
056 95 05 9.4 2786,2665,2589
056 95 04 9.4 2540,2480,2377
056 95 03 9.4 2231,2048,1844
056 95 00 9.4 1623,1404,1193
056 95 01 9.4 994,812,642
056 95 00 9.4 481,322,166
056 95 01 9.4 9,0,0
056 95 01 9.4 0,510,1346
056 95 04 9.4 2120,2581,2804
056 95 04 9.7 2913,2934,3111
056 95 06 9.7 2987,2854,2756
056 95 07 9.7 2703,2659,2585
056 95 06 9.7 2465,2301,2108
056 95 00 9.7 1894,1676,1458
056 95 00 9.7 1255,1067,894
056 95 00 9.7 724,562,407
056 95 01 9.7 258,100,0
056 95 00 9.7 0,0,4
056 95 00 9.7 667,1536,2272
056 95 06 9.7 2664,2832,2887
056 95 04 9.6 3106,3002,2865
056 95 05 9.6 2740,2675,2641
056 95 06 9.6 2619,2557,2453
056 95 04 9.6 2301,2121,1930
056 95 00 9.6 1737,1557,1389
056 95 00 9.6 1235,1091,955
056 95 00 9.6 823,694,566
056 95 00 9.6 433,294,160
056 95 00 9.6 82,225,761
056 95 00 9.6 1556,2286,2695
056 95 08 8.5 2836,2838,2678
056 95 05 8.5 2540,2404,2305
056 95 05 8.5 2266,2247,2215
056 95 07 8.5 2142,2023,1863
056 95 00 8.5 1672,1466,1254
056 95 00 8.5 1061,885,732
056 95 00 8.5 587,449,310
056 95 00 8.5 170,20,0
056 95 00 8.5 0,0,183
056 95 03 8.5 914,1698,2204
056 95 06 8.2 2404,2440,2659
056 95 05 8.2 2546,2396,2256
056 95 05 8.2 2169,2129,2098
056 95 07 8.2 2033,1914,1749
056 95 00 8.2 1550,1332,1112
056 95 00 8.2 900,707,537
056 95 00 8.2 381,239,105
056 95 00 8.2 0,0,0
056 95 00 8.2 0,0,0
056 95 01 8.2 544,1442,2200
056 95 06 8.2 2593,2768,2838
056 95 05 9.8 2838,3177,3059
056 95 06 9.8 2938,2850,2795
056 95 06 9.8 2748,2679,2561
056 95 04 9.8 2403,2208,2001
056 95 01 9.8 1783,1573,1371
056 95 00 9.8 1190,1018,857
056 95 00 9.8 701,549,401
056 95 01 9.8 257,117,3
056 95 01 9.8 13,372,1128
056 95 04 9.8 2003,2651,2955
056 95 04 9.4 3072,3106,3090
056 95 05 9.4 2993,2868,2763
056 95 06 9.4 2703,2669,2627
056 95 06 9.4 2547,2422,2263
056 95 00 9.4 2077,1882,1692
056 95 00 9.4 1507,1338,1175
056 95 00 9.4 1029,888,754
056 95 00 9.4 625,500,375
056 95 00 9.4 253,153,177
056 95 00 9.4 527,1239,2040
056 95 05 9.4 2605,2833,2875
056 95 07 8.2 2683,2564,2418
056 95 07 8.2 2295,2233,2216
056 95 05 8.2 2204,2154,2058
056 95 03 8.2 1915,1740,1541
056 95 00 8.2 1332,1136,953
056 95 00 8.2 796,651,516
056 95 00 8.2 388,262,141
056 95 00 8.2 21,0,0
056 95 00 8.2 0,536,1387
056 95 06 8.2 2217,2710,2937
056 95 07 9.6 3027,3042,3148
056 95 07 9.6 3044,2933,2857
056 95 06 9.6 2823,2804,2753
056 95 06 9.6 2659,2523,2356
056 95 00 9.6 2168,1969,1775
056 95 00 9.6 1589,1420,1265
056 95 00 9.6 1119,978,843
056 95 00 9.6 711,572,435
056 95 00 9.6 315,299,588
056 95 01 9.6 1282,2146,2834
056 95 07 9.6 3184,3341,3410
056 95 06 9.5 3413,3060,2945
056 95 07 9.5 2834,2764,2730
056 95 07 9.5 2700,2638,2532
056 95 05 9.5 2385,2213,2030
056 95 00 9.5 1844,1658,1482
056 95 00 9.5 1314,1156,1005
056 95 00 9.5 856,715,576
056 95 00 9.5 439,303,172
056 95 00 9.5 110,276,854
056 95 02 9.5 1680,2441,2881
056 95 05 9.3 3077,3159,3169
056 95 04 9.3 3000,2891,2789
056 95 04 9.3 2726,2710,2694
056 95 04 9.3 2650,2561,2431
056 95 02 9.3 2275,2103,1930
056 95 00 9.3 1763,1603,1456
056 95 00 9.3 1314,1181,1046
056 95 01 9.3 916,779,639
056 95 00 9.3 490,339,219
056 95 00 9.3 240,607,1306
056 95 02 9.3 2069,2598,2825
056 95 04 8.2 2891,2660,2573
056 95 05 8.2 2451,2346,2286
056 95 04 8.2 2269,2256,2207
056 95 04 8.2 2112,1972,1808
056 95 00 8.2 1625,1437,1247
056 95 00 8.2 1067,898,745
056 95 01 8.2 599,461,324
056 95 00 8.2 186,50,0
056 95 00 8.2 0,0,0
056 95 00 8.2 382,1205,2012
056 95 03 8.2 2517,2760,2878
056 95 04 9.7 2920,3167,3078
056 95 05 9.7 2974,2910,2883
056 95 04 9.7 2864,2809,2704
056 95 04 9.7 2562,2389,2213
056 95 01 9.7 2027,1848,1666
056 95 00 9.7 1502,1348,1201
056 95 01 9.7 1056,915,778
056 95 00 9.7 639,497,356
056 95 00 9.7 234,217,508
056 95 01 9.7 1194,2031,2700
056 95 04 9.7 3049,3219,3297
056 95 04 9.4 3300,3034,2932
056 95 07 9.4 2851,2810,2790
056 95 06 9.4 2752,2676,2562
056 95 05 9.4 2411,2241,2059
056 95 00 9.4 1883,1712,1549
056 95 00 9.4 1393,1241,1095
056 95 00 9.4 944,799,653
056 95 00 9.4 518,382,248
056 95 00 9.4 117,23,100
056 95 00 9.4 545,1302,2083
056 95 07 9.4 2596,2833,2926
056 95 06 8.9 2933,2851,2755
056 95 06 8.9 2670,2631,2623
056 95 07 8.9 2610,2555,2453
056 95 06 8.9 2311,2149,1977
056 95 00 8.9 1799,1629,1465
056 95 00 8.9 1313,1164,1022
056 95 01 8.9 879,736,591
056 95 00 8.9 449,312,176
056 95 00 8.9 51,0,2
056 95 00 8.9 387,1119,1953
056 95 06 8.9 2566,2889,3048
056 95 06 9.6 3120,3107,3083
056 95 06 9.6 2983,2909,2876
056 95 06 9.6 2855,2808,2712
056 95 07 9.6 2580,2421,2250
056 95 00 9.6 2070,1891,1720
056 95 00 9.6 1555,1400,1247
056 95 01 9.6 1098,949,807
056 95 00 9.6 664,519,366
056 95 00 9.6 225,111,107
056 95 00 9.6 409,1097,1940
056 95 07 9.6 2618,2989,3188
056 95 05 9.9 3299,3327,3187
056 95 07 9.9 3090,3011,2976
056 95 06 9.9 2963,2931,2860
056 95 07 9.9 2744,2598,2432
056 95 00 9.9 2263,2091,1931
056 95 00 9.9 1776,1634,1495
056 95 00 9.9 1357,1215,1072
056 95 00 9.9 927,784,643
056 95 00 9.9 506,370,247
056 95 00 9.9 217,469,1098
056 95 05 9.9 1905,2575,2952
056 95 04 9.3 3134,3220,3226
056 95 06 9.3 2961,2879,2825
056 95 04 9.3 2820,2827,2808
056 95 04 9.3 2733,2621,2482
056 95 03 9.3 2333,2171,2010
056 95 00 9.3 1852,1704,1556
056 95 00 9.3 1417,1270,1129
056 95 01 9.3 983,841,699
056 95 00 9.3 552,408,266
056 95 00 9.3 182,315,845
056 95 02 9.3 1635,2393,2862
056 95 03 9.3 3112,3251,3316
056 95 05 9.7 3108,3024,2928
056 95 06 9.7 2881,2865,2852
056 95 06 9.7 2799,2700,2565
056 95 04 9.7 2407,2243,2079
056 95 00 9.7 1916,1758,1608
056 95 00 9.7 1468,1328,1186
056 95 01 9.7 1037,884,727
056 95 00 9.7 574,428,282
056 95 00 9.7 152,101,328
056 95 00 9.7 950,1782,2508
056 95 06 9.7 2938,3180,3335
056 95 06 10.3 3421,3415,3238
056 95 05 10.3 3148,3095,3077
056 95 07 10.3 3064,3014,2918
056 95 06 10.3 2785,2637,2485
056 95 00 10.3 2327,2175,2032
056 95 00 10.3 1891,1754,1616
056 95 00 10.3 1481,1343,1202
056 95 00 10.3 1060,923,783
056 95 00 10.3 643,502,404
056 95 00 10.3 494,956,1695
056 95 01 10.3 2432,2897,3128
056 95 08 9.0 3242,3286,2854
056 95 07 9.0 2769,2685,2644
056 95 05 9.0 2631,2608,2546
056 95 07 9.0 2441,2306,2150
056 95 00 9.0 1984,1813,1650
056 95 00 9.0 1494,1345,1195
056 95 00 9.0 1050,907,765
056 95 00 9.0 625,477,327
056 95 00 9.0 169,28,0
056 95 00 9.0 257,914,1727
056 95 05 9.0 2381,2732,2923
056 95 04 9.6 3026,3063,3039
056 95 06 9.6 2941,2859,2815
056 95 05 9.6 2801,2774,2708
056 95 07 9.6 2591,2441,2281
056 95 00 9.6 2124,1978,1837
056 95 00 9.6 1708,1577,1453
056 95 00 9.6 1328,1203,1080
056 95 00 9.6 965,854,743
056 95 01 9.6 643,637,910
056 95 03 9.6 1535,2312,2961
056 95 07 9.6 3350,3585,3739
056 95 05 10.2 3818,3807,3112
056 95 06 10.2 3029,2981,2949
056 95 07 10.2 2892,2777,2608
056 95 04 10.2 2414,2205,2002
056 95 01 10.2 1797,1596,1399
056 95 00 10.2 1199,1005,814
056 95 00 10.2 632,439,232
056 95 00 10.2 9,0,0
056 95 00 10.2 0,0,486
056 95 02 10.2 1164,1618,1828
056 95 08 7.4 1898,1891,2270
056 95 04 7.4 2154,2051,1993
056 95 07 7.4 1975,1953,1894
056 95 05 7.4 1786,1644,1485
056 95 00 7.4 1324,1166,1009
056 95 00 7.4 859,711,573
056 95 00 7.4 436,298,152
056 95 00 7.4 0,0,0
056 95 00 7.4 95,717,1504
056 95 05 7.4 2143,2507,2708
056 95 04 9.6 2833,2901,2883
056 95 05 9.6 2990,2901,2858
056 95 07 9.6 2845,2834,2782
056 95 06 9.6 2683,2544,2374
056 95 01 9.6 2187,1991,1800
056 95 00 9.6 1615,1437,1274
056 95 00 9.6 1118,981,842
056 95 00 9.6 700,550,466
056 95 00 9.6 635,1176,1926
056 95 07 9.6 2592,2991,3206
056 95 08 9.3 3330,3388,2899
056 95 06 9.3 2809,2709,2653
056 95 06 9.3 2648,2653,2626
056 95 05 9.3 2549,2432,2292
056 95 01 9.3 2147,2005,1870
056 95 00 9.3 1730,1584,1428
056 95 00 9.3 1272,1120,972
056 95 00 9.3 817,657,529
056 95 00 9.3 596,1011,1667
056 95 04 9.3 2291,2656,2812
056 95 05 7.6 2863,2847,2241
056 95 07 7.6 2112,1996,1943
056 95 02 7.6 1938,1939,1917
056 95 08 7.6 1860,1777,1678
056 95 00 7.6 1579,1491,1402
056 95 00 7.6 1316,1225,1136
056 95 00 7.6 1040,936,818
056 95 00 7.6 682,542,486
056 95 00 7.6 709,1266,1957
056 95 07 7.6 2498,2777,2897
056 95 05 8.0 2928,2407,2305
056 95 05 8.0 2178,2080,2035
056 95 04 8.0 2011,1976,1894
056 95 05 8.0 1774,1621,1446
056 95 00 8.0 1267,1090,928
056 95 00 8.0 772,634,502
056 95 01 8.0 379,250,112
056 95 00 8.0 0,0,0
056 95 00 8.0 462,1165,1799
056 95 06 8.0 2186,2385,2502
056 95 07 8.8 2555,2674,2586
056 95 06 8.8 2474,2396,2358
056 95 06 8.8 2341,2303,2232
056 95 06 8.8 2127,1998,1864
056 95 00 8.8 1723,1592,1461
056 95 00 8.8 1343,1229,1116
056 95 00 8.8 1003,872,722
056 95 00 8.8 542,381,397
056 95 00 8.8 744,1336,1899
057 95 07 6.5 2223,2324,2315
057 95 06 6.5 1884,1760,1604
057 95 07 6.5 1459,1362,1310
057 95 00 6.5 1274,1211,1104
057 95 00 6.5 952,774,581
057 95 00 6.5 390,199,19
057 95 00 6.5 0,0,0
057 95 00 6.5 0,0,0
057 95 00 6.5 0,0,0
057 95 00 6.5 0,756,1344
057 95 05 6.5 1641,1774,1830
057 95 07 9.1 1825,2779,2650
057 95 06 9.1 2529,2449,2422
057 95 04 9.1 2396,2348,2248
057 95 04 9.1 2114,1955,1794
057 95 00 9.1 1637,1487,1344
057 95 00 9.1 1205,1066,934
057 95 01 9.1 804,687,559
057 95 00 9.1 422,285,250
057 95 00 9.1 530,1152,1888
057 95 07 9.1 2432,2690,2787
057 95 05 8.3 2806,2528,2435
057 95 05 8.3 2308,2209,2160
057 95 05 8.3 2147,2123,2058
057 95 06 8.3 1951,1807,1644
057 95 00 8.3 1482,1318,1167
057 95 00 8.3 1022,897,782
057 95 00 8.3 672,550,416
057 95 00 8.3 263,111,26
057 95 00 8.3 206,745,1463
057 95 06 8.3 2046,2340,2442
057 96 06 7.8 2459,2394,2300
057 96 06 7.8 2179,2078,2038
057 96 03 7.8 2043,2044,2000
057 96 06 7.8 1903,1764,1600
057 96 00 7.8 1421,1241,1069
057 96 00 7.8 909,756,615
057 96 01 7.8 479,355,220
057 96 00 7.8 71,0,0
057 96 00 7.8 0,139,833
057 96 02 7.8 1581,2081,2303
057 96 04 8.5 2385,2408,2638
057 96 06 8.5 2551,2432,2344
057 96 06 8.5 2305,2298,2278
057 96 07 8.5 2213,2105,1971
057 96 00 8.5 1821,1672,1527
057 96 00 8.5 1396,1272,1154
057 96 00 8.5 1033,911,782
057 96 00 8.5 651,504,351
057 96 00 8.5 229,315,760
057 96 01 8.5 1445,2080,2437
057 96 07 7.7 2576,2608,2364
057 96 05 7.7 2278,2155,2036
057 96 05 7.7 1967,1943,1930
057 96 07 7.7 1889,1794,1658
057 96 00 7.7 1496,1325,1156
057 96 00 7.7 991,840,702
057 96 00 7.7 580,458,335
057 96 01 7.7 202,58,0
057 96 00 7.7 0,0,0
057 96 00 7.7 461,1231,1866
057 96 07 7.7 2204,2356,2424
057 96 07 8.8 2432,2700,2585
057 96 04 8.8 2475,2414,2395
057 96 03 8.8 2379,2334,2249
057 96 04 8.8 2124,1973,1808
057 96 01 8.8 1650,1503,1368
057 96 01 8.8 1240,1116,993
057 96 00 8.8 871,748,622
057 96 01 8.8 486,333,179
057 96 00 8.8 99,299,873
057 96 02 8.8 1630,2252,2580
058 96 04 8.5 2722,2774,2764
058 96 05 8.5 2580,2457,2354
058 96 07 8.5 2313,2313,2302
058 96 05 8.5 2250,2143,2006
058 96 01 8.5 1850,1691,1527
058 96 00 8.5 1366,1218,1080
058 96 00 8.5 952,825,699
058 96 00 8.5 568,425,269
058 96 00 8.5 110,3,118
058 96 00 8.5 618,1373,2085
058 96 07 8.5 2518,2734,2848
058 96 05 9.2 2893,2862,2765
058 96 05 9.2 2649,2567,2533
058 96 07 9.2 2515,2471,2384
058 96 06 9.2 2261,2110,1941
058 96 00 9.2 1770,1605,1447
058 96 00 9.2 1299,1157,1021
058 96 00 9.2 886,748,602
058 96 00 9.2 448,284,126
058 96 00 9.2 21,150,673
058 96 02 9.2 1442,2164,2588
058 96 08 9.2 2791,2879,2900
058 96 06 9.2 2829,2725,2619
058 96 04 9.2 2560,2547,2534
058 96 07 9.2 2484,2386,2254
058 96 03 9.2 2097,1934,1774
058 96 00 9.2 1622,1473,1333
058 96 00 9.2 1200,1070,936
058 96 00 9.2 799,657,511
058 96 00 9.2 362,209,59
058 96 00 9.2 0,183,769
058 96 02 9.2 1545,2193,2534
058 96 07 8.6 2666,2694,2663
058 96 07 8.6 2568,2452,2382
058 96 07 8.6 2361,2365,2340
058 96 05 8.6 2266,2144,1992
058 96 00 8.6 1818,1636,1462
058 96 00 8.6 1293,1145,1007
058 96 00 8.6 878,746,613
058 96 01 8.6 473,321,161
058 96 00 8.6 20,31,414
058 96 03 8.6 1150,1949,2498
058 96 08 8.6 2746,2852,2877
058 96 07 9.2 2847,2738,2609
058 96 06 9.2 2506,2460,2429
058 96 05 9.2 2380,2285,2146
058 96 01 9.2 1969,1776,1575
058 96 00 9.2 1379,1195,1023
058 96 00 9.2 871,726,589
058 96 00 9.2 444,286,138
058 96 00 9.2 105,410,1078
058 96 06 9.2 1871,2458,2753
058 96 07 9.1 2889,2938,2823
058 96 07 9.1 2714,2576,2459
058 96 07 9.1 2394,2359,2310
058 96 06 9.1 2221,2075,1895
058 96 00 9.1 1689,1482,1274
058 96 00 9.1 1083,900,729
058 96 00 9.1 565,412,261
058 96 00 9.1 105,0,0
058 96 00 9.1 0,0,55
058 96 03 9.1 806,1635,2204
058 96 05 9.1 2477,2596,2631
058 96 06 9.5 2972,2866,2737
058 96 05 9.5 2643,2596,2574
058 96 04 9.5 2522,2426,2280
058 96 02 9.5 2103,1901,1698
058 96 00 9.5 1498,1310,1135
058 96 00 9.5 973,815,662
058 96 00 9.5 521,379,234
058 96 00 9.5 73,0,0
058 96 01 9.5 25,627,1445
058 96 07 9.5 2145,2496,2622
058 96 07 8.8 2624,2715,2579
058 96 05 8.8 2435,2332,2289
058 96 03 8.8 2271,2229,2131
058 96 03 8.8 1976,1778,1559
058 96 00 8.8 1334,1116,909
058 96 00 8.8 714,533,369
058 96 00 8.8 215,67,0
058 96 02 8.8 0,0,0
058 96 01 8.8 0,0,0
058 96 02 8.8 627,1541,2203
058 96 04 8.8 2517,2652,2692
058 96 05 10.3 3294,3189,3060
058 96 05 10.3 2964,2919,2894
058 96 07 10.3 2844,2738,2582
058 96 03 10.3 2385,2174,1958
058 96 00 10.3 1752,1554,1376
058 96 00 10.3 1204,1041,882
058 96 00 10.3 729,575,426
058 96 01 10.3 270,117,0
058 96 00 10.3 0,231,946
058 96 04 10.3 1856,2602,2994
058 96 07 10.1 3166,3226,3269
058 96 04 10.1 3169,3042,2940
058 96 04 10.1 2903,2889,2862
058 96 04 10.1 2783,2658,2500
058 96 01 10.1 2317,2126,1931
058 96 00 10.1 1742,1561,1395
058 96 01 10.1 1236,1087,941
058 96 00 10.1 803,663,518
058 96 00 10.1 373,232,149
058 96 00 10.1 284,838,1662
058 96 04 10.1 2426,2846,2986
058 96 05 8.8 2986,2754,2624
058 96 06 8.8 2486,2400,2371
058 96 06 8.8 2372,2343,2262

