177628!20190919_163450!0!0
2.48!2.43!2.33!2.32!2.33!2.31!
99!56!58!0!601
394.8 2.33 65 53

058 99 00 0.7 80,60,38
058 99 00 0.7 19,0,0
058 99 00 0.7 0,0,0
058 99 00 0.7 0,0,0
058 99 00 0.7 0,0,0
058 99 00 0.7 0,0,0
058 99 00 0.7 0,0,0
058 99 03 0.7 0,20,45
058 99 04 1.2 54,54,304
058 99 05 1.2 286,261,243
058 99 02 1.2 224,207,186
058 99 01 1.2 165,145,127
058 99 00 1.2 103,81,56
058 99 00 1.2 36,12,0
058 99 00 1.2 0,0,0
058 99 00 1.2 0,0,0
058 99 00 1.2 0,0,23
058 99 04 1.2 110,177,218
058 99 08 1.3 244,258,260
058 99 07 1.3 356,335,314
058 99 04 1.3 296,279,268
058 99 02 1.3 251,235,210
058 99 00 1.3 191,168,153
058 99 00 1.3 136,117,92
058 99 00 1.3 65,44,26
058 99 00 1.3 9,0,0
058 99 00 1.3 0,0,0
058 99 01 1.3 58,154,232
058 99 08 1.3 288,321,338
058 99 08 1.4 344,398,382
058 99 05 1.4 357,336,318
058 99 03 1.4 303,284,268
058 99 01 1.4 247,230,203
058 99 00 1.4 182,162,148
058 99 00 1.4 130,111,91
058 99 00 1.4 72,53,37
058 99 00 1.4 18,0,0
058 99 00 1.4 0,25,104
058 99 04 1.4 193,264,308
058 99 08 1.3 335,347,349
058 99 07 1.3 361,347,330
058 99 04 1.3 313,298,285
058 99 02 1.3 269,251,227
058 99 01 1.3 206,188,167
058 99 00 1.3 150,127,109
058 99 00 1.3 90,70,52
058 99 00 1.3 31,17,0
058 99 00 1.3 0,0,0
058 99 00 1.3 6,86,182
058 99 07 1.3 255,299,320
058 99 08 1.3 330,329,355
058 99 06 1.3 333,313,299
058 99 03 1.3 284,270,253
058 99 02 1.3 242,224,208
058 99 00 1.3 188,168,151
058 99 00 1.3 133,118,101
058 99 00 1.3 86,67,46
058 99 00 1.3 25,7,0
058 99 00 1.3 0,43,129
058 99 04 1.3 216,278,317
058 99 08 1.3 336,346,358
058 99 06 1.3 346,326,307
058 99 03 1.3 286,271,254
058 99 02 1.3 242,228,211
058 99 01 1.3 191,169,152
058 99 00 1.3 135,118,100
058 99 00 1.3 81,55,31
058 99 00 1.3 6,0,0
058 99 00 1.3 0,0,0
058 99 01 1.3 58,159,243
058 99 08 1.3 296,329,346
058 99 08 1.5 355,411,398
058 99 06 1.5 378,360,344
058 99 03 1.5 331,318,303
058 99 02 1.5 288,268,249
058 99 00 1.5 231,218,203
058 99 00 1.5 186,168,152
058 99 00 1.5 136,120,108
058 99 00 1.5 90,74,55
058 99 00 1.5 49,81,157
058 99 04 1.5 253,335,392
058 99 08 1.5 431,454,458
058 99 08 1.5 408,393,377
058 99 05 1.5 360,345,331
058 99 03 1.5 313,297,280
058 99 01 1.5 264,247,229
058 99 00 1.5 215,200,183
058 99 00 1.5 167,149,131
058 99 00 1.5 112,99,85
058 99 00 1.5 71,52,39
058 99 00 1.5 49,101,191
058 99 05 1.5 283,350,392
057 99 08 1.4 418,433,430
057 99 07 1.4 380,363,345
057 99 04 1.4 327,314,301
057 99 02 1.4 289,274,260
057 99 01 1.4 248,233,217
057 99 00 1.4 202,188,175
057 99 00 1.4 158,144,129
057 99 00 1.4 118,102,89
057 99 00 1.4 75,68,94
057 99 01 1.4 160,251,324
057 99 08 1.4 371,394,410
057 99 08 1.2 413,342,325
057 99 05 1.2 307,293,282
057 99 03 1.2 267,252,235
057 99 02 1.2 219,201,182
057 99 00 1.2 164,144,127
057 99 00 1.2 111,94,75
057 99 00 1.2 58,39,19
057 99 00 1.2 0,0,0
057 99 00 1.2 0,37,125
057 99 05 1.2 215,278,318
057 99 08 1.2 342,360,366
057 99 08 1.4 392,377,359
057 99 05 1.4 343,331,319
057 99 03 1.4 305,287,273
057 99 01 1.4 255,240,220
057 99 00 1.4 205,187,172
057 99 00 1.4 153,136,117
057 99 00 1.4 99,84,68
057 99 00 1.4 54,42,60
057 99 00 1.4 112,198,283
057 99 07 1.4 346,386,409
057 99 08 1.4 423,421,365
057 99 06 1.4 345,325,308
057 99 03 1.4 295,280,263
057 99 02 1.4 242,222,207
057 99 00 1.4 193,173,151
057 99 00 1.4 128,116,95
057 99 00 1.4 83,66,51
057 99 00 1.4 33,12,0
057 99 00 1.4 0,0,44
057 99 02 1.4 127,218,279
057 99 08 1.4 320,339,352
057 99 08 1.3 352,356,340
057 99 05 1.3 324,309,293
057 99 03 1.3 278,265,254
057 99 01 1.3 238,217,200
057 99 00 1.3 185,174,158
057 99 00 1.3 139,119,101
057 99 00 1.3 84,69,54
057 99 00 1.3 39,20,17
057 99 00 1.3 52,127,214
057 99 06 1.3 278,318,336
057 99 08 1.2 344,327,319
057 99 06 1.2 302,282,263
057 99 03 1.2 247,237,222
057 99 01 1.2 208,190,171
057 99 00 1.2 153,131,112
057 99 00 1.2 92,72,53
057 99 00 1.2 33,17,0
057 99 00 1.2 0,0,0
057 99 00 1.2 0,0,0
057 99 02 1.2 88,175,241
057 99 08 1.2 280,302,312
057 99 08 1.4 312,372,356
057 99 05 1.4 336,316,300
057 99 03 1.4 281,264,247
057 99 01 1.4 231,212,193
057 99 00 1.4 177,161,142
057 99 00 1.4 123,101,86
057 99 00 1.4 66,54,35
057 99 00 1.4 22,8,0
057 99 00 1.4 12,59,141
057 99 05 1.4 225,289,326
057 99 08 1.3 349,361,366
057 99 07 1.3 354,334,311
057 99 04 1.3 293,278,262
057 99 02 1.3 245,225,208
057 99 00 1.3 188,172,153
057 99 00 1.3 136,116,96
057 99 00 1.3 78,57,40
057 99 00 1.3 26,16,2
057 99 00 1.3 0,0,0
057 99 00 1.3 6,80,169
057 99 06 1.3 245,287,311
057 99 08 1.3 325,330,353
057 99 06 1.3 336,310,290
057 99 03 1.3 271,253,230
057 99 01 1.3 210,188,169
057 99 00 1.3 146,133,120
057 99 00 1.3 108,91,73
057 99 00 1.3 59,45,28
057 99 00 1.3 12,0,0
057 99 00 1.3 0,0,11
057 99 01 1.3 86,163,221
057 99 07 1.3 250,266,271
057 99 07 1.1 302,291,277
057 99 06 1.1 261,249,238
057 99 03 1.1 229,215,200
057 99 00 1.1 178,159,139
057 99 00 1.1 120,99,78
057 99 00 1.1 58,42,26
057 99 00 1.1 5,0,0
057 99 00 1.1 0,0,0
057 99 00 1.1 0,19,112
057 99 07 1.1 188,242,278
057 99 08 1.4 302,311,387
057 99 07 1.4 370,351,328
057 99 03 1.4 314,294,282
057 99 02 1.4 267,252,234
057 99 00 1.4 218,198,179
057 99 00 1.4 162,150,139
057 99 00 1.4 122,109,91
057 99 00 1.4 73,54,40
057 99 00 1.4 26,15,31
057 99 00 1.4 88,178,260
057 99 07 1.4 316,348,367
057 99 08 1.3 381,385,357
057 99 06 1.3 337,318,306
057 99 03 1.3 296,282,270
057 99 02 1.3 252,236,216
057 99 00 1.3 196,175,157
057 99 00 1.3 137,118,94
057 99 00 1.3 69,41,18
057 99 00 1.3 0,0,0
057 99 00 1.3 0,0,9
057 99 02 1.3 96,181,241
057 99 07 1.3 269,287,296
057 99 07 1.3 301,346,332
057 99 05 1.3 313,295,279
057 99 03 1.3 267,253,241
057 99 01 1.3 225,211,195
057 99 00 1.3 178,165,152
057 99 00 1.3 137,117,92
057 99 00 1.3 65,41,18
057 99 00 1.3 0,0,0
057 99 00 1.3 3,71,154
057 99 05 1.3 221,265,286
057 99 07 1.2 298,301,324
057 99 05 1.2 308,288,271
057 99 03 1.2 255,238,220
057 99 01 1.2 201,188,173
057 99 00 1.2 149,123,102
057 99 00 1.2 85,70,51
057 99 00 1.2 35,20,0
057 99 00 1.2 0,0,0
057 99 00 1.2 0,0,0
057 99 01 1.2 28,116,185
057 99 07 1.2 232,259,274
057 99 08 1.2 276,337,318
057 99 05 1.2 296,278,262
057 99 02 1.2 247,229,209
057 99 01 1.2 192,172,152
057 99 00 1.2 134,119,104
057 99 00 1.2 87,70,54
057 99 00 1.2 36,18,3
057 99 00 1.2 0,0,0
057 99 00 1.2 0,0,23
057 99 03 1.2 111,186,238
057 99 08 1.2 267,286,293
056 99 07 1.2 289,332,314
056 99 04 1.2 296,277,259
056 99 02 1.2 241,223,208
056 99 00 1.2 193,177,160
056 99 00 1.2 142,125,107
056 99 00 1.2 88,73,58
056 99 00 1.2 44,25,10
056 99 00 1.2 0,0,0
056 99 00 1.2 0,0,43
056 99 03 1.2 130,203,249
056 99 08 1.2 279,304,314
056 99 07 1.3 355,337,318
056 99 04 1.3 301,290,276
056 99 02 1.3 261,245,227
056 99 01 1.3 206,187,171
056 99 00 1.3 153,132,109
056 99 00 1.3 91,75,60
056 99 00 1.3 48,33,23
056 99 00 1.3 8,0,0
056 99 00 1.3 30,97,176
056 99 06 1.3 238,271,292
056 99 07 1.1 305,308,301
056 99 08 1.1 281,263,247
056 99 04 1.1 234,221,207
056 99 01 1.1 192,181,173
056 99 00 1.1 163,152,136
056 99 00 1.1 122,109,93
056 99 00 1.1 76,61,49
056 99 00 1.1 38,26,11
056 99 00 1.1 7,41,110
056 99 05 1.1 191,256,298
056 99 08 1.1 327,345,355
056 99 08 1.2 353,334,314
056 99 07 1.2 293,272,253
056 99 02 1.2 239,228,214
056 99 00 1.2 199,182,169
056 99 00 1.2 155,139,124
056 99 00 1.2 109,94,75
056 99 00 1.2 58,45,30
056 99 00 1.2 20,18,48
056 99 01 1.2 111,194,266
056 99 08 1.2 319,356,383
056 99 08 1.4 395,396,373
056 99 06 1.4 355,337,317
056 99 03 1.4 302,289,274
056 99 02 1.4 260,243,230
056 99 00 1.4 214,198,180
056 99 00 1.4 167,150,133
056 99 00 1.4 117,98,83
056 99 00 1.4 67,57,45
056 99 00 1.4 37,56,114
056 99 03 1.4 199,276,328
056 99 08 1.4 359,383,396
056 99 08 1.3 400,349,326
056 99 05 1.3 307,293,276
056 99 03 1.3 257,237,222
056 99 01 1.3 206,188,174
056 99 00 1.3 157,143,130
056 99 00 1.3 113,102,88
056 99 00 1.3 74,58,44
056 99 00 1.3 29,14,3
056 99 00 1.3 22,74,151
056 99 05 1.3 223,275,306
056 99 08 1.2 325,334,338
056 99 07 1.2 323,304,284
056 99 04 1.2 267,253,243
056 99 02 1.2 228,210,189
056 99 00 1.2 176,163,150
056 99 00 1.2 135,122,108
056 99 00 1.2 92,77,57
056 99 00 1.2 43,33,21
056 99 00 1.2 14,25,77
056 99 02 1.2 153,225,273
056 99 07 1.1 297,308,310
056 99 07 1.1 294,280,259
056 99 05 1.1 238,220,207
056 99 02 1.1 196,177,162
056 99 00 1.1 146,132,112
056 99 00 1.1 92,76,57
056 99 00 1.1 44,31,21
056 99 00 1.1 0,0,0
056 99 00 1.1 0,0,0
056 99 00 1.1 0,63,144
056 99 08 1.1 203,243,265
056 99 08 1.2 281,283,341
056 99 08 1.2 325,302,281
056 99 04 1.2 262,250,236
056 99 01 1.2 221,207,192
056 99 00 1.2 175,158,141
056 99 00 1.2 127,111,93
056 99 00 1.2 77,60,48
056 99 00 1.2 34,22,5
056 99 00 1.2 0,3,55
056 99 03 1.2 135,212,269
056 99 08 1.2 310,334,344
056 99 08 1.3 345,348,332
056 99 07 1.3 312,291,272
056 99 03 1.3 255,242,232
056 99 00 1.3 216,198,181
056 99 00 1.3 165,148,131
056 99 00 1.3 116,100,81
056 99 00 1.3 66,50,36
056 99 00 1.3 21,11,0
056 99 00 1.3 4,44,116
056 99 06 1.3 195,253,292
056 99 08 1.2 316,330,330
056 99 08 1.2 323,305,286
056 99 06 1.2 268,251,238
056 99 02 1.2 221,209,193
056 99 00 1.2 178,158,141
056 99 00 1.2 127,118,103
056 99 00 1.2 87,65,51
056 99 00 1.2 35,23,7
056 99 00 1.2 0,0,0
056 99 00 1.2 0,35,118
056 99 07 1.2 188,239,262
056 99 08 1.1 277,280,312
056 99 08 1.1 300,284,268
056 99 05 1.1 253,241,227
056 99 02 1.1 216,200,182
056 99 00 1.1 167,152,137
056 99 00 1.1 121,108,94
056 99 00 1.1 80,66,49
056 99 00 1.1 33,18,3
056 99 00 1.1 0,0,18
056 99 01 1.1 84,160,220
056 99 08 1.1 252,264,269
056 99 08 1.0 269,279,269
056 99 07 1.0 253,238,224
056 99 03 1.0 207,193,177
056 99 00 1.0 162,145,129
056 99 00 1.0 115,100,81
056 99 00 1.0 63,47,33
056 99 00 1.0 16,0,0
056 99 00 1.0 0,0,0
056 99 00 1.0 0,0,60
056 99 05 1.0 140,201,236
056 99 08 1.0 260,276,279
056 99 08 1.2 335,317,301
056 99 06 1.2 284,269,253
056 99 02 1.2 235,220,203
056 99 00 1.2 189,175,163
056 99 00 1.2 146,127,109
056 99 00 1.2 96,82,66
056 99 00 1.2 50,36,24
056 99 00 1.2 7,0,0
056 99 00 1.2 12,73,153
056 99 07 1.2 222,266,296
056 99 08 1.2 315,324,322
056 99 08 1.2 323,302,285
056 99 05 1.2 270,258,242
056 99 02 1.2 226,213,198
056 99 00 1.2 183,166,147
056 99 00 1.2 133,116,101
056 99 00 1.2 84,72,58
056 99 00 1.2 42,26,10
056 99 00 1.2 0,0,0
056 99 00 1.2 0,63,149
056 99 07 1.2 221,266,292
056 99 08 1.2 305,309,331
056 99 08 1.2 316,296,281
056 99 05 1.2 267,255,242
056 99 02 1.2 226,212,194
056 99 00 1.2 181,164,147
056 99 00 1.2 132,117,107
056 99 00 1.2 94,80,64
056 99 00 1.2 46,33,21
056 99 00 1.2 9,1,13
056 99 00 1.2 64,141,212
056 99 08 1.2 257,278,289
056 99 08 1.0 292,288,277
056 99 07 1.0 260,245,232
056 99 03 1.0 220,204,187
056 99 01 1.0 172,158,145
056 99 00 1.0 130,116,102
056 99 00 1.0 88,70,54
056 99 00 1.0 35,24,9
056 99 00 1.0 0,0,0
056 99 00 1.0 0,0,41
056 99 04 1.0 124,190,238
056 99 08 1.0 267,287,296
056 99 08 1.2 333,322,308
056 99 07 1.2 291,276,263
056 99 03 1.2 250,235,217
056 99 00 1.2 201,184,171
056 99 00 1.2 157,145,129
056 99 00 1.2 110,92,75
056 99 00 1.2 60,46,32
056 99 00 1.2 19,7,2
056 99 00 1.2 21,73,147
056 99 07 1.2 219,271,304
056 99 08 1.2 327,338,336
056 99 08 1.2 321,307,289
056 99 06 1.2 277,260,249
056 99 02 1.2 236,222,201
056 99 00 1.2 184,168,155
056 99 00 1.2 137,125,112
056 99 00 1.2 100,86,69
056 99 00 1.2 53,36,24
056 99 00 1.2 11,2,0
056 99 00 1.2 13,67,149
056 99 07 1.2 220,270,296
056 99 08 1.2 313,321,328
056 99 08 1.2 313,294,276
056 99 05 1.2 265,253,243
056 99 02 1.2 234,217,200
056 99 00 1.2 180,168,151
056 99 00 1.2 134,117,107
056 99 00 1.2 95,80,62
056 99 00 1.2 45,31,19
056 99 00 1.2 9,0,10
056 99 00 1.2 58,135,206
056 99 08 1.2 257,280,297
056 99 08 1.1 300,299,287
056 99 07 1.1 275,261,249
056 99 04 1.1 235,220,206
056 99 01 1.1 188,172,156
056 99 00 1.1 144,131,115
056 99 00 1.1 98,82,67
056 99 00 1.1 51,36,21
056 99 00 1.1 3,0,0
056 99 00 1.1 0,30,99
056 99 06 1.1 173,225,253
056 99 08 1.1 276,287,293
056 99 08 1.1 300,285,267
056 99 05 1.1 249,232,218
056 99 01 1.1 203,189,171
056 99 00 1.1 155,140,122
056 99 00 1.1 106,87,74
056 99 00 1.1 56,40,24
056 99 00 1.1 10,0,0
056 99 00 1.1 0,0,0
056 99 00 1.1 19,94,169
056 99 08 1.1 223,255,273
056 99 08 1.1 284,288,320
056 99 08 1.1 303,285,268
056 99 04 1.1 255,240,229
056 99 01 1.1 214,202,184
056 99 00 1.1 170,153,140
056 99 00 1.1 124,108,92
056 99 00 1.1 75,60,41
056 99 00 1.1 28,11,0
056 99 00 1.1 0,0,41
056 99 02 1.1 114,191,246
056 99 08 1.1 282,304,317
056 99 08 1.2 321,325,311
056 99 07 1.2 291,273,257
056 99 03 1.2 246,232,216
056 99 00 1.2 202,191,175
056 99 00 1.2 156,139,123
056 99 00 1.2 108,92,78
056 99 00 1.2 64,48,29
056 99 00 1.2 15,0,0
056 99 00 1.2 0,23,94
056 99 05 1.2 176,239,277
056 99 08 1.2 301,317,323
056 99 08 1.2 335,324,309
056 99 07 1.2 293,279,267
056 99 03 1.2 255,241,229
056 99 01 1.2 212,198,182
056 99 00 1.2 167,153,138
056 99 00 1.2 125,112,98
056 99 00 1.2 86,73,58
056 99 00 1.2 43,29,39
056 99 00 1.2 88,161,236
056 99 08 1.2 286,318,333
056 99 08 1.1 339,336,294
056 99 07 1.1 276,258,247
056 99 04 1.1 237,223,209
056 99 01 1.1 193,179,165
056 99 00 1.1 152,140,125
056 99 00 1.1 108,95,80
056 99 00 1.1 66,50,35
056 99 00 1.1 22,8,0
056 99 00 1.1 0,15,82
056 99 05 1.1 164,233,279
056 99 08 1.1 308,328,333
056 99 08 1.2 345,331,315
056 99 07 1.2 296,282,268
056 99 03 1.2 257,246,235
056 99 00 1.2 219,201,182
056 99 00 1.2 171,154,142
056 99 00 1.2 128,116,105
056 99 00 1.2 88,71,53
056 99 00 1.2 41,28,23
056 99 00 1.2 48,110,191
056 99 07 1.2 258,303,334
056 99 08 1.2 356,368,367
056 99 08 1.2 332,314,293
056 99 05 1.2 278,263,250
056 99 02 1.2 238,227,214
056 99 00 1.2 195,180,164
056 99 00 1.2 147,134,120
056 99 00 1.2 107,92,79
056 99 00 1.2 64,49,32
056 99 00 1.2 19,6,5
056 99 00 1.2 43,111,189
056 99 07 1.2 245,281,307
056 99 08 1.1 322,327,318
056 99 08 1.1 302,287,271
056 99 04 1.1 256,242,228
056 99 02 1.1 218,204,190
056 99 00 1.1 172,152,132
056 99 00 1.1 115,103,93
056 99 00 1.1 80,63,47
056 99 00 1.1 29,18,3
056 99 00 1.1 0,0,0
056 99 00 1.1 45,118,188
056 99 08 1.1 236,263,279
056 99 08 1.1 291,292,297
056 99 07 1.1 279,263,249
056 99 04 1.1 237,226,213
056 99 01 1.1 200,187,175
056 99 00 1.1 160,145,127
056 99 00 1.1 110,94,83
056 99 00 1.1 71,54,35
056 99 00 1.1 21,6,0
056 99 00 1.1 0,1,54
056 99 03 1.1 131,200,239
056 99 08 1.1 263,272,283
056 99 08 1.1 279,285,267
056 99 06 1.1 251,236,221
056 99 02 1.1 207,196,181
056 99 00 1.1 165,145,127
056 99 00 1.1 112,99,88
056 99 00 1.1 72,57,38
056 99 00 1.1 22,8,0
056 99 00 1.1 0,0,0
056 99 00 1.1 0,31,110
056 99 07 1.1 180,229,257
056 99 08 1.2 277,285,283
056 99 08 1.2 313,295,280
056 99 05 1.2 265,250,237
056 99 02 1.2 224,210,194
056 99 00 1.2 181,165,150
056 99 00 1.2 133,118,101
056 99 00 1.2 84,70,58
056 99 00 1.2 44,27,13
056 99 00 1.2 0,0,0
056 99 00 1.2 34,103,176
056 99 07 1.2 230,266,293
056 99 08 1.1 305,307,310
056 99 08 1.1 294,275,263
056 99 04 1.1 250,232,214
056 99 01 1.1 202,189,175
056 99 00 1.1 156,142,126
056 99 00 1.1 110,94,79
056 99 00 1.1 65,47,29
056 99 00 1.1 16,2,0

