177628!20190919_155456!0!0
2.45!2.24!2.26!2.34!2.33!2.35!
98!30!69!34!55
403.8 2.31 55 38

030 70 06 3.8 1186,1125,1060
030 70 00 3.8 993,928,861
030 70 00 3.8 797,725,655
030 70 00 3.8 584,515,440
030 70 00 3.8 395,464,676
030 70 04 3.8 968,1244,1445
030 70 06 3.8 1587,1667,1705
030 70 04 3.6 1300,1281,1251
030 70 06 3.6 1237,1212,1186
030 70 08 3.6 1148,1097,1040
030 70 01 3.6 979,917,854
030 70 00 3.6 782,716,650
030 70 00 3.6 587,520,452
030 70 00 3.6 392,366,443
030 70 02 3.6 646,919,1163
030 70 04 3.6 1333,1444,1500
030 70 03 3.2 1510,1129,1102
030 70 04 3.2 1083,1064,1044
030 70 07 3.2 1013,971,918
030 70 02 3.2 865,810,756
030 70 00 3.2 699,639,579
030 70 00 3.2 518,461,399
030 70 00 3.2 337,311,400
030 70 01 3.2 596,841,1034
030 70 07 2.7 1174,1250,1273
030 70 07 2.7 944,912,884
030 70 08 2.7 858,830,800
030 70 04 2.7 763,710,654
030 70 00 2.7 596,536,470
030 70 00 2.7 406,347,289
030 70 01 2.7 227,167,102
030 70 00 2.7 53,97,266
030 70 04 2.7 533,799,1013
030 70 05 2.7 1161,1252,1292
067 99 05 3.5 1290,1207,1179
067 99 03 3.5 1155,1133,1102
067 99 05 3.5 1059,1013,956
067 99 02 3.5 897,834,762
067 99 00 3.5 694,621,561
067 99 01 3.5 498,434,363
067 99 01 3.5 332,412,622
067 99 03 3.5 898,1143,1321
067 99 03 3.4 1438,1502,1517
067 99 05 3.4 1165,1130,1099
067 99 04 3.4 1070,1038,994
067 99 03 3.4 939,877,813
067 99 00 3.4 744,672,598
067 99 00 3.4 526,448,372
067 99 00 3.4 294,223,148
067 99 00 3.4 86,103,252
067 99 02 3.4 523,808,1036
067 99 04 3.4 1183,1278,1319
067 99 04 3.6 1320,1216,1192
067 99 03 3.6 1173,1150,1115
067 99 04 3.6 1068,1013,952
067 99 01 3.6 882,808,730
067 99 00 3.6 653,580,510
067 99 01 3.6 439,367,291
067 99 00 3.6 212,156,208
067 99 00 3.6 383,626,833
067 99 04 2.6 971,1046,1062
067 99 03 2.6 875,824,775
067 99 04 2.6 741,711,676
067 99 02 2.6 626,568,500
067 99 00 2.6 437,370,313
067 99 01 2.6 253,193,135
067 99 01 2.6 41,0,0
067 99 00 2.6 0,10,342
067 99 03 2.6 733,1009,1139
067 99 05 3.9 1155,1286,1178
067 99 05 3.9 1041,913,825
067 99 00 3.9 762,722,678
067 99 00 3.9 625,565,492
067 99 01 3.9 419,339,267
067 99 00 3.9 195,123,51
067 99 00 3.9 0,0,0
067 99 00 3.9 108,311,516
067 99 05 3.9 679,787,851
067 99 07 2.6 870,915,888
067 99 07 2.6 865,849,833
067 99 06 2.6 817,791,761
067 99 02 2.6 719,672,615
067 99 00 2.6 552,489,434
067 99 00 2.6 387,341,289
067 99 01 2.6 279,364,547
067 99 05 2.6 773,977,1132
067 99 04 2.6 1247,1315,1350
067 99 07 3.1 1345,1054,1031
067 99 04 3.1 1008,975,930
067 99 07 3.1 876,820,765
067 99 00 3.1 709,645,579
067 99 00 3.1 517,458,407
067 99 00 3.1 352,303,314
067 99 00 3.1 420,619,833
067 99 06 3.1 1011,1141,1228
067 99 03 2.8 1270,1267,936
067 99 06 2.8 898,870,844
067 99 06 2.8 813,766,713
067 99 01 2.8 658,602,540
067 99 00 2.8 474,412,356
067 99 01 2.8 297,238,180
067 99 00 2.8 132,141,243
067 99 02 2.8 437,659,845
067 99 07 2.8 978,1061,1094
067 99 07 2.8 1087,924,881
067 99 04 2.8 840,798,754
067 99 03 2.8 705,654,602
067 99 00 2.8 544,484,416
067 99 00 2.8 351,287,228
067 99 01 2.8 167,109,52
067 99 01 2.8 34,101,272
067 99 04 2.8 495,698,841
067 99 05 2.7 930,970,969
067 99 04 2.7 910,877,857
067 99 05 2.7 834,809,772
067 99 03 2.7 727,671,618
067 99 00 2.7 563,513,455
067 99 00 2.7 402,351,301
067 99 01 2.7 250,193,155
067 99 01 2.7 194,332,524
067 99 04 2.7 691,793,845
067 99 03 2.1 847,660,610
067 99 04 2.1 567,533,500
067 99 02 2.1 460,406,341
067 99 00 2.1 271,207,146
067 99 00 2.1 84,25,0
067 99 01 2.1 0,0,0
067 99 00 2.1 0,0,0
067 99 01 2.1 11,245,434
067 99 04 2.1 562,642,686
067 99 05 2.8 687,940,901
067 99 05 2.8 866,839,801
067 99 03 2.8 754,705,648
067 99 01 2.8 593,528,468
067 99 00 2.8 403,345,281
067 99 01 2.8 220,153,98
067 99 01 2.8 101,213,420
067 99 03 2.8 654,840,966
068 99 06 2.9 1036,1063,1053
068 99 03 2.9 935,896,863
068 99 05 2.9 831,798,759
068 99 02 2.9 711,657,588
068 99 00 2.9 522,448,379
068 99 01 2.9 308,241,175
068 99 00 2.9 102,40,37
068 99 01 2.9 153,373,612
068 99 04 2.9 805,927,1000
068 99 05 2.9 1016,964,922
068 99 05 2.9 885,859,842
068 99 04 2.9 816,774,714
068 99 01 2.9 652,592,530
068 99 00 2.9 465,400,341
068 99 01 2.9 285,232,179
068 99 01 2.9 127,127,227
068 99 02 2.9 438,682,884
068 99 05 2.9 1019,1097,1120
068 99 05 2.9 990,960,936
068 99 05 2.9 915,894,874
068 99 04 2.9 843,802,753
068 99 01 2.9 695,642,585
068 99 00 2.9 535,479,417
068 99 00 2.9 362,300,253
068 99 01 2.9 260,374,570
068 99 03 2.9 771,915,993
068 99 04 2.3 1014,747,693
068 99 07 2.3 642,603,583
068 99 03 2.3 554,511,463
068 99 00 2.3 408,344,273
068 99 00 2.3 208,146,81
068 99 00 2.3 20,0,0
068 99 00 2.3 0,0,0
068 99 02 2.3 174,432,636
068 99 06 2.3 768,848,876
068 99 08 3.1 1036,995,959
068 99 04 3.1 927,905,870
068 99 06 3.1 828,771,715
068 99 00 3.1 647,584,513
068 99 00 3.1 449,388,332
068 99 00 3.1 270,203,156
068 99 00 3.1 192,350,596
068 99 06 3.1 844,1032,1156
068 99 04 3.2 1226,1239,1060
068 99 07 3.2 1021,989,959
068 99 08 3.2 928,890,844
068 99 02 3.2 787,721,654
068 99 00 3.2 583,519,456
068 99 00 3.2 398,339,282
068 99 00 3.2 222,174,197
068 99 00 3.2 341,580,823
068 99 04 3.2 1008,1125,1190
068 99 04 3.1 1199,1004,961
068 99 02 3.1 928,903,881
068 99 08 3.1 847,808,757
068 99 00 3.1 705,645,584
068 99 00 3.1 517,456,401
068 99 01 3.1 352,299,244
068 99 00 3.1 196,206,331
068 99 03 3.1 545,769,928
069 99 08 2.6 1018,1055,849
069 99 05 2.6 806,758,725
069 99 08 2.6 696,666,628
069 99 02 2.6 581,520,450
069 99 00 2.6 374,302,227
069 99 00 2.6 160,100,46
069 99 00 2.6 0,0,0
069 99 00 2.6 0,114,376
069 99 06 2.6 611,774,877
069 99 02 3.2 927,932,1023
069 99 05 3.2 981,939,908
069 99 08 3.2 873,824,763
069 99 00 3.2 698,628,561
069 99 00 3.2 491,429,369
069 99 00 3.2 313,262,208
069 99 00 3.2 153,133,225
069 99 03 3.2 441,710,938
069 99 04 3.2 1088,1187,1228
069 99 04 3.3 1218,1043,995
069 99 05 3.3 959,919,875
069 99 06 3.3 822,768,709
069 99 00 3.3 647,584,517
069 99 00 3.3 449,383,314
069 99 00 3.3 248,178,114
069 99 00 3.3 73,144,345
069 99 04 3.3 619,851,1008
069 99 02 3.2 1098,1141,1133
069 99 07 3.2 1023,973,937
069 99 08 3.2 907,875,830
069 99 03 3.2 775,718,660
069 99 00 3.2 595,522,453
069 99 01 3.2 393,341,282
069 99 00 3.2 224,166,132
069 99 00 3.2 186,355,605
069 99 06 3.2 838,998,1089
069 99 04 3.0 1120,1109,932
069 99 05 3.0 884,845,813
069 99 06 3.0 780,738,684
069 99 00 3.0 621,549,472
069 99 00 3.0 395,317,243
069 99 00 3.0 168,100,36
069 99 00 3.0 0,0,67
069 99 02 3.0 286,545,744
069 99 07 2.9 869,930,934
069 99 04 2.9 946,889,837
069 99 04 2.9 797,760,721
069 99 02 2.9 670,604,531
069 99 00 2.9 450,374,299
069 99 01 2.9 227,159,97
069 99 00 2.9 32,0,0
069 99 01 2.9 0,127,401
069 99 03 2.9 668,859,979
069 99 03 3.4 1036,1042,1098
069 99 05 3.4 1052,1007,974
069 99 07 3.4 938,901,847
069 99 01 3.4 784,713,640
069 99 00 3.4 569,491,421
069 99 01 3.4 353,294,231
069 99 00 3.4 163,116,174
069 99 01 3.4 366,649,909
069 99 06 3.4 1091,1200,1251
069 99 05 3.4 1257,1105,1054
069 99 05 3.4 1010,972,939
069 99 05 3.4 896,852,799
069 99 00 3.4 741,674,603
069 99 00 3.4 529,463,399
069 99 01 3.4 346,293,246
069 99 00 3.4 212,252,417
069 99 02 3.4 684,960,1158
069 99 04 3.3 1270,1314,1308
069 99 07 3.3 1059,1011,980
069 99 08 3.3 966,951,920
069 99 05 3.3 874,813,747
069 99 00 3.3 665,588,510
069 99 01 3.3 439,366,299
069 99 00 3.3 231,164,124
069 99 00 3.3 187,372,629
069 99 05 3.3 853,995,1065
069 99 08 2.9 1073,921,864
069 99 06 2.9 812,766,730
069 99 03 2.9 685,637,574
069 99 00 2.9 502,423,342
069 99 01 2.9 268,190,117
069 99 00 2.9 42,0,0
069 99 00 2.9 0,0,0
069 99 03 2.9 256,543,756
069 99 04 3.5 895,970,992
069 99 06 3.5 1137,1081,1033
069 99 07 3.5 997,967,925
069 99 04 3.5 869,802,726
069 99 00 3.5 647,566,487
069 99 01 3.5 412,339,268
069 99 00 3.5 199,129,70
069 99 00 3.5 100,273,555
069 99 05 3.5 837,1038,1162
069 99 04 3.5 1224,1233,1127
069 99 05 3.5 1072,1021,985
069 99 07 3.5 948,901,840
069 99 01 3.5 771,697,626
069 99 00 3.5 549,480,411
069 99 00 3.5 354,294,235
069 99 00 3.5 165,104,124
069 99 00 3.5 282,552,827
069 99 05 3.5 1034,1158,1221
069 99 05 3.4 1226,1092,1043
069 99 05 3.4 1003,981,957
069 99 06 3.4 930,886,834
069 99 01 3.4 765,694,618
069 99 00 3.4 545,470,404
069 99 00 3.4 342,282,218
069 99 00 3.4 181,251,440
069 99 05 3.4 691,895,1018
069 99 08 2.7 1067,1063,834
069 99 07 2.7 769,707,666
069 99 03 2.7 632,597,545
069 99 00 2.7 478,405,326
069 99 00 2.7 247,163,90
069 99 00 2.7 24,0,0
069 99 00 2.7 0,0,0
069 99 00 2.7 4,290,568
069 99 06 2.7 769,896,967
069 99 06 3.7 981,1179,1122
069 99 06 3.7 1071,1035,1003
069 99 05 3.7 957,897,825
069 99 00 3.7 751,679,605
069 99 00 3.7 537,471,409
069 99 00 3.7 353,291,230
069 99 00 3.7 225,353,611
069 99 06 3.7 904,1139,1289
069 99 05 3.6 1376,1400,1159
069 99 07 3.6 1104,1055,1015
069 99 07 3.6 980,933,875
069 99 02 3.6 812,742,672
069 99 00 3.6 595,518,440
069 99 00 3.6 374,311,251
069 99 00 3.6 187,128,122
069 99 00 3.6 247,500,791
069 99 05 3.6 1014,1152,1227
069 99 05 3.5 1245,1103,1052
069 99 05 3.5 1011,983,958
069 99 06 3.5 925,881,829
069 99 01 3.5 764,692,616
069 99 00 3.5 541,471,401
069 99 00 3.5 331,257,177
069 99 00 3.5 101,79,189
069 99 02 3.5 424,692,891
069 99 07 3.0 1003,1039,951
069 99 06 3.0 892,828,772
069 99 05 3.0 734,694,647
069 99 00 3.0 586,512,433
069 99 00 3.0 352,265,179
069 99 00 3.0 91,15,0
069 99 00 3.0 0,0,0
069 99 00 3.0 0,0,128
069 99 06 3.0 445,704,868
069 99 06 3.9 964,1001,1276
069 99 07 3.9 1223,1166,1123
069 99 06 3.9 1086,1041,979
069 99 02 3.9 907,828,746
069 99 00 3.9 663,577,495
069 99 00 3.9 417,348,277
069 99 00 3.9 209,135,101
069 99 00 3.9 190,429,742
069 99 06 3.9 1016,1198,1310
069 99 07 3.8 1351,1339,1184
069 99 05 3.8 1123,1071,1028
069 99 06 3.8 982,923,860
069 99 00 3.8 787,710,633
069 99 00 3.8 551,473,392
069 99 00 3.8 322,254,189
069 99 00 3.8 118,49,49
069 99 00 3.8 190,468,779
069 99 05 3.8 1013,1156,1228
069 99 04 3.7 1245,1177,1119
069 99 06 3.7 1071,1044,1020
069 99 06 3.7 986,935,871
069 99 00 3.7 798,721,639
069 99 00 3.7 557,476,401
069 99 00 3.7 333,267,200
069 99 00 3.7 121,81,162
069 99 01 3.7 388,674,903
069 99 07 3.1 1031,1085,1077
069 99 04 3.1 947,875,811
069 99 03 3.1 764,726,679
069 99 01 3.1 617,545,464
069 99 01 3.1 385,301,219
069 99 00 3.1 133,54,0
069 99 00 3.1 0,0,0
069 99 00 3.1 0,0,23
069 99 02 3.1 356,653,859
069 99 04 4.0 979,1040,1042
069 99 07 4.0 1287,1232,1180
069 99 07 4.0 1143,1107,1059
069 99 03 4.0 999,924,844
069 99 00 4.0 760,675,600
069 99 01 4.0 531,466,402
069 99 00 4.0 336,262,185
069 99 00 4.0 171,303,585
069 99 06 4.0 907,1166,1322
069 99 06 3.9 1410,1436,1251
069 99 04 3.9 1194,1134,1087
069 99 05 3.9 1048,1011,962
069 99 02 3.9 902,834,757
069 99 00 3.9 674,589,508
069 99 01 3.9 426,344,276
069 99 00 3.9 211,146,79
069 99 00 3.9 76,213,491
069 99 04 3.9 811,1059,1209
069 99 04 3.8 1286,1304,1216
069 99 04 3.8 1164,1120,1087
069 99 05 3.8 1070,1040,996
069 99 03 3.8 936,868,796
069 99 00 3.8 722,649,576
069 99 01 3.8 503,441,378
069 99 00 3.8 316,239,178
069 99 01 3.8 204,376,652
069 99 03 3.8 910,1083,1167
069 99 06 3.1 1181,972,905
069 99 04 3.1 845,795,754
069 99 02 3.1 708,657,590
069 99 00 3.1 516,429,346
069 99 01 3.1 259,179,98
069 99 00 3.1 22,0,0
069 99 00 3.1 0,0,0
069 99 00 3.1 0,243,568
069 99 05 3.1 811,967,1049
069 99 04 4.0 1074,1292,1232
069 99 04 4.0 1176,1133,1098
069 99 06 4.0 1053,993,918
069 99 00 4.0 837,755,671
069 99 01 4.0 590,507,429
069 99 00 4.0 354,282,214
069 99 00 4.0 143,115,219
069 99 02 4.0 473,802,1080
069 99 06 4.0 1265,1376,1423
069 99 04 4.0 1298,1248,1185
069 99 04 4.0 1144,1107,1070
069 99 07 4.0 1014,949,896
069 99 00 4.0 908,986,1099
069 99 08 4.0 1164,1152,1077
069 99 03 4.0 970,873,795
069 99 00 4.0 739,689,629
069 99 00 4.0 565,496,422
069 99 00 4.0 340,255,170
069 99 00 4.0 86,1,0
069 99 00 4.0 0,0,0
069 99 01 4.0 0,0,0
069 99 01 4.0 0,0,0
069 99 03 4.0 0,296,661
069 99 07 4.0 900,1032,1086
063 99 06 5.1 1085,1659,1625
063 99 06 5.1 1603,1582,1551
063 99 07 5.1 1506,1450,1385
063 99 02 5.1 1310,1230,1152
063 99 00 5.1 1073,999,923
063 99 00 5.1 853,783,714
063 99 00 5.1 641,637,772
063 99 03 5.1 1054,1370,1615
063 99 05 3.7 1756,1824,1829
063 99 07 3.7 1164,1100,1038
063 99 08 3.7 997,960,913
063 99 03 3.7 847,770,688
063 99 00 3.7 604,516,431
063 99 00 3.7 342,259,181
063 99 00 3.7 113,42,0
063 99 00 3.7 0,0,193
063 99 03 3.7 523,843,1068
063 99 07 4.2 1209,1284,1291
063 99 06 4.2 1340,1281,1235
063 99 05 4.2 1202,1168,1124
063 99 04 4.2 1063,993,919
063 99 00 4.2 840,757,674
063 99 01 4.2 594,520,453
063 99 00 4.2 386,322,253
063 99 00 4.2 202,248,453
063 99 03 4.2 771,1088,1315
063 99 07 4.1 1457,1534,1550
063 99 06 4.1 1323,1269,1223
063 99 05 4.1 1188,1151,1107
063 99 05 4.1 1050,986,913
063 99 00 4.1 837,758,682
063 99 01 4.1 604,536,470
063 99 00 4.1 412,345,280
063 99 00 4.1 218,208,334
063 99 02 4.1 602,932,1200
063 99 06 4.1 1381,1486,1532
063 99 05 4.1 1521,1275,1231
063 99 06 4.1 1204,1183,1154
063 99 08 4.1 1107,1050,990
063 99 00 4.1 925,859,792
063 99 00 4.1 727,665,600
063 99 00 4.1 536,476,419
063 99 00 4.1 350,300,347
063 99 01 4.1 538,816,1066
063 99 06 3.2 1227,1310,1323
063 99 06 3.2 982,915,850
063 99 08 3.2 805,770,732
063 99 02 3.2 678,604,522
063 99 00 3.2 435,346,256
063 99 00 3.2 164,75,0
063 99 00 3.2 0,0,0
063 99 00 3.2 0,0,0
063 99 02 3.2 35,373,662
063 99 06 3.2 851,962,1011
062 99 06 4.2 1005,1288,1222
062 99 06 4.2 1169,1124,1078
062 99 06 4.2 1021,953,869
062 99 00 4.2 783,692,602
062 99 00 4.2 505,415,335
062 99 00 4.2 261,187,111
062 99 00 4.2 33,3,108
062 99 02 4.2 376,716,999
062 99 06 4.2 1177,1277,1318
062 99 05 4.1 1308,1258,1190
062 99 05 4.1 1129,1077,1027
062 99 05 4.1 965,889,801
062 99 00 4.1 709,619,523
062 99 00 4.1 432,340,262
062 99 00 4.1 184,102,8
062 99 00 4.1 0,0,0
062 99 00 4.1 193,541,845
062 99 07 4.1 1041,1152,1190
062 99 04 4.1 1318,1260,1193
062 99 05 4.1 1144,1104,1057
062 99 05 4.1 997,923,844
062 99 00 4.1 756,669,583
062 99 00 4.1 501,415,326
062 99 00 4.1 240,151,48
062 99 00 4.1 0,0,0
062 99 00 4.1 71,411,748
062 99 05 4.1 989,1128,1185
061 99 05 4.1 1341,1282,1214
061 99 05 4.1 1167,1134,1092
061 99 06 4.1 1031,956,870
061 99 00 4.1 782,698,612
061 99 00 4.1 524,435,355
061 99 00 4.1 279,208,132
061 99 00 4.1 75,124,339
061 99 03 4.1 657,949,1134
061 99 06 3.7 1235,1266,1177
061 99 05 3.7 1124,1069,1025
061 99 07 3.7 995,961,913
061 99 02 3.7 838,746,648
061 99 00 3.7 552,462,367
061 99 00 3.7 280,204,146
061 99 00 3.7 84,1,0
061 99 00 3.7 40,303,659
061 99 06 3.7 959,1170,1296
061 98 08 4.3 1357,1353,1355
061 98 06 4.3 1282,1210,1146
061 98 06 4.3 1078,1000,910
061 98 00 4.3 811,714,620
061 98 00 4.3 530,437,342
061 98 00 4.3 256,179,110
061 98 00 4.3 36,4,119
061 98 01 4.3 397,753,1045
061 98 07 4.3 1235,1348,1396
061 98 05 4.3 1389,1341,1293
061 98 04 4.3 1261,1238,1196
061 98 06 4.3 1135,1061,981
061 98 00 4.3 895,795,698
061 98 00 4.3 602,517,438
061 98 00 4.3 365,297,223
061 98 00 4.3 180,268,524
061 98 05 4.3 873,1170,1362
061 98 07 4.1 1466,1505,1307
061 98 04 4.1 1257,1208,1178
061 98 04 4.1 1156,1128,1084
061 98 06 4.1 1027,960,884
061 98 00 4.1 802,719,639
061 98 00 4.1 570,509,456
061 98 00 4.1 397,343,366
061 98 00 4.1 543,850,1159
061 98 07 4.1 1377,1495,1540
061 98 07 3.7 1523,1125,1049
061 98 07 3.7 988,945,902
061 98 03 3.7 851,787,708
061 98 00 3.7 619,517,414
061 98 00 3.7 307,205,110
061 98 00 3.7 23,0,0
061 98 01 3.7 0,0,0
061 98 03 3.7 285,628,889
061 98 06 3.7 1064,1164,1208
061 98 05 4.4 1402,1339,1257
061 98 07 4.4 1188,1142,1127
061 98 06 4.4 1134,1143,1098
061 98 01 4.4 991,844,700
061 98 00 4.4 548,372,170
061 98 00 4.4 0,0,0
061 98 00 4.4 0,0,0
061 98 00 4.4 0,169,491
061 98 05 4.4 711,847,924
061 98 03 4.6 953,958,1503
061 98 04 4.6 1503,1515,1524
061 98 04 4.6 1513,1469,1410
061 98 03 4.6 1335,1253,1157
061 98 00 4.6 1056,953,849
061 98 00 4.6 747,648,550
061 98 00 4.6 457,360,296
061 98 00 4.6 369,636,1030
061 98 05 4.6 1409,1683,1866
061 98 03 5.2 1972,2009,1695
061 98 03 5.2 1645,1605,1577

