176927!20190924_145034!0!0
3.03!3.21!2.77!3.32!3.21!3.44!
96!56!62!345!345
485.4 3.2 60 141

061 97 00 0.8 0,0,0
061 97 01 0.8 0,0,0
061 97 00 0.8 0,0,0
061 97 00 0.8 0,0,0
061 97 00 0.8 0,0,0
061 97 04 0.8 0,0,0
061 97 05 0.8 0,0,0
061 97 03 0.8 0,0,0
061 97 02 0.8 0,0,0
061 97 01 0.8 0,0,0
061 97 00 0.8 0,0,0
061 97 00 0.8 0,0,0
061 97 00 0.8 0,0,0
061 97 00 0.8 0,0,0
061 97 01 0.8 0,0,0
061 97 05 1.2 0,0,0
061 97 05 1.2 401,372,342
061 97 03 1.2 320,311,309
061 97 02 1.2 305,295,277
061 97 02 1.2 256,233,208
061 97 01 1.2 182,165,149
061 97 01 1.2 138,119,97
061 97 00 1.2 76,61,46
061 97 00 1.2 36,39,99
061 97 03 1.2 206,329,421
061 97 06 1.3 457,468,426
061 97 05 1.3 412,391,375
061 97 03 1.3 367,360,355
061 97 02 1.3 327,297,264
061 97 01 1.3 241,217,190
061 97 00 1.3 171,149,132
061 97 00 1.3 121,107,98
061 97 00 1.3 78,69,76
061 97 01 1.3 117,200,292
061 97 05 1.0 367,406,408
061 97 06 1.0 324,290,260
061 97 03 1.0 235,224,217
061 97 02 1.0 216,208,198
061 97 01 1.0 180,163,150
061 97 00 1.0 136,125,107
061 97 00 1.0 88,68,48
061 97 00 1.0 33,14,0
061 97 00 1.0 0,11,79
061 97 05 1.0 178,271,328
061 97 08 1.1 351,352,325
061 97 05 1.1 287,262,248
061 97 03 1.1 244,243,239
061 97 02 1.1 226,213,194
061 97 00 1.1 172,151,133
061 97 00 1.1 122,102,83
061 97 00 1.1 64,46,30
061 97 00 1.1 12,0,0
061 97 01 1.1 48,146,257
061 97 08 1.1 337,371,376
061 97 07 1.1 361,325,290
061 97 03 1.1 264,256,253
061 97 02 1.1 251,247,239
061 97 02 1.1 225,201,178
061 97 00 1.1 158,143,128
061 97 00 1.1 111,95,84
061 97 00 1.1 70,58,55
061 97 01 1.1 86,169,284
061 97 07 1.1 390,450,465
062 97 08 1.2 462,390,366
062 97 05 1.2 335,316,306
062 97 03 1.2 306,302,292
062 97 02 1.2 273,251,230
062 97 00 1.2 209,189,176
062 97 00 1.2 164,159,146
062 97 00 1.2 139,141,138
062 97 00 1.2 132,125,161
062 97 04 1.2 252,372,474
062 97 06 1.2 523,536,405
062 97 08 1.2 389,370,352
062 97 05 1.2 350,350,359
062 97 04 1.2 356,347,326
062 97 02 1.2 297,265,232
062 97 00 1.2 211,190,166
062 97 00 1.2 136,114,109
062 97 00 1.2 105,99,90
062 97 00 1.2 85,87,110
062 97 02 1.2 178,270,358
062 97 08 1.2 411,441,453
062 97 08 1.1 457,457,369
062 97 06 1.1 354,338,325
062 97 04 1.1 314,306,285
062 97 01 1.1 255,209,165
062 97 00 1.1 131,108,93
062 97 00 1.1 82,76,69
062 97 00 1.1 54,40,23
062 97 00 1.1 36,99,219
062 97 07 1.1 344,430,464
062 97 06 1.3 475,441,427
062 97 07 1.3 408,401,404
062 97 05 1.3 412,418,416
062 97 04 1.3 404,397,387
062 97 02 1.3 379,362,346
062 97 01 1.3 330,326,344
062 97 03 1.3 380,415,433
062 97 04 1.3 431,434,475
062 97 07 1.3 569,695,794
062 97 05 1.6 854,868,873
062 97 04 1.6 535,516,491
062 97 08 1.6 477,480,488
062 97 08 1.6 494,494,493
062 97 06 1.6 484,474,465
062 97 03 1.6 459,448,430
062 97 01 1.6 421,421,431
062 97 02 1.6 431,422,406
062 97 00 1.6 400,425,493
062 97 07 1.6 594,683,735
062 97 03 1.1 745,328,298
062 97 07 1.1 263,238,231
062 97 05 1.1 236,246,242
062 97 03 1.1 225,197,174
062 97 00 1.1 157,140,120
062 97 00 1.1 101,86,77
062 97 00 1.1 67,61,46
062 97 00 1.1 39,39,70
062 97 04 1.1 138,241,350
062 97 03 1.3 422,459,463
062 97 06 1.3 420,397,372
062 97 05 1.3 356,355,363
062 97 05 1.3 366,366,354
062 97 03 1.3 341,322,305
062 97 02 1.3 292,275,269
062 97 01 1.3 259,254,242
062 97 00 1.3 234,217,201
062 97 00 1.3 188,202,259
062 97 05 1.3 359,468,552
062 97 04 1.4 599,623,625
062 97 08 1.4 428,403,382
062 97 05 1.4 371,378,384
062 97 04 1.4 386,378,365
062 97 03 1.4 348,325,298
062 97 00 1.4 268,235,215
062 97 00 1.4 195,182,164
062 97 00 1.4 149,139,125
062 97 00 1.4 112,115,158
062 97 03 1.4 251,350,427
062 97 08 1.1 461,474,356
062 97 07 1.1 339,317,304
062 97 04 1.1 300,307,312
062 97 04 1.1 316,308,299
062 97 02 1.1 278,257,232
062 97 00 1.1 213,196,182
062 97 00 1.1 172,162,153
062 97 00 1.1 138,121,106
062 97 00 1.1 92,86,108
062 97 02 1.1 177,279,374
062 97 08 1.1 440,476,492
062 97 08 1.3 403,386,359
062 97 05 1.3 344,340,353
062 97 05 1.3 361,364,358
062 97 03 1.3 346,322,305
062 97 01 1.3 288,276,261
062 97 01 1.3 254,250,244
062 97 00 1.3 224,203,181
062 97 00 1.3 165,153,163
062 97 02 1.3 221,315,423
062 97 08 1.2 494,526,526
062 97 07 1.2 351,320,288
062 97 04 1.2 272,272,278
062 97 03 1.2 277,268,247
062 97 01 1.2 224,201,187
062 97 00 1.2 175,165,156
062 97 00 1.2 149,139,121
062 97 00 1.2 105,90,75
062 97 00 1.2 54,32,12
062 97 00 1.2 17,70,163
062 97 06 1.2 264,333,364
062 96 08 1.1 365,337,311
062 96 04 1.1 286,268,263
062 96 03 1.1 258,262,256
062 96 02 1.1 250,234,211
062 96 00 1.1 191,166,151
062 96 00 1.1 133,118,101
062 96 00 1.1 89,71,52
062 96 00 1.1 27,9,0
062 96 00 1.1 0,26,105
062 96 05 1.1 201,275,311
061 96 08 1.0 319,319,291
061 96 04 1.0 264,242,233
061 96 02 1.0 231,229,224
061 96 02 1.0 213,194,172
061 96 00 1.0 144,119,97
061 96 00 1.0 77,56,38
061 96 00 1.0 24,9,0
061 96 00 1.0 0,0,0
061 96 00 1.0 0,2,94
061 96 06 1.0 195,265,298
061 96 08 1.1 306,353,329
061 96 05 1.1 305,285,274
061 96 03 1.1 270,263,253
061 96 02 1.1 234,216,197
061 96 00 1.1 175,153,131
061 96 00 1.1 113,95,80
061 96 00 1.1 65,47,31
061 96 00 1.1 10,0,0
061 96 00 1.1 0,0,55
061 96 05 1.1 159,253,312
061 96 08 1.2 339,342,369
061 96 06 1.2 345,319,302
061 96 03 1.2 293,289,284
061 96 02 1.2 269,252,231
061 96 00 1.2 207,184,155
061 96 00 1.2 134,109,94
061 96 00 1.2 76,59,39
061 96 00 1.2 21,6,0
061 96 00 1.2 0,0,0
061 96 01 1.2 26,125,230
061 96 08 1.2 301,333,337
061 96 07 1.2 374,353,328
061 96 04 1.2 311,304,304
061 96 03 1.2 302,293,276
061 96 02 1.2 255,233,208
061 96 00 1.2 183,168,152
061 96 00 1.2 139,121,106
061 96 00 1.2 92,79,64
061 96 00 1.2 48,32,15
061 96 00 1.2 5,14,71
061 96 04 1.2 164,263,332
061 96 08 1.1 363,371,354
061 96 06 1.1 333,307,291
061 96 04 1.1 285,282,284
061 96 03 1.1 273,260,237
061 96 01 1.1 219,195,175
061 96 00 1.1 154,139,126
061 96 00 1.1 116,97,80
061 96 00 1.1 60,48,28
061 96 00 1.1 8,0,0
061 96 00 1.1 0,6,87
061 96 05 1.1 187,272,313
061 96 08 1.1 327,342,319
061 96 05 1.1 295,277,272
061 96 03 1.1 272,270,264
061 96 02 1.1 253,235,215
061 96 01 1.1 193,178,159
061 96 00 1.1 142,125,108
061 96 00 1.1 95,79,67
061 96 00 1.1 51,39,21
061 96 00 1.1 4,0,0
061 96 00 1.1 16,84,185
061 96 07 1.1 279,341,369
060 96 08 1.2 369,368,346
060 96 05 1.2 329,323,320
060 96 04 1.2 323,318,309
060 96 03 1.2 288,268,252
060 96 01 1.2 237,221,200
060 96 00 1.2 185,170,156
060 96 00 1.2 140,119,104
060 96 00 1.2 91,82,70
060 96 00 1.2 54,36,31
060 96 01 1.2 69,156,265
060 96 08 1.2 356,408,428
060 96 08 1.2 426,384,364
060 96 05 1.2 346,341,343
060 96 04 1.2 345,342,333
060 96 03 1.2 319,298,278
060 96 01 1.2 264,247,235
060 96 00 1.2 222,214,201
060 96 00 1.2 189,177,165
060 96 00 1.2 153,139,126
060 96 00 1.2 111,99,89
060 96 00 1.2 98,150,248
060 96 07 1.2 347,418,450
060 96 08 1.2 461,362,342
060 96 06 1.2 321,311,313
060 96 04 1.2 321,327,321
060 96 03 1.2 310,293,280
060 96 02 1.2 262,247,230
060 96 01 1.2 219,209,197
060 96 00 1.2 183,169,154
060 96 00 1.2 138,128,117
060 96 00 1.2 104,91,83
060 96 00 1.2 91,134,217
060 96 06 1.2 323,405,449
058 96 08 1.2 459,366,352
058 96 06 1.2 335,325,321
058 96 05 1.2 328,332,330
058 96 03 1.2 318,302,288
058 96 02 1.2 274,260,244
058 96 01 1.2 230,224,214
058 96 00 1.2 200,182,169
058 96 00 1.2 160,149,136
058 96 00 1.2 120,106,95
058 96 00 1.2 99,142,230
058 96 06 1.2 340,432,486
058 96 08 1.3 510,509,407
058 96 07 1.3 391,380,375
058 96 05 1.3 380,383,383
058 96 04 1.3 372,359,344
058 96 02 1.3 331,318,303
058 96 01 1.3 285,269,254
058 96 00 1.3 242,232,219
058 96 00 1.3 209,193,182
058 96 00 1.3 169,160,150
058 96 00 1.3 142,167,239
058 96 06 1.3 349,447,513
058 96 08 1.3 544,557,411
058 96 07 1.3 398,383,378
058 96 05 1.3 379,389,390
058 96 04 1.3 384,371,356
058 96 02 1.3 342,329,313
058 96 01 1.3 304,289,282
058 96 01 1.3 269,262,251
058 96 00 1.3 238,227,215
058 96 00 1.3 209,193,181
058 96 00 1.3 168,176,222
058 96 04 1.3 306,398,461
057 96 08 1.0 488,488,308
057 96 06 1.0 285,270,263
057 96 04 1.0 270,275,280
057 96 03 1.0 275,264,245
057 96 02 1.0 230,214,197
057 96 00 1.0 179,163,152
057 96 00 1.0 142,130,113
057 96 00 1.0 98,82,69
057 96 00 1.0 53,37,22
057 96 00 1.0 12,32,99
057 96 05 1.0 204,302,369
057 96 08 1.3 401,412,394
057 96 07 1.3 375,356,347
057 96 05 1.3 351,358,358
057 96 04 1.3 350,334,316
057 96 02 1.3 295,278,263
057 96 01 1.3 250,237,225
057 96 00 1.3 207,196,182
057 96 00 1.3 170,150,133
057 96 00 1.3 119,102,83
057 96 00 1.3 70,86,146
057 96 04 1.3 244,347,424
057 96 08 1.3 464,483,482
057 96 07 1.3 403,385,369
057 96 05 1.3 365,368,375
057 96 04 1.3 367,358,342
057 96 02 1.3 324,302,282
057 96 01 1.3 274,260,247
057 96 00 1.3 228,215,202
057 96 00 1.3 190,173,160
057 96 00 1.3 143,131,116
057 96 00 1.3 100,88,106
057 96 02 1.3 172,269,362
057 96 08 1.3 428,465,474
057 96 08 1.2 380,366,353
057 96 05 1.2 343,340,345
057 96 04 1.2 349,344,331
057 96 03 1.2 317,300,284
057 96 01 1.2 265,248,232
057 96 00 1.2 222,211,198
057 96 00 1.2 181,162,141
057 96 00 1.2 126,114,105
057 96 00 1.2 88,77,82
057 96 01 1.2 134,221,323
057 96 08 1.2 395,432,444
057 96 08 1.2 365,351,333
057 96 05 1.2 321,323,332
057 96 04 1.2 337,332,317
057 96 03 1.2 297,276,260
057 96 01 1.2 246,233,218
057 96 00 1.2 207,196,185
057 96 00 1.2 169,154,137
057 96 00 1.2 127,112,96
057 96 00 1.2 77,69,76
057 96 01 1.2 132,221,330
057 96 08 1.2 408,458,478
057 96 08 1.3 489,412,400
057 96 06 1.3 390,390,392
057 96 05 1.3 390,383,371
057 96 03 1.3 358,346,328
057 96 01 1.3 310,292,279
057 96 00 1.3 269,256,246
057 96 00 1.3 233,222,205
057 96 00 1.3 189,178,170
057 96 00 1.3 158,142,137
057 96 01 1.3 170,246,345
057 96 08 1.3 433,489,517
056 96 08 1.2 520,374,359
056 96 06 1.2 349,354,365
056 96 06 1.2 383,385,383
056 96 04 1.2 371,365,351
056 96 03 1.2 341,330,320
056 96 01 1.2 310,299,291
056 96 01 1.2 284,273,263
056 96 00 1.2 253,241,226
056 96 00 1.2 211,219,261
056 96 04 1.2 337,419,485
056 96 08 1.0 520,530,314
056 96 06 1.0 300,290,285
056 96 05 1.0 290,300,305
056 96 04 1.0 308,300,290
056 96 03 1.0 272,252,235
056 96 01 1.0 218,205,187
056 96 00 1.0 169,159,155
056 96 00 1.0 154,140,122
056 96 00 1.0 102,99,139
056 96 03 1.0 222,315,383
056 96 08 1.1 418,427,325
056 96 06 1.1 305,289,283
056 96 04 1.1 290,300,300
056 96 03 1.1 293,274,253
056 96 02 1.1 232,215,199
056 96 00 1.1 179,164,153
056 96 00 1.1 150,135,123
056 96 00 1.1 105,94,82
056 96 00 1.1 93,144,237
056 96 07 1.1 326,387,413
056 96 08 1.1 419,336,319
056 96 05 1.1 306,295,298
056 96 04 1.1 299,297,291
056 96 03 1.1 279,259,237
056 96 01 1.1 215,199,185
056 96 00 1.1 174,165,158
056 96 00 1.1 147,133,117
056 96 00 1.1 100,100,138
056 96 04 1.1 225,333,424
056 96 08 1.1 483,511,525
056 96 08 1.4 522,417,402
056 96 06 1.4 393,391,397
056 96 05 1.4 399,392,374
056 96 03 1.4 349,329,308
056 96 01 1.4 294,273,261
056 96 00 1.4 248,237,222
056 96 00 1.4 204,188,170
056 96 00 1.4 171,214,302
056 96 06 1.4 405,488,539
056 96 08 1.3 565,572,398
056 96 07 1.3 381,361,353
056 96 05 1.3 356,365,362
056 96 04 1.3 352,337,322
056 96 02 1.3 306,287,267
056 96 00 1.3 249,235,220
056 96 00 1.3 206,193,184
056 96 00 1.3 171,151,147
056 96 01 1.3 185,266,356
056 96 08 1.3 423,457,468
057 96 07 1.1 315,294,270
057 96 04 1.1 254,250,252
057 96 03 1.1 250,244,230
057 96 02 1.1 212,189,161
057 96 00 1.1 140,121,104
057 96 00 1.1 86,67,53
057 96 00 1.1 36,17,0
057 96 00 1.1 0,13,87
057 96 05 1.1 180,262,306
057 96 08 1.1 325,322,323
057 96 05 1.1 303,284,274
057 96 03 1.1 272,265,255
057 96 02 1.1 240,220,199
057 96 00 1.1 175,153,129
057 96 00 1.1 108,89,70
057 96 00 1.1 50,37,20
057 96 00 1.1 0,0,0
057 96 00 1.1 0,65,167
057 96 07 1.1 258,317,342
057 96 08 1.2 345,369,350
057 96 05 1.2 328,313,306
057 96 03 1.2 301,290,276
057 96 02 1.2 261,244,223
057 96 00 1.2 198,181,164
057 96 00 1.2 146,127,106
057 96 00 1.2 90,73,54
057 96 00 1.2 33,9,0
057 96 00 1.2 0,42,128
057 96 06 1.2 230,305,349
057 96 08 1.2 360,362,338
057 96 05 1.2 308,286,277
057 96 03 1.2 280,278,266
057 96 02 1.2 243,217,198
057 96 00 1.2 177,156,132
057 96 00 1.2 113,102,90
057 96 00 1.2 76,56,35
057 96 00 1.2 19,0,0
057 96 00 1.2 0,0,43
057 96 04 1.2 138,227,282
057 96 08 1.1 306,306,327
057 96 05 1.1 304,282,268
057 96 03 1.1 263,259,252
057 96 02 1.1 238,219,197
057 96 00 1.1 170,145,123
057 96 00 1.1 102,81,64
057 96 00 1.1 48,36,17
057 96 00 1.1 0,0,0
057 96 00 1.1 0,0,17
057 96 04 1.1 115,214,284
057 96 08 1.2 317,329,325
057 96 07 1.2 362,339,317
057 96 04 1.2 306,306,307
057 96 03 1.2 295,275,251
057 96 01 1.2 230,211,192
057 96 00 1.2 175,159,147
057 96 00 1.2 128,114,94
057 96 00 1.2 83,65,52
057 96 00 1.2 37,23,29
057 96 01 1.2 79,173,275
057 96 08 1.2 346,379,387
057 96 07 1.2 352,331,307
057 96 04 1.2 296,295,294
057 96 03 1.2 290,282,267
057 96 02 1.2 247,222,197
057 96 00 1.2 177,159,141
057 96 00 1.2 122,105,90
057 96 00 1.2 78,57,43
057 96 00 1.2 25,10,0
057 96 00 1.2 14,68,154
057 96 06 1.2 239,297,317
057 96 08 1.0 317,299,276
057 96 06 1.0 253,238,238
057 96 04 1.0 237,238,226
057 96 02 1.0 210,185,163
057 96 00 1.0 142,121,104
057 96 00 1.0 90,75,57
057 96 00 1.0 39,27,14
057 96 00 1.0 0,0,0
057 96 00 1.0 0,0,58
057 96 07 1.0 159,247,299
057 97 08 1.2 323,327,362
057 97 06 1.2 342,324,310
057 97 04 1.2 307,303,298
057 97 03 1.2 282,263,243
057 97 01 1.2 221,200,177
057 97 00 1.2 159,138,123
057 97 00 1.2 108,92,79
057 97 00 1.2 63,50,27
057 97 00 1.2 10,0,5
057 97 01 1.2 57,148,253
057 97 08 1.2 324,360,372
057 97 07 1.2 370,354,327
057 97 04 1.2 313,303,303
057 97 03 1.2 297,289,275
057 97 02 1.2 254,235,213
057 97 00 1.2 193,172,154
057 97 00 1.2 143,127,114
057 97 00 1.2 96,80,63
057 97 00 1.2 50,35,15
057 97 00 1.2 0,2,45
057 97 03 1.2 126,219,286
057 97 08 1.0 314,313,299
057 97 05 1.0 273,246,231
057 97 03 1.0 227,228,226
057 97 02 1.0 218,199,177
057 97 01 1.0 152,131,109
057 97 00 1.0 87,67,50
057 97 00 1.0 35,16,1
057 97 00 1.0 0,0,0
057 97 00 1.0 0,0,0
057 97 00 1.0 0,0,89
057 97 07 1.0 180,240,270
057 97 08 1.2 276,357,330
057 97 05 1.2 306,289,282
057 97 03 1.2 275,264,250
057 97 01 1.2 233,213,192
057 97 00 1.2 173,157,139
057 97 00 1.2 119,101,87
057 97 00 1.2 71,52,29
057 97 00 1.2 12,0,0
057 97 00 1.2 0,0,0
057 97 00 1.2 0,76,181
057 97 07 1.2 260,304,320
057 97 08 1.2 317,369,346
057 97 05 1.2 329,309,301
057 97 03 1.2 295,285,271
057 97 02 1.2 251,230,209
057 97 00 1.2 190,175,157
057 97 00 1.2 143,127,110
057 97 00 1.2 90,74,58
057 97 00 1.2 40,25,9
057 97 00 1.2 0,0,0
057 97 00 1.2 13,94,196
057 97 07 1.2 277,322,340
057 97 08 1.2 341,357,336
057 97 05 1.2 317,309,307
057 97 04 1.2 308,302,292
057 97 02 1.2 275,255,233
057 97 01 1.2 213,193,178
057 97 00 1.2 162,147,130
057 97 00 1.2 117,103,92
057 97 00 1.2 71,55,36
057 97 00 1.2 17,0,0
057 97 00 1.2 13,83,179
057 97 07 1.2 261,307,322
057 97 07 1.1 335,321,298
057 97 04 1.1 278,272,277
057 97 03 1.1 277,269,256
057 97 02 1.1 240,223,196
057 97 00 1.1 175,156,143
057 97 00 1.1 128,110,95
057 97 00 1.1 80,68,51
057 97 00 1.1 36,19,4
057 97 00 1.1 0,0,0
057 97 01 1.1 35,128,228
057 97 08 1.1 312,356,382
057 97 08 1.3 391,407,395
057 97 06 1.3 382,379,381
057 97 05 1.3 374,367,350
057 97 03 1.3 332,309,289
057 97 01 1.3 272,256,240
057 97 00 1.3 226,214,199
057 97 00 1.3 187,176,169
057 97 00 1.3 157,150,144
057 97 00 1.3 131,119,134

