177628!20190919_154856!0!0
2.4!2.54!2.45!2.5!2.51!2.5!
98!62!75!0!105
447.0 2.44 44 43

067 98 05 2.5 631,612,592
067 98 03 2.5 572,545,513
067 98 02 2.5 482,451,416
067 98 00 2.5 380,345,312
067 98 00 2.5 282,245,213
067 98 00 2.5 177,173,263
067 98 01 2.5 437,643,782
067 98 04 2.5 858,887,891
067 98 03 2.5 706,673,640
067 98 05 2.5 617,603,588
067 98 03 2.5 570,547,518
067 98 02 2.5 486,447,409
067 98 00 2.5 370,337,304
067 98 00 2.5 270,238,203
067 98 00 2.5 171,140,179
067 98 00 2.5 319,522,702
067 98 04 2.5 807,854,870
067 98 04 2.5 716,687,652
067 98 05 2.5 622,608,593
067 98 03 2.5 581,564,541
067 98 02 2.5 510,476,439
067 98 01 2.5 408,376,343
067 98 00 2.5 313,283,259
067 98 00 2.5 228,196,203
067 98 00 2.5 306,481,661
067 98 03 2.5 772,824,834
067 98 03 2.3 627,597,568
067 98 05 2.3 547,536,526
067 98 03 2.3 512,491,463
067 98 02 2.3 435,401,369
067 98 01 2.3 335,304,270
067 98 00 2.3 242,214,190
067 98 00 2.3 158,136,182
067 98 01 2.3 321,524,696
067 98 04 2.3 803,854,873
067 98 04 2.6 729,706,677
067 98 05 2.6 658,647,637
067 98 04 2.6 622,600,580
067 98 02 2.6 552,520,487
067 98 01 2.6 457,429,399
067 98 00 2.6 374,346,315
067 98 00 2.6 281,260,301
067 98 01 2.6 434,629,807
067 98 04 2.6 920,975,998
067 98 04 2.6 734,712,684
067 98 05 2.6 659,650,639
067 98 04 2.6 630,611,589
067 98 03 2.6 563,533,507
067 98 01 2.6 487,473,461
067 98 01 2.6 446,435,423
067 98 01 2.6 412,394,389
067 98 01 2.6 450,599,804
067 98 04 2.6 980,1097,1165
067 98 06 2.9 1199,1204,805
067 98 05 2.9 799,800,807
067 98 06 2.9 806,801,792
067 98 07 2.9 778,757,736
067 98 04 2.9 717,705,687
067 98 02 2.9 671,655,643
067 98 01 2.9 630,617,601
067 98 00 2.9 596,647,774
067 98 06 2.9 945,1085,1170
067 98 07 2.3 1210,1224,622
067 98 03 2.3 604,585,578
067 98 08 2.3 578,581,577
067 98 06 2.3 567,548,524
067 98 03 2.3 496,468,445
067 98 01 2.3 420,393,362
067 98 00 2.3 333,302,271
067 98 00 2.3 262,322,447
067 98 04 2.3 594,712,788
067 98 04 2.2 834,853,851
067 98 04 2.2 575,546,513
067 98 06 2.2 481,452,423
067 98 02 2.2 397,389,399
067 98 02 2.2 426,453,475
067 98 04 2.2 493,504,520
067 98 04 2.2 537,547,532
067 98 04 2.2 539,619,775
067 98 07 2.2 929,1029,1077
067 98 07 2.7 1092,689,661
067 98 07 2.7 632,617,603
067 98 06 2.7 593,582,570
067 98 04 2.7 548,520,477
067 98 01 2.7 428,371,321
067 98 00 2.7 275,230,174
067 98 00 2.7 119,77,93
067 98 00 2.7 177,309,433
067 98 06 2.7 510,553,566
067 98 08 1.9 482,453,421
067 98 03 1.9 389,362,330
067 98 02 1.9 296,256,213
067 98 00 1.9 167,120,73
067 98 00 1.9 28,0,0
067 98 00 1.9 0,0,0
067 98 00 1.9 0,0,108
067 98 03 1.9 211,269,293
068 98 05 1.7 291,419,382
068 98 03 1.7 342,308,280
068 98 02 1.7 258,231,197
068 98 00 1.7 164,128,92
068 98 00 1.7 51,12,0
068 98 00 1.7 0,0,0
068 98 00 1.7 0,0,96
068 98 03 1.7 229,316,358
068 99 06 1.9 368,498,472
068 99 04 1.9 438,405,377
068 99 02 1.9 358,337,314
068 99 01 1.9 288,258,226
068 99 00 1.9 189,158,130
068 99 00 1.9 105,72,51
068 99 00 1.9 77,173,312
068 99 04 1.9 436,511,540
068 99 04 1.8 539,467,429
068 99 04 1.8 387,355,328
068 99 02 1.8 305,280,253
068 99 01 1.8 220,182,149
068 99 00 1.8 112,76,38
068 99 00 1.8 6,0,0
068 99 00 1.8 0,103,247
068 99 04 1.8 366,441,479
068 99 04 2.0 488,525,496
068 99 07 2.0 464,432,410
068 99 03 2.0 389,369,344
068 99 01 2.0 307,262,215
068 99 00 2.0 179,157,149
068 99 00 2.0 158,189,269
068 99 03 2.0 398,543,654
068 99 04 2.0 720,753,766
068 99 04 2.3 604,566,522
068 99 07 2.3 485,461,437
068 99 03 2.3 416,392,368
068 99 01 2.3 336,305,276
068 99 00 2.3 248,221,194
068 99 00 2.3 161,150,200
068 99 01 2.3 318,457,554
068 99 08 2.3 611,640,657
068 99 08 1.9 654,486,459
068 99 08 1.9 436,420,413
068 99 05 1.9 399,378,345
068 99 00 1.9 317,289,255
068 99 00 1.9 210,168,129
068 99 00 1.9 100,97,160
068 99 01 1.9 270,382,456
069 99 08 1.5 486,493,382
069 99 07 1.5 347,300,253
069 99 02 1.5 218,190,167
069 99 00 1.5 142,115,80
069 99 00 1.5 45,4,0
069 99 00 1.5 0,0,0
069 99 00 1.5 0,0,0
069 99 00 1.5 0,143,239
069 99 08 1.8 281,282,460
069 99 05 1.8 424,380,341
069 99 02 1.8 310,290,265
069 99 01 1.8 241,212,178
069 99 00 1.8 140,95,58
069 99 00 1.8 22,0,0
069 99 00 1.8 0,0,28
069 99 01 1.8 164,289,355
069 99 05 1.6 367,420,385
069 99 04 1.6 346,309,281
069 99 02 1.6 260,238,212
069 99 01 1.6 182,151,113
069 99 00 1.6 74,31,0
069 99 00 1.6 0,0,0
069 99 00 1.6 0,0,85
069 99 03 1.6 232,331,374
071 99 06 1.9 382,489,455
071 99 04 1.9 416,374,342
071 99 02 1.9 315,288,266
071 99 01 1.9 238,208,170
071 99 00 1.9 135,97,62
071 99 00 1.9 30,0,0
071 99 00 1.9 21,138,300
071 99 05 1.9 431,502,523
071 99 04 2.0 535,510,473
071 99 06 2.0 430,391,367
071 99 02 2.0 345,327,299
071 99 00 2.0 267,231,195
071 99 00 2.0 162,128,96
071 99 00 2.0 66,37,32
071 99 00 2.0 99,234,392
071 99 05 1.9 498,545,546
071 99 07 1.9 499,466,429
071 99 07 1.9 389,358,328
071 99 01 1.9 307,286,262
071 99 00 1.9 233,197,159
071 99 00 1.9 121,88,62
071 99 00 1.9 34,8,9
071 99 00 1.9 86,231,383
071 99 06 1.9 476,507,497
071 99 07 1.9 470,432,390
071 99 04 1.9 356,334,318
071 99 02 1.9 302,281,256
071 99 00 1.9 229,199,167
071 99 00 1.9 134,106,80
071 99 00 1.9 58,47,97
071 99 01 1.9 211,349,443
071 99 08 1.6 475,418,386
071 99 06 1.6 341,299,269
071 99 02 1.6 249,237,218
071 99 01 1.6 203,178,152
071 99 00 1.6 117,88,57
071 99 00 1.6 35,9,0
071 99 00 1.6 0,58,202
071 99 05 1.6 360,465,510
071 99 03 2.0 514,517,483
071 99 08 2.0 446,418,399
071 99 05 2.0 387,377,358
071 99 02 2.0 332,299,270
071 99 00 2.0 240,211,183
071 99 00 2.0 163,146,159
071 99 00 2.0 242,399,561
071 99 06 2.0 665,703,713
073 99 04 2.1 555,530,499
073 99 08 2.1 475,458,443
073 99 06 2.1 434,417,401
073 99 02 2.1 368,341,311
073 99 00 2.1 289,265,240
073 99 00 2.1 216,207,265
073 99 02 2.1 398,569,695
073 99 06 2.2 758,776,773
073 99 03 2.2 544,514,489
073 99 08 2.2 479,472,465
073 99 06 2.2 452,433,409
073 99 02 2.2 380,354,329
073 99 00 2.2 307,286,264
073 99 00 2.2 240,226,271
073 99 01 2.2 394,561,696
073 99 05 2.2 768,790,786
073 99 03 2.2 536,505,477
073 99 08 2.2 463,459,456
073 99 06 2.2 443,422,398
073 99 02 2.2 370,341,312
073 99 00 2.2 290,269,249
073 99 00 2.2 226,204,207
073 99 00 2.2 283,428,581
074 99 04 2.0 680,714,713
074 99 02 2.0 488,455,422
074 99 08 2.0 405,397,396
074 99 06 2.0 384,365,338
074 99 01 2.0 313,289,265
074 99 00 2.0 240,215,194
074 99 00 2.0 172,151,146
074 99 00 2.0 208,348,519
074 99 05 2.0 655,722,751
074 99 07 2.4 749,587,558
074 99 06 2.4 531,516,508
074 99 08 2.4 503,486,463
074 99 04 2.4 435,408,382
074 99 00 2.4 352,326,299
074 99 00 2.4 273,246,226
074 99 00 2.4 264,386,563
074 99 07 2.4 720,813,854
074 99 08 2.5 863,624,597
074 99 07 2.5 568,545,535
074 99 06 2.5 530,521,500
074 99 03 2.5 472,438,409
074 99 01 2.5 378,355,325
074 99 00 2.5 298,268,241
074 99 00 2.5 229,284,427
074 99 05 2.5 604,749,822
075 99 05 2.5 856,857,611
075 99 05 2.5 581,553,536
075 99 06 2.5 526,517,499
075 99 04 2.5 474,441,408
075 99 01 2.5 373,342,313
075 99 00 2.5 281,251,223
075 99 00 2.5 197,173,187
075 99 00 2.5 288,454,617
075 99 05 2.2 711,0,0
075 99 00 2.2 0,0,0
075 99 00 2.2 0,0,0
075 99 00 2.2 0,0,0
075 99 00 2.2 0,0,0
075 99 00 2.2 0,0,0
075 99 00 2.2 0,0,0
075 99 00 2.2 0,0,0
075 99 00 2.2 0,0,0
075 99 00 2.3 0,837,791
075 99 00 2.3 744,716,701
075 99 00 2.3 691,668,631
075 99 00 2.3 578,527,473
075 99 00 2.3 425,371,326
075 99 01 2.3 279,236,192
075 99 00 2.3 148,119,183
075 99 00 2.3 384,666,899
075 99 07 2.3 1034,1086,1107
074 99 08 2.6 972,933,888
074 99 05 2.6 853,838,821
074 99 04 2.6 797,759,715
074 99 02 2.6 665,616,561
074 99 00 2.6 512,460,415
074 99 00 2.6 367,324,276
074 99 01 2.6 228,220,337
074 99 01 2.6 580,852,1045
074 99 04 2.6 1133,1167,1161
074 99 05 2.6 920,875,834
074 99 05 2.6 804,787,768
074 99 03 2.6 741,697,652
074 99 01 2.6 599,546,488
074 99 00 2.6 438,391,345
074 99 00 2.6 294,240,187
074 99 02 2.6 132,105,191
074 99 01 2.6 408,679,879
074 99 05 2.4 973,999,883
074 99 05 2.4 847,797,749
074 99 07 2.4 723,712,699
074 99 04 2.4 667,625,577
074 99 00 2.4 534,485,434
074 99 00 2.4 379,333,289
074 99 00 2.4 247,199,154
074 99 02 2.4 102,78,158
074 99 00 2.4 367,615,794
074 99 07 2.2 868,883,786
074 99 05 2.2 737,686,645
074 99 08 2.2 631,619,601
074 99 04 2.2 565,522,470
074 99 00 2.2 414,363,313
074 99 00 2.2 270,218,171
074 99 00 2.2 120,73,24
074 99 00 2.2 0,0,31
074 99 01 2.2 258,549,771
074 99 03 2.2 891,942,954
074 99 06 2.7 995,960,923
074 99 07 2.7 895,876,861
074 99 06 2.7 839,803,757
074 99 02 2.7 707,654,602
074 99 00 2.7 548,498,445
074 99 00 2.7 395,346,297
074 99 01 2.7 250,199,210
074 99 00 2.7 351,615,889
074 99 07 2.7 1070,1160,1197
074 99 07 2.7 1201,979,940
074 99 04 2.7 901,880,859
074 99 04 2.7 837,804,758
074 99 02 2.7 710,656,604
074 99 00 2.7 546,493,437
074 99 00 2.7 382,324,276
074 99 02 2.7 227,179,126
074 99 01 2.7 135,279,538
074 99 03 2.7 809,983,1066
071 99 05 2.7 1092,965,924
071 99 03 2.7 878,843,827
071 99 04 2.7 814,795,764
071 99 03 2.7 717,661,603
071 99 00 2.7 545,491,436
071 99 00 2.7 384,333,285
071 99 01 2.7 242,193,143
071 99 01 2.7 89,96,225
071 99 01 2.7 475,731,886
071 99 05 2.4 945,943,838
071 99 04 2.4 792,745,719
071 99 06 2.4 706,699,671
071 99 03 2.4 633,581,534
071 99 00 2.4 479,427,370
071 99 00 2.4 318,264,217
071 99 01 2.4 166,119,65
071 99 00 2.4 13,0,37
071 99 00 2.4 245,543,793
071 99 06 2.4 942,1014,1044
071 99 05 2.9 1038,1039,1002
071 99 04 2.9 976,960,947
071 99 08 2.9 921,882,836
071 99 03 2.9 780,728,674
071 99 00 2.9 624,569,512
071 99 00 2.9 457,408,354
071 99 00 2.9 300,245,200
071 99 00 2.9 242,425,721
071 99 04 2.9 1008,1196,1301
070 99 08 3.2 1352,1364,1148
070 99 06 3.2 1111,1087,1071
070 99 07 3.2 1060,1035,1001
070 99 05 3.2 953,902,841
070 99 00 3.2 783,721,666
070 99 00 3.2 610,557,503
070 99 01 3.2 447,390,334
070 99 00 3.2 276,270,402
070 99 02 3.2 670,974,1191
070 99 05 3.2 1309,1360,1379
070 99 05 3.1 1099,1067,1029
070 99 05 3.1 1010,996,977
070 99 07 3.1 946,899,845
070 99 02 3.1 788,732,673
070 99 00 3.1 608,543,482
070 99 01 3.1 426,370,310
070 99 00 3.1 247,188,130
070 99 00 3.1 136,278,550
070 99 04 3.1 836,1032,1130
070 99 03 2.9 1165,1156,1004
070 99 07 2.9 962,931,920
070 99 08 2.9 909,891,853
070 99 06 2.9 809,756,698
070 99 00 2.9 642,590,541
070 99 00 2.9 483,419,359
070 99 01 2.9 306,253,193
070 99 00 2.9 132,110,215
070 99 00 2.9 448,727,924
069 99 05 2.6 1020,1051,934
069 99 06 2.6 895,841,804
069 99 07 2.6 780,773,753
069 99 04 2.6 719,662,604
069 99 00 2.6 541,480,421
069 99 00 2.6 362,303,240
069 99 01 2.6 182,127,72
069 99 00 2.6 13,0,0
069 99 00 2.6 52,312,622
069 99 07 2.6 857,993,1066
069 99 04 3.2 1096,1155,1123
069 99 06 3.2 1084,1062,1048
069 99 08 3.2 1029,1002,957
069 99 04 3.2 906,845,790
069 99 00 3.2 730,675,614
069 99 00 3.2 561,502,441
069 99 01 3.2 376,316,258
069 99 00 3.2 210,239,421
069 99 02 3.2 715,1008,1191
069 99 05 3.2 1288,1326,1337
069 99 07 3.1 1101,1065,1027
069 99 07 3.1 1013,993,974
069 99 06 3.1 939,894,838
069 99 01 3.1 779,721,659
069 99 00 3.1 599,536,478
069 99 01 3.1 419,363,300
069 99 00 3.1 234,171,117
069 99 00 3.1 152,333,621
069 99 06 3.1 893,1055,1132
067 99 04 2.9 1153,1027,989
067 99 06 2.9 948,914,897
067 99 08 2.9 878,852,807
067 99 04 2.9 752,689,633
067 99 00 2.9 572,518,463
067 99 00 2.9 407,350,289
067 99 00 2.9 228,171,113
067 99 00 2.9 51,0,8
067 99 00 2.9 178,447,697
067 99 08 2.5 834,881,878
067 99 06 2.5 862,815,772
067 99 07 2.5 743,727,704
067 99 04 2.5 670,621,567
067 99 00 2.5 508,449,387
067 99 00 2.5 330,277,219
067 99 01 2.5 164,96,37
067 99 00 2.5 0,0,0
067 99 00 2.5 0,0,207
067 99 02 2.5 502,715,819
067 99 06 2.9 868,874,1025
067 99 07 2.9 983,944,920
067 99 08 2.9 904,880,842
067 99 05 2.9 796,739,681
067 99 00 2.9 618,563,503
067 99 00 2.9 445,387,332
067 99 00 2.9 273,214,151
067 99 00 2.9 92,32,46
067 99 00 2.9 205,489,789
067 99 04 2.9 986,1087,1133
065 99 04 3.1 1141,1093,1051
065 99 05 3.1 1011,988,977
065 99 08 3.1 961,929,876
065 99 03 3.1 820,759,698
065 99 00 3.1 640,586,532
065 99 00 3.1 470,414,358
065 99 00 3.1 303,240,174
065 99 00 3.1 110,112,271
065 99 02 3.1 556,850,1036
065 99 05 3.0 1126,1163,1164
065 99 06 3.0 1039,991,952
065 99 07 3.0 935,926,901
065 99 07 3.0 861,809,753
065 99 00 3.0 694,633,576
065 99 00 3.0 522,473,420
065 99 00 3.0 363,305,247
065 99 00 3.0 187,125,65
065 99 00 3.0 46,159,399
065 99 03 3.0 681,876,964
065 99 05 2.6 986,932,896
065 99 06 2.6 849,808,781
065 99 06 2.6 758,724,673
065 99 02 2.6 616,549,485
065 99 00 2.6 416,351,288
065 99 01 2.6 233,172,108
065 99 00 2.6 43,0,0
065 99 00 2.6 0,0,0
065 99 00 2.6 0,206,490
065 99 06 2.6 679,763,799
064 99 08 2.8 797,989,941
064 99 04 2.8 904,879,859
064 99 04 2.8 830,787,738
064 99 02 2.8 681,627,570
064 99 00 2.8 513,455,399
064 99 00 2.8 340,275,213
064 99 01 2.8 158,103,43
064 99 00 2.8 0,0,93
064 99 01 2.8 360,675,918
064 99 04 2.8 1050,1120,1146
064 99 04 3.3 1142,1143,1103
064 99 03 3.3 1073,1055,1037
064 99 04 3.3 1001,955,897
064 99 02 3.3 844,784,733
064 99 00 3.3 676,617,551
064 99 00 3.3 486,423,362
064 99 01 3.3 302,242,180
064 99 00 3.3 116,120,275
064 99 01 3.3 563,867,1066
064 99 03 3.3 1167,1211,1218
064 99 06 3.1 1098,1054,1016
064 99 07 3.1 987,972,947
064 99 06 3.1 911,857,794
064 99 00 3.1 725,664,605
064 99 00 3.1 553,494,433
064 99 01 3.1 371,305,237
064 99 00 3.1 174,112,53
064 99 00 3.1 0,9,181
064 99 02 3.1 471,754,920
063 99 08 2.8 988,1002,997
063 99 05 2.8 955,912,885
063 99 05 2.8 873,862,839
063 99 03 2.8 803,750,691
063 99 01 2.8 629,570,512
063 99 00 2.8 456,397,339
063 99 01 2.8 276,218,154
063 99 01 2.8 96,34,0
063 99 00 2.8 5,185,475
063 99 04 2.8 752,922,999
063 99 04 2.9 1029,1038,1001
063 99 04 2.9 952,919,903
063 99 07 2.9 890,866,824
063 99 03 2.9 770,709,646
063 99 00 2.9 588,531,472
063 99 00 2.9 411,348,290
063 99 01 2.9 230,168,110
063 99 00 2.9 50,0,3
063 99 00 2.9 167,465,785
063 99 06 2.9 1005,1125,1186
063 99 05 3.4 1210,1214,1183
063 99 04 3.4 1144,1126,1109
063 99 05 3.4 1093,1059,1016
063 99 03 3.4 958,898,839
063 99 00 3.4 779,720,664
063 99 00 3.4 607,549,485
063 99 01 3.4 426,367,305
063 99 00 3.4 243,203,290
063 99 00 3.4 530,852,1113
063 99 03 3.4 1257,1324,1349
063 99 04 3.2 1135,1107,1061
063 99 06 3.2 1032,1015,1001
063 99 07 3.2 971,923,868
063 99 02 3.2 811,751,688
063 99 00 3.2 627,566,509
063 99 00 3.2 445,386,326
063 99 00 3.2 269,207,136
063 99 00 3.2 69,69,227
063 99 01 3.2 512,801,981
063 99 08 2.9 1056,1082,1080
063 99 08 2.9 996,955,918
063 99 06 2.9 907,893,871
063 99 07 2.9 831,781,722
063 99 00 2.9 665,610,552
063 99 00 2.9 491,432,383
063 99 01 2.9 327,268,205
063 99 00 2.9 146,82,37
063 99 00 2.9 103,318,605
063 99 04 2.9 839,958,1006
063 99 03 2.7 1004,935,888
063 99 07 2.7 847,827,812
063 99 06 2.7 791,754,701
063 99 01 2.7 646,589,531
063 99 00 2.7 465,404,344
063 99 01 2.7 288,231,169
063 99 00 2.7 109,46,0
063 99 00 2.7 0,0,98
063 99 02 2.7 396,718,941
063 99 06 2.7 1067,1137,1164
062 99 04 3.5 1157,1212,1176
062 99 03 3.5 1154,1140,1124
062 99 05 3.5 1095,1051,993
062 99 02 3.5 936,872,817
062 99 00 3.5 763,711,656
062 99 00 3.5 595,542,488
062 99 02 3.5 425,362,303
062 99 01 3.5 318,481,763
062 99 04 3.5 1065,1269,1387
062 99 03 3.3 1448,1470,1155
062 99 04 3.3 1116,1073,1048
062 99 05 3.3 1029,1005,968
062 99 03 3.3 914,855,793
062 99 01 3.3 730,665,604
062 99 00 3.3 551,495,433
062 99 01 3.3 370,309,250
062 99 00 3.3 187,124,85
062 99 01 3.3 167,395,687
062 99 03 3.3 908,1023,1068
062 99 06 2.8 1073,958,912
062 99 04 2.8 869,842,827
062 99 04 2.8 807,766,714
062 99 02 2.8 652,591,530
062 99 00 2.8 472,416,360
062 99 00 2.8 305,249,192
062 99 01 2.8 137,81,23
062 99 00 2.8 0,0,17

