177628!20190929_204626!0!0
2.35!2.32!2.23!2.26!2.27!2.35!
98!67!73!0!601
451.8 2.36 41 44

073 98 06 6.6 2163,2109,2059
073 98 07 6.6 2015,1961,1880
073 98 02 6.6 1758,1606,1442
073 98 00 6.6 1268,1087,902
073 98 00 6.6 724,543,384
073 98 00 6.6 417,781,1381
073 98 04 6.6 1978,2406,2684
073 98 08 7.1 2858,2929,2924
073 98 06 7.1 2488,2385,2281
073 98 06 7.1 2183,2093,1991
073 98 04 7.1 1881,1754,1614
073 98 00 7.1 1458,1292,1118
073 98 00 7.1 937,755,563
073 98 00 7.1 374,199,199
073 98 00 7.1 531,1122,1753
073 98 05 7.1 2199,2488,2650
073 98 08 7.0 2718,2533,2452
073 98 06 7.0 2341,2228,2127
073 98 07 7.0 2025,1929,1813
073 98 00 7.0 1687,1536,1379
073 98 00 7.0 1208,1025,840
073 98 00 7.0 650,464,273
073 98 00 7.0 118,189,603
073 98 01 7.0 1233,1821,2205
073 98 06 7.0 2437,2556,2577
073 98 06 6.8 2421,2314,2199
073 98 05 6.8 2091,2000,1912
073 98 04 6.8 1821,1719,1595
073 98 00 6.8 1451,1290,1122
073 98 00 6.8 952,782,610
073 98 00 6.8 432,288,353
073 98 00 6.8 725,1300,1840
073 98 05 6.8 2198,2402,2498
073 98 06 6.2 2494,2146,2017
073 98 06 6.2 1886,1764,1661
073 98 03 6.2 1558,1448,1317
073 98 00 6.2 1167,997,815
073 98 00 6.2 626,433,230
073 98 00 6.2 29,0,0
073 98 01 6.2 0,296,930
073 98 05 6.2 1478,1818,2022
073 98 04 6.7 2117,2128,2366
073 98 06 6.7 2249,2119,2001
073 98 06 6.7 1895,1788,1671
073 98 00 6.7 1539,1391,1228
073 98 00 6.7 1053,873,681
073 98 00 6.7 485,285,87
073 98 00 6.7 0,0,349
073 98 03 6.7 997,1638,2065
073 98 07 6.7 2327,2467,2510
073 98 06 7.2 2577,2476,2348
073 98 04 7.2 2218,2107,2004
073 98 04 7.2 1893,1766,1625
073 98 00 7.2 1470,1300,1114
073 98 00 7.2 918,717,507
073 98 00 7.2 300,96,0
073 98 00 7.2 0,243,894
073 98 02 7.2 1584,2065,2342
072 98 08 7.3 2497,2541,2640
072 98 06 7.3 2534,2399,2265
072 98 06 7.3 2144,2032,1915
072 98 00 7.3 1790,1647,1486
072 98 00 7.3 1310,1116,910
072 98 01 7.3 694,482,272
072 98 00 7.3 68,0,0
072 98 00 7.3 0,213,939
072 98 05 7.3 1626,2056,2282
072 98 08 7.4 2384,2385,2632
072 98 05 7.4 2504,2358,2226
072 98 06 7.4 2109,2005,1895
072 98 00 7.4 1780,1648,1496
072 98 01 7.4 1322,1133,939
072 98 00 7.4 741,547,352
072 98 00 7.4 163,12,116
072 98 00 7.4 591,1292,1914
072 98 07 7.4 2293,2493,2580
072 98 07 7.0 2566,2471,2329
072 98 05 7.0 2183,2052,1937
072 98 03 7.0 1821,1693,1548
072 98 00 7.0 1379,1193,983
072 98 00 7.0 768,539,314
072 98 00 7.0 90,0,0
072 98 00 7.0 0,0,164
072 98 03 7.0 972,1694,2131
071 98 06 8.1 2361,2484,2507
071 98 06 8.1 2955,2822,2662
071 98 06 8.1 2484,2311,2137
071 98 00 8.1 1967,1794,1603
071 98 00 8.1 1394,1175,954
071 98 00 8.1 728,500,276
071 98 00 8.1 61,0,0
071 98 00 8.1 0,251,1061
071 98 02 8.1 1844,2338,2594
071 98 06 8.2 2713,2738,3006
071 98 04 8.2 2886,2728,2583
071 98 04 8.2 2447,2325,2191
071 98 00 8.2 2044,1871,1675
071 98 01 8.2 1466,1241,1019
071 98 00 8.2 789,568,347
071 98 00 8.2 150,109,459
071 98 01 8.2 1168,1952,2496
071 98 04 7.6 2776,2903,2930
071 98 05 7.6 2778,2645,2487
071 98 06 7.6 2333,2200,2070
071 98 01 7.6 1940,1790,1618
071 98 00 7.6 1425,1223,1013
071 98 00 7.6 806,599,401
071 98 01 7.6 203,37,84
071 98 00 7.6 535,1295,2037
071 98 05 7.6 2505,2734,2833
071 98 06 7.6 2829,2727,2588
071 98 07 7.6 2441,2312,2196
071 98 06 7.6 2083,1953,1801
071 98 00 7.6 1628,1442,1245
071 98 00 7.6 1044,835,632
071 98 00 7.6 432,249,193
071 98 00 7.6 512,1190,1968
071 98 04 7.6 2530,2842,3010
071 98 05 7.7 3067,2848,2741
071 98 06 7.7 2602,2465,2348
071 98 05 7.7 2242,2137,2022
071 98 00 7.7 1894,1746,1576
071 98 00 7.7 1391,1214,1034
071 98 00 7.7 859,676,537
071 98 00 7.7 635,1090,1755
071 98 08 7.7 2364,2741,2955
071 98 08 6.9 3046,3043,2445
071 98 05 6.9 2325,2193,2066
071 98 07 6.9 1963,1870,1769
071 98 00 6.9 1651,1527,1394
071 98 00 6.9 1251,1085,911
071 98 00 6.9 740,574,407
071 98 00 6.9 265,350,767
071 98 02 6.9 1396,1973,2327
071 98 06 6.4 2519,2587,2575
071 98 05 6.4 2235,2103,1965
071 98 06 6.4 1843,1747,1652
071 98 01 6.4 1560,1451,1333
071 98 00 6.4 1198,1052,892
071 98 00 6.4 725,547,377
071 98 00 6.4 201,37,0
071 98 00 6.4 204,746,1402
071 98 02 6.4 1887,2150,2273
071 98 07 6.4 2286,2279,2164
071 98 07 6.4 2037,1914,1818
071 98 07 6.4 1733,1644,1548
071 98 00 6.4 1437,1315,1181
071 98 00 6.4 1032,874,707
071 98 00 6.4 543,377,216
071 98 00 6.4 62,87,443
071 98 01 6.4 1043,1651,2037
071 98 07 6.2 2242,2307,2287
071 98 07 6.2 2157,2034,1898
071 98 06 6.2 1787,1693,1613
071 98 01 6.2 1519,1419,1297
071 98 00 6.2 1165,1012,838
071 98 00 6.2 652,460,278
071 98 00 6.2 99,0,0
071 98 00 6.2 0,419,1122
071 98 07 6.2 1739,2107,2305
071 98 08 7.1 2386,2381,2535
071 98 06 7.1 2411,2278,2151
071 98 05 7.1 2045,1945,1836
071 98 00 7.1 1720,1584,1427
071 98 00 7.1 1252,1061,855
071 98 01 7.1 643,435,243
071 98 00 7.1 46,0,0
071 98 01 7.1 436,1175,1863
071 98 04 7.1 2287,2515,2621
071 98 07 7.5 2627,2698,2574
071 98 06 7.5 2421,2283,2161
071 98 05 7.5 2050,1933,1800
071 98 00 7.5 1652,1481,1292
071 98 00 7.5 1084,866,647
071 98 00 7.5 434,220,12
071 98 00 7.5 0,0,0
071 98 00 7.5 538,1366,2029
071 98 07 7.5 2387,2569,2628
071 98 06 7.9 2921,2825,2685
071 98 07 7.9 2531,2394,2272
071 98 04 7.9 2147,2014,1864
071 98 00 7.9 1701,1513,1307
071 98 00 7.9 1086,858,634
071 98 00 7.9 413,204,0
071 98 00 7.9 0,0,30
071 98 01 7.9 749,1610,2245
071 98 06 7.9 2575,2735,2780
070 98 06 8.2 3018,2900,2749
070 98 04 8.2 2603,2477,2367
070 98 03 8.2 2250,2125,1973
070 98 01 8.2 1807,1613,1413
070 98 00 8.2 1200,990,783
070 98 00 8.2 591,402,216
070 98 00 8.2 51,105,590
070 98 01 8.2 1396,2177,2657
070 98 04 8.0 2894,2999,3000
070 98 04 8.0 2881,2742,2594
070 98 04 8.0 2461,2339,2219
070 98 02 8.0 2090,1947,1777
070 98 00 8.0 1591,1381,1163
070 98 01 8.0 933,705,487
070 98 00 8.0 277,74,0
070 98 00 8.0 0,22,717
070 98 03 8.0 1625,2352,2764
070 98 04 8.9 2985,3089,3098
070 98 05 8.9 3245,3104,2949
070 98 05 8.9 2817,2700,2579
070 98 04 8.9 2439,2280,2104
070 98 00 8.9 1912,1697,1470
070 98 00 8.9 1238,1008,781
070 98 00 8.9 559,352,164
070 98 00 8.9 144,548,1342
070 98 06 8.9 2216,2819,3142
070 98 06 8.7 3308,3368,3220
070 98 06 8.7 3107,2953,2799
070 98 05 8.7 2657,2526,2385
070 98 01 8.7 2232,2063,1878
070 98 00 8.7 1670,1448,1214
070 98 00 8.7 979,741,516
070 98 00 8.7 295,90,0
070 98 00 8.7 0,179,946
070 98 04 8.7 1850,2513,2866
070 98 06 8.7 3036,3097,3234
070 98 04 8.7 3124,2963,2806
070 98 04 8.7 2658,2522,2379
070 98 01 8.7 2218,2045,1848
070 98 00 8.7 1642,1417,1185
070 98 00 8.7 948,715,488
070 98 00 8.7 277,78,0
070 98 00 8.7 0,0,590
070 98 03 8.7 1509,2288,2732
070 98 03 8.6 2937,3006,3213
070 98 05 8.6 3092,2926,2762
070 98 03 8.6 2612,2483,2349
070 98 01 8.6 2202,2032,1849
070 98 00 8.6 1647,1438,1214
070 98 00 8.6 987,760,544
070 98 01 8.6 346,156,0
070 98 00 8.6 0,135,824
070 98 03 8.6 1747,2480,2888
069 98 04 8.6 3075,3141,3229
069 98 05 8.6 3112,2944,2779
069 98 04 8.6 2622,2477,2319
069 98 01 8.6 2146,1959,1753
069 98 00 8.6 1536,1302,1067
069 98 00 8.6 829,601,388
069 98 00 8.6 189,1,0
069 98 00 8.6 0,0,477
069 98 03 8.6 1430,2305,2843
069 98 05 9.3 3120,3245,3265
069 98 06 9.3 3514,3375,3212
069 98 07 9.3 3058,2916,2771
069 98 04 9.3 2611,2438,2247
069 98 00 9.3 2049,1836,1613
069 98 00 9.3 1385,1164,948
069 98 00 9.3 738,539,352
069 98 00 9.3 202,318,892
069 98 01 9.3 1794,2640,3169
069 98 07 9.3 3447,3581,3617
069 98 07 9.0 3366,3233,3060
069 98 06 9.0 2885,2728,2567
069 98 03 9.0 2400,2203,2005
069 98 00 9.0 1792,1567,1333
069 98 00 9.0 1092,866,638
069 98 00 9.0 428,222,28
069 98 01 9.0 0,0,214
069 98 02 9.0 1002,1918,2573
069 98 07 9.0 2923,3078,3106
069 98 05 8.6 3243,3098,2920
069 98 04 8.6 2744,2578,2415
069 98 02 8.6 2237,2047,1839
069 98 00 8.6 1615,1381,1140
069 98 00 8.6 905,680,469
069 98 00 8.6 274,88,0
069 98 00 8.6 0,0,0
069 98 00 8.6 470,1379,2169
069 98 04 8.6 2640,2864,2922
069 98 04 8.5 3223,3070,2873
069 98 04 8.5 2679,2499,2329
069 98 01 8.5 2157,1981,1790
069 98 00 8.5 1584,1367,1146
069 98 00 8.5 931,722,525
069 98 01 8.5 339,165,9
069 98 00 8.5 0,0,339
069 98 02 8.5 1138,2019,2617
069 98 03 8.2 2930,3046,3018
069 98 05 8.2 3060,2878,2696
069 98 04 8.2 2520,2365,2212
069 98 01 8.2 2048,1868,1675
069 98 00 8.2 1478,1270,1057
069 98 00 8.2 845,648,462
069 98 01 8.2 290,127,12
069 98 01 8.2 203,825,1730
069 98 04 8.2 2531,3027,3281
069 98 05 8.7 3380,3353,3228
069 98 04 8.7 3051,2873,2692
069 98 05 8.7 2524,2348,2169
069 98 00 8.7 1973,1765,1544
069 98 00 8.7 1323,1101,888
069 98 00 8.7 678,485,305
069 98 00 8.7 150,126,529
069 98 03 8.7 1313,2236,2894
069 98 06 8.7 3273,3451,3503
069 98 05 8.8 3345,3211,3036
069 98 07 8.8 2858,2689,2528
069 98 03 8.8 2360,2180,1982
069 98 00 8.8 1773,1552,1331
069 98 00 8.8 1104,889,676
069 98 00 8.8 483,295,139
069 98 00 8.8 196,699,1551
069 98 06 8.8 2428,3005,3314
069 98 06 8.7 3453,3474,3282
069 98 07 8.7 3128,2945,2769
069 98 06 8.7 2606,2452,2279
069 98 00 8.7 2097,1894,1682
069 98 00 8.7 1455,1228,1001
069 98 00 8.7 786,574,381
069 98 00 8.7 192,31,35
069 98 00 8.7 483,1290,2184
069 98 03 8.7 2788,3118,3266
069 98 06 8.5 3291,3219,3060
069 98 05 8.5 2876,2707,2557
069 98 05 8.5 2409,2249,2069
069 98 00 8.5 1867,1657,1437
069 98 00 8.5 1216,996,783
069 98 01 8.5 580,385,206
069 98 00 8.5 44,19,410
069 98 03 8.5 1185,2078,2705
069 98 05 8.3 3045,3196,3217
069 98 05 8.3 3132,2973,2790
069 98 05 8.3 2628,2484,2342
069 98 02 8.3 2180,2002,1798
069 98 00 8.3 1586,1360,1141
069 98 00 8.3 917,704,499
069 98 00 8.3 307,129,0
069 98 00 8.3 0,400,1208
069 98 03 8.3 2122,2768,3129
069 98 07 8.8 3307,3357,3375
069 98 07 8.8 3244,3071,2895
069 98 05 8.8 2730,2572,2397
069 98 00 8.8 2205,2007,1795
069 98 00 8.8 1573,1337,1106
069 98 00 8.8 882,667,468
069 98 00 8.8 284,120,21
069 98 00 8.8 284,972,1902
069 98 07 8.8 2662,3112,3339
069 98 05 8.8 3424,3406,3271
069 98 06 8.8 3099,2908,2731
069 98 07 8.8 2563,2392,2210
069 98 00 8.8 2015,1798,1571
069 98 00 8.8 1338,1109,885
069 98 00 8.8 673,475,289
069 98 00 8.8 110,0,0
069 98 00 8.8 246,995,1930
069 98 06 8.8 2641,3044,3244
069 98 07 8.8 3299,3358,3215
069 98 08 8.8 3027,2837,2662
069 98 06 8.8 2495,2325,2142
069 98 00 8.8 1939,1718,1492
069 98 00 8.8 1263,1037,818
069 98 00 8.8 610,420,236
069 98 00 8.8 76,0,0
069 98 00 8.8 266,1032,1963
069 98 07 8.8 2643,3021,3192
067 98 06 8.6 3219,3260,3103
067 98 07 8.6 2914,2732,2556
067 98 05 8.6 2391,2221,2040
067 98 00 8.6 1845,1641,1434
067 98 00 8.6 1223,1010,800
067 98 00 8.6 602,421,259
067 98 00 8.6 107,0,199
067 98 00 8.6 837,1749,2539
067 98 04 8.6 3009,3246,3316
067 98 03 8.5 3272,3131,2949
067 98 07 8.5 2765,2593,2426
067 98 03 8.5 2250,2059,1857
067 98 00 8.5 1650,1429,1211
067 98 00 8.5 986,772,564
067 98 00 8.5 378,212,59
067 98 00 8.5 0,0,439
067 98 03 8.5 1307,2251,2897
067 98 05 8.5 3251,3421,3461
067 98 04 9.1 3511,3362,3182
067 98 05 9.1 3000,2837,2671
067 98 03 9.1 2496,2308,2101
067 98 00 9.1 1889,1660,1438
067 98 00 9.1 1214,998,794
067 98 01 9.1 604,428,266
067 98 00 9.1 141,313,939
067 98 04 9.1 1875,2730,3252
067 98 05 9.0 3523,3641,3642
067 98 04 9.0 3409,3247,3065
067 98 03 9.0 2887,2713,2543
067 98 02 9.0 2362,2166,1956
067 98 01 9.0 1725,1493,1257
067 98 00 9.0 1030,809,606
067 98 00 9.0 420,249,90
067 98 00 9.0 0,254,954
067 98 03 9.0 1905,2685,3142
067 98 05 8.8 3370,3444,3405
067 98 05 8.8 3260,3063,2861
067 98 07 8.8 2679,2507,2335
067 98 01 8.8 2153,1950,1738
067 98 00 8.8 1511,1289,1069
067 98 00 8.8 855,656,464
067 98 00 8.8 294,130,0
067 98 00 8.8 96,649,1532
067 98 03 8.8 2400,2943,3216
067 98 06 8.5 3316,3299,3178
067 98 04 8.5 3004,2825,2665
067 98 06 8.5 2524,2388,2232
067 98 00 8.5 2044,1841,1630
067 98 00 8.5 1422,1207,993
067 98 00 8.5 786,597,426
067 98 00 8.5 269,300,789
067 98 00 8.5 1652,2563,3164
067 98 03 8.5 3492,3654,3696
067 98 06 8.9 3400,3264,3098
067 98 07 8.9 2932,2780,2638
067 98 04 8.9 2485,2316,2123
067 98 00 8.9 1915,1693,1467
067 98 00 8.9 1246,1029,825
067 98 00 8.9 626,440,331
067 98 00 8.9 606,1334,2283
067 98 06 8.9 3040,3470,3702
068 98 07 9.1 3812,3816,3394
068 98 05 9.1 3245,3087,2944
068 98 04 9.1 2811,2681,2537
068 98 00 9.1 2374,2191,1999
068 98 00 9.1 1795,1578,1354
068 98 00 9.1 1135,930,731
068 98 00 9.1 548,534,961
068 98 02 9.1 1759,2616,3192
068 98 05 9.1 3498,3658,3705
068 98 06 8.4 3160,3042,2892
068 98 06 8.4 2742,2612,2494
068 98 05 8.4 2373,2229,2077
068 98 00 8.4 1906,1724,1521
068 98 00 8.4 1310,1100,894
068 98 00 8.4 701,507,351
068 98 00 8.4 442,978,1788
068 98 07 8.4 2536,2968,3184
068 98 06 7.8 3269,3253,2820
068 98 06 7.8 2673,2520,2391
068 98 05 7.8 2283,2191,2086
068 98 00 7.8 1968,1834,1685
068 98 00 7.8 1527,1347,1162
068 98 00 7.8 974,791,612
068 98 00 7.8 446,469,886
068 98 02 7.8 1591,2310,2768
069 98 05 7.3 3010,3112,3109
069 98 06 7.3 2616,2481,2328
069 98 05 7.3 2193,2081,1976
069 98 02 7.3 1869,1742,1602
069 98 00 7.3 1439,1257,1057
069 98 00 7.3 848,641,438
069 98 00 7.3 240,46,0
069 98 00 7.3 146,767,1591
069 98 06 7.3 2258,2643,2843
069 98 07 8.0 2923,2904,2879
069 98 06 8.0 2728,2572,2441
069 98 07 8.0 2326,2217,2100
069 98 00 8.0 1976,1834,1668
069 98 00 8.0 1481,1283,1074
069 98 00 8.0 862,656,467
069 98 01 8.0 276,166,417
069 98 01 8.0 1068,1894,2534
069 98 05 8.0 2892,3070,3117
069 98 06 7.9 2908,2793,2638
069 98 06 7.9 2475,2330,2206
069 98 03 7.9 2088,1960,1820
069 98 00 7.9 1662,1487,1287
069 98 00 7.9 1077,856,638
069 98 00 7.9 428,222,27
069 98 00 7.9 0,27,622
069 98 02 7.9 1466,2202,2606
069 98 07 8.0 2801,2861,2951
069 98 05 8.0 2832,2670,2507
069 98 07 8.0 2366,2249,2136
069 98 01 8.0 2017,1881,1727
069 98 00 8.0 1558,1367,1165
069 98 00 8.0 954,748,548
069 98 00 8.0 354,167,4
069 98 00 8.0 77,599,1410
069 98 06 8.0 2180,2629,2849
069 98 06 7.9 2929,2916,2810
069 98 05 7.9 2665,2519,2392
069 98 07 7.9 2292,2211,2137
069 98 01 7.9 2053,1950,1830
069 98 00 7.9 1682,1512,1318
069 98 00 7.9 1111,900,693
069 98 00 7.9 495,340,463
069 98 00 7.9 1008,1800,2507
069 98 07 7.9 2925,3151,3250
069 98 06 7.9 3256,2849,2712
069 98 07 7.9 2548,2388,2251
069 98 05 7.9 2129,2011,1878
069 98 00 7.9 1725,1549,1350
069 98 00 7.9 1136,908,684
069 98 00 7.9 460,248,42
069 98 00 7.9 0,0,194
069 98 03 7.9 963,1823,2404
069 98 07 8.3 2699,2837,2858
069 98 06 8.3 3004,2865,2684
069 98 04 8.3 2508,2351,2214
069 98 01 8.3 2072,1919,1748
069 98 00 8.3 1557,1337,1100
069 98 00 8.3 852,609,368
069 98 00 8.3 147,0,0
069 98 01 8.3 0,0,0
069 98 03 8.3 673,1596,2240
069 98 04 8.5 2551,2680,2692
069 98 03 8.5 3105,2941,2748
069 98 06 8.5 2558,2387,2224
069 98 00 8.5 2056,1881,1695
069 98 00 8.5 1501,1293,1083
069 98 00 8.5 865,652,448
069 98 00 8.5 264,102,0
069 98 00 8.5 0,0,589
069 98 04 8.5 1484,2276,2722
069 98 04 8.3 2910,2963,3083
069 98 07 8.3 2965,2814,2666
069 98 07 8.3 2536,2422,2313
069 98 03 8.3 2186,2046,1878
069 98 00 8.3 1689,1480,1270
069 98 00 8.3 1062,856,658
069 98 00 8.3 466,343,545
069 98 00 8.3 1171,2001,2676
069 98 05 8.3 3049,3241,3317
069 98 06 7.9 3296,2851,2703
069 98 06 7.9 2554,2426,2315
069 98 05 7.9 2221,2130,2036
069 98 00 7.9 1916,1759,1565
069 98 00 7.9 1341,1106,871
069 98 00 7.9 633,420,422
069 98 00 7.9 853,1608,2357
069 98 04 7.9 2838,3094,3234
069 98 05 7.8 3278,2850,2724
069 98 06 7.8 2562,2416,2290
069 98 06 7.8 2168,2032,1880
069 98 00 7.8 1718,1540,1348
069 98 00 7.8 1136,921,708
069 98 00 7.8 505,308,280
069 98 00 7.8 646,1345,2086
069 98 07 7.8 2576,2833,2962
069 98 06 7.4 2992,2672,2530
069 98 06 7.4 2356,2191,2050
069 98 04 7.4 1923,1791,1642
069 98 00 7.4 1472,1289,1086
069 98 00 7.4 880,673,471
069 98 00 7.4 266,72,69
069 98 00 7.4 469,1186,1900
069 98 07 7.4 2346,2560,2642
070 98 07 7.1 2622,2485,2324
070 98 04 7.1 2158,2024,1911
070 98 03 7.1 1802,1681,1546
070 98 00 7.1 1390,1216,1034
070 98 00 7.1 849,663,470
070 98 00 7.1 275,231,548
070 98 03 7.1 1161,1817,2243
070 98 07 6.3 2461,2536,2512
070 98 06 6.3 2191,2046,1887
070 98 05 6.3 1754,1645,1552
070 98 00 6.3 1454,1341,1214
070 98 00 6.3 1076,927,770
070 98 00 6.3 600,414,275
070 98 00 6.3 415,889,1548
070 98 06 6.3 2090,2412,2572
070 98 07 6.4 2616,2289,2158
070 98 07 6.4 1987,1822,1698
070 98 05 6.4 1601,1518,1422
070 98 00 6.4 1314,1192,1061
070 98 00 6.4 915,759,581
070 98 00 6.4 446,557,980
070 98 03 6.4 1606,2139,2472
072 98 07 6.2 2626,2657,2154
072 98 05 6.2 2024,1865,1717
072 98 06 6.2 1603,1510,1421
072 98 00 6.2 1326,1229,1132
072 98 00 6.2 1034,932,822
072 98 00 6.2 700,605,713
072 98 01 6.2 1104,1701,2248
072 98 06 6.2 2620,2816,2897
072 98 05 6.5 2883,2185,2042
072 98 04 6.5 1886,1758,1656
072 98 03 6.5 1569,1478,1372
072 98 01 6.5 1251,1112,958
072 98 00 6.5 795,629,470
072 98 01 6.5 312,164,188
072 98 01 6.5 550,1209,1904
072 98 03 6.5 2399,2690,2833
072 98 05 7.8 2876,2690,2564
072 98 05 7.8 2400,2238,2101
072 98 03 7.8 1978,1862,1747
072 98 00 7.8 1628,1493,1345
072 98 00 7.8 1189,1033,869
072 98 01 7.8 695,508,329
072 98 00 7.8 162,7,0
072 98 00 7.8 81,586,1296
072 98 04 7.8 1916,2303,2499
071 98 03 7.5 2568,2549,2540

