177628!20191006_173917!1!0
2.38!2.46!2.44!2.44!2.38!2.46!
97!67!82!0!274
413.4 2.29 36 40

082 97 01 3.8 183,367,671
082 97 04 3.8 989,1217,1338
082 97 06 4.4 1369,1184,1119
082 97 04 4.4 1059,1017,980
082 97 06 4.4 934,876,802
082 97 00 4.4 722,634,551
082 97 01 4.4 468,396,325
082 97 00 4.4 253,176,158
082 97 00 4.4 279,541,847
082 97 05 4.4 1076,1197,1226
082 97 07 3.9 1042,978,910
082 97 06 3.9 857,820,776
082 97 02 3.9 717,638,552
082 97 00 3.9 461,368,280
082 97 00 3.9 194,107,17
082 97 00 3.9 0,0,0
082 97 00 3.9 0,154,462
082 97 08 3.9 688,807,832
081 97 07 3.7 1009,946,890
081 97 08 3.7 844,805,758
081 97 01 3.7 703,626,540
081 97 00 3.7 442,344,242
081 97 00 3.7 146,58,0
081 97 00 3.7 0,0,0
081 97 00 3.7 0,281,561
081 97 07 3.5 732,799,791
081 97 05 3.5 943,885,839
081 97 06 3.5 798,760,713
081 97 01 3.5 648,567,474
081 97 00 3.5 377,281,185
081 97 00 3.5 94,5,0
081 97 00 3.5 0,0,115
081 97 02 3.5 437,748,946
081 98 05 4.3 1045,1064,1178
081 98 06 4.3 1126,1081,1047
081 98 07 4.3 1010,958,895
081 98 01 4.3 818,735,646
081 98 00 4.3 557,475,396
081 98 00 4.3 319,237,171
081 98 00 4.3 202,399,704
081 98 06 4.3 1009,1210,1312
080 98 04 4.1 1334,1133,1084
080 98 06 4.1 1035,1004,966
080 98 06 4.1 922,859,786
080 98 00 4.1 702,613,522
080 98 00 4.1 429,330,217
080 98 00 4.1 102,0,0
080 98 00 4.1 0,40,284
080 98 05 4.1 497,624,655
080 98 07 2.8 749,670,591
080 98 01 2.8 534,496,467
080 98 00 2.8 436,396,334
080 98 00 2.8 264,198,149
080 98 01 2.8 113,86,73
080 98 00 2.8 69,59,65
080 98 00 2.8 160,363,608
080 98 05 2.9 794,873,861
080 98 06 2.9 726,629,559
080 98 06 2.9 524,503,484
080 98 01 2.9 467,449,425
080 98 00 2.9 395,387,394
080 98 00 2.9 392,323,224
080 98 00 2.9 134,150,298
080 98 03 2.9 544,807,1009
079 98 06 3.7 1126,1159,993
079 98 05 3.7 934,890,860
079 98 08 3.7 832,807,795
079 98 07 3.7 784,759,745
079 98 04 3.7 756,785,786
079 98 03 3.7 729,642,634
079 98 03 3.7 777,1059,1387
079 98 05 3.7 1655,1808,1851
079 98 06 4.5 1202,1163,1124
079 98 06 4.5 1084,1052,1051
079 98 08 4.5 1086,1085,1028
079 98 04 4.5 920,810,718
079 98 00 4.5 672,660,700
079 98 02 4.5 851,1138,1512
079 98 06 4.5 1864,2122,2260
079 98 07 6.0 2280,1539,1372
079 98 05 6.0 1143,890,646
079 98 00 6.0 420,243,112
079 98 00 6.0 39,0,0
079 98 00 6.0 0,0,0
079 98 00 6.0 0,0,0
079 98 00 6.0 0,0,109
079 98 08 3.4 176,158,845
079 98 03 3.4 731,629,550
079 98 00 3.4 484,411,328
079 98 00 3.4 232,136,44
079 98 00 3.4 0,0,0
079 98 00 3.4 0,0,0
079 98 01 3.4 64,305,458
079 98 05 3.2 522,514,809
079 98 06 3.2 711,602,507
079 98 00 3.2 431,360,286
079 98 00 3.2 196,100,0
079 98 00 3.2 0,0,0
079 98 00 3.2 0,0,0
079 98 01 3.2 0,147,374
079 98 07 3.7 507,570,562
079 98 05 3.7 979,886,788
079 98 02 3.7 705,644,588
079 98 00 3.7 531,464,395
079 98 00 3.7 326,255,174
079 98 00 3.7 88,5,0
079 98 00 3.7 99,332,601
079 98 08 3.7 811,945,1010
079 98 03 3.6 1013,979,894
079 98 06 3.6 803,729,662
079 98 00 3.6 593,514,428
079 98 00 3.6 334,229,122
079 98 00 3.6 20,0,0
079 98 01 3.6 0,0,0
079 98 00 3.6 40,284,462
079 98 06 3.1 563,598,868
079 98 07 3.1 807,726,639
079 98 01 3.1 569,509,452
079 98 00 3.1 385,307,222
079 98 00 3.1 138,51,0
079 98 00 3.1 0,0,0
079 98 00 3.1 0,0,0
079 98 02 3.1 51,265,402
079 98 04 2.8 466,481,779
079 98 07 2.8 721,647,589
079 98 01 2.8 541,501,453
079 98 00 2.8 395,336,273
079 98 00 2.8 206,141,71
079 98 00 2.8 6,0,0
079 98 00 2.8 0,0,0
079 98 02 2.8 124,348,491
079 98 07 2.6 557,560,728
079 98 06 2.6 668,604,549
079 98 02 2.6 510,474,434
079 98 00 2.6 384,328,264
079 98 00 2.6 197,127,62
079 98 00 2.6 0,0,0
079 98 00 2.6 0,0,0
079 98 02 2.6 182,433,610
078 98 07 3.3 715,765,774
078 98 06 3.3 929,879,834
078 98 07 3.3 802,774,742
078 98 03 3.3 698,652,597
078 98 00 3.3 538,471,409
078 98 00 3.3 357,307,257
078 98 01 3.3 201,161,210
078 98 01 3.3 389,660,916
078 98 04 3.3 1103,1224,1292
078 98 04 3.9 1307,1118,1068
078 98 06 3.9 1026,999,976
078 98 07 3.9 945,898,836
078 98 01 3.9 772,702,638
078 98 00 3.9 573,514,452
078 98 01 3.9 396,343,296
078 98 00 3.9 317,468,733
078 98 06 3.9 1019,1240,1382
078 98 06 4.0 1454,1465,1142
078 98 07 4.0 1091,1047,1016
078 98 08 4.0 988,950,896
078 98 02 4.0 833,763,697
078 98 00 4.0 626,556,487
078 98 01 4.0 428,373,318
078 98 00 4.0 262,204,207
078 98 00 4.0 339,607,919
078 98 06 4.0 1165,1320,1393
077 98 05 4.2 1403,1169,1110
077 98 06 4.2 1063,1033,1004
077 98 07 4.2 972,928,875
077 98 01 4.2 808,736,666
077 98 00 4.2 598,534,477
077 98 01 4.2 419,363,302
077 98 00 4.2 260,307,496
077 98 04 4.2 795,1083,1281
077 98 05 4.0 1381,1407,1119
077 98 07 4.0 1058,996,949
077 98 07 4.0 917,883,837
077 98 02 4.0 780,709,630
077 98 00 4.0 548,469,399
077 98 00 4.0 332,271,212
077 98 00 4.0 156,102,126
077 98 00 4.0 296,613,961
077 98 07 4.0 1240,1419,1516
077 98 07 5.1 1536,1411,1347
077 98 06 5.1 1289,1241,1204
077 98 07 5.1 1159,1101,1033
077 98 01 5.1 955,873,789
077 98 00 5.1 709,630,565
077 98 00 5.1 497,438,368
077 98 00 5.1 315,329,499
077 98 02 5.1 811,1164,1446
076 98 08 5.0 1617,1707,1716
076 98 05 5.0 1363,1287,1218
076 98 07 5.0 1167,1125,1075
076 98 04 5.0 1010,931,847
076 98 00 5.0 763,676,592
076 98 00 5.0 512,438,368
076 98 00 5.0 302,238,167
076 98 00 5.0 100,93,234
076 98 03 5.0 524,874,1154
076 98 07 4.7 1323,1400,1402
076 98 06 4.7 1266,1187,1115
076 98 07 4.7 1060,1017,971
076 98 03 4.7 910,835,749
076 98 00 4.7 665,582,506
076 98 00 4.7 431,366,304
076 98 00 4.7 250,190,126
076 98 00 4.7 54,27,134
076 98 03 4.7 388,711,967
076 98 05 4.1 1121,1177,1163
076 98 06 4.1 1071,984,912
076 98 06 4.1 864,827,779
076 98 01 4.1 720,647,568
076 98 00 4.1 482,397,314
076 98 00 4.1 236,165,98
076 98 00 4.1 37,0,0
076 98 00 4.1 0,0,0
076 98 03 4.1 277,646,958
076 98 05 4.1 1164,1277,1310
074 98 06 5.2 1440,1365,1289
074 98 05 5.2 1230,1187,1139
074 98 04 5.2 1080,1005,923
074 98 00 5.2 836,753,669
074 98 00 5.2 590,510,436
074 98 00 5.2 368,304,240
074 98 00 5.2 171,108,115
074 98 00 5.2 277,596,959
074 98 06 5.2 1245,1419,1500
074 98 07 5.0 1509,1364,1286
074 98 06 5.0 1212,1155,1107
074 98 05 5.0 1050,985,909
074 98 00 5.0 826,738,646
074 98 01 5.0 563,485,417
074 98 00 5.0 341,271,199
074 98 00 5.0 133,61,0
074 98 00 5.0 0,0,193
074 98 02 5.0 535,877,1123
074 98 07 4.8 1253,1301,1343
074 98 07 4.8 1280,1202,1139
074 98 07 4.8 1094,1054,1008
074 98 02 4.8 947,879,797
074 98 00 4.8 717,634,561
074 98 00 4.8 492,430,367
074 98 00 4.8 307,251,192
074 98 00 4.8 125,80,141
074 98 01 4.8 365,680,973
072 98 05 4.1 1152,1236,1239
072 98 06 4.1 1105,1027,958
072 98 07 4.1 910,875,834
072 98 02 4.1 785,724,652
072 98 00 4.1 573,494,420
072 98 01 4.1 350,287,235
072 98 00 4.1 191,142,83
072 98 00 4.1 16,0,121
072 98 03 4.1 405,768,1076
072 98 05 4.1 1282,1393,1432
072 98 06 5.1 1412,1345,1276
072 98 06 5.1 1224,1187,1148
072 98 05 5.1 1098,1035,956
072 98 00 5.1 871,786,705
072 98 01 5.1 633,569,516
072 98 00 5.1 465,403,334
072 98 00 5.1 313,432,703
072 98 06 5.1 1038,1318,1485
072 98 07 4.5 1562,1568,1215
072 98 04 4.5 1136,1055,1001
072 98 04 4.5 963,925,874
072 98 01 4.5 809,736,656
072 98 00 4.5 576,496,423
072 98 01 4.5 353,294,235
072 98 00 4.5 169,118,167
072 98 01 4.5 376,697,1003
072 98 04 4.5 1204,1302,1319
071 98 04 4.3 1165,1095,1028
071 98 05 4.3 986,956,922
071 98 03 4.3 874,812,738
071 98 00 4.3 658,582,508
071 98 01 4.3 441,380,319
071 98 01 4.3 256,197,213
071 98 00 4.3 374,671,999
071 98 04 4.3 1246,1378,1428
071 98 03 4.5 1216,1157,1073
071 98 05 4.5 1002,954,914
071 98 03 4.5 869,809,734
071 98 00 4.5 646,551,458
071 98 01 4.5 377,307,245
071 98 00 4.5 186,126,102
071 98 00 4.5 202,462,825
071 98 03 4.5 1152,1375,1491
071 98 05 5.2 1532,1409,1344
071 98 03 5.2 1259,1186,1129
071 98 04 5.2 1080,1021,951
071 98 01 5.2 870,787,701
071 98 01 5.2 619,538,465
071 98 00 5.2 399,333,269
071 98 00 5.2 203,198,331
071 98 03 5.2 622,974,1260
071 98 05 4.9 1433,1511,1519
071 98 05 4.9 1288,1210,1128
071 98 06 4.9 1060,1009,956
071 98 02 4.9 896,820,738
071 98 00 4.9 651,569,487
071 98 00 4.9 412,335,265
071 98 00 4.9 198,132,60
071 98 00 4.9 0,0,69
071 98 02 4.9 332,673,956
071 98 06 4.6 1130,1203,1201
071 98 05 4.6 1187,1106,1034
071 98 05 4.6 982,946,903
071 98 02 4.6 844,771,687
071 98 00 4.6 602,513,428
071 98 01 4.6 349,274,201
071 98 00 4.6 133,63,0
071 98 00 4.6 0,0,168
071 98 03 4.6 480,789,1002
071 98 03 4.4 1104,1129,1156
071 98 04 4.4 1081,998,935
071 98 04 4.4 895,853,798
071 98 01 4.4 727,649,559
071 98 00 4.4 472,382,300
071 98 00 4.4 220,148,87
071 98 00 4.4 27,0,0
071 98 00 4.4 0,0,272
071 98 04 4.4 629,937,1140
069 98 05 5.0 1244,1264,1342
069 98 06 5.0 1267,1190,1132
069 98 07 5.0 1088,1041,982
069 98 01 5.0 915,838,755
069 98 00 5.0 666,582,501
069 98 00 5.0 425,353,284
069 98 00 5.0 218,153,90
069 98 00 5.0 49,112,329
069 98 04 5.0 662,981,1198
069 98 07 4.7 1306,1333,1247
069 98 07 4.7 1178,1101,1040
069 98 08 4.7 991,944,887
069 98 00 4.7 820,741,656
069 98 00 4.7 566,478,396
069 98 00 4.7 314,234,160
069 98 00 4.7 90,23,0
069 98 00 4.7 0,0,0
069 98 00 4.7 56,361,656
069 98 04 4.7 857,957,979
069 98 03 4.2 1124,1054,981
069 98 07 4.2 930,892,854
069 98 02 4.2 801,740,662
069 98 00 4.2 581,498,422
069 98 00 4.2 349,276,214
069 98 00 4.2 155,100,38
069 98 00 4.2 0,0,0
069 98 00 4.2 25,263,530
069 98 07 4.2 722,821,841
068 98 06 3.4 913,842,764
068 98 05 3.4 712,672,644
068 98 01 3.4 604,548,478
068 98 00 3.4 397,320,241
068 98 00 3.4 168,94,30
068 98 00 3.4 0,0,0
068 98 00 3.4 0,0,0
068 98 02 3.4 113,446,743
068 98 07 3.4 946,1065,1109
068 97 05 4.8 1099,1287,1228
068 97 06 4.8 1183,1145,1112
068 97 06 4.8 1062,1006,935
068 97 00 4.8 861,785,710
068 97 00 4.8 637,567,506
068 97 00 4.8 451,397,338
068 97 00 4.8 285,307,476
068 97 02 4.8 769,1094,1340
068 97 07 4.7 1493,1566,1578
068 97 04 4.7 1265,1207,1156
068 97 05 4.7 1120,1086,1044
068 97 06 4.7 986,916,838
068 97 00 4.7 758,677,600
068 97 00 4.7 523,456,391
068 97 00 4.7 334,276,218
068 97 00 4.7 167,197,365
068 97 02 4.7 654,957,1179
068 97 07 4.3 1308,1352,1343
068 97 06 4.3 1130,1072,1024
068 97 08 4.3 989,958,915
068 97 03 4.3 859,790,714
068 97 00 4.3 635,558,484
068 97 01 4.3 420,362,308
068 97 00 4.3 257,200,144
068 97 00 4.3 120,206,422
068 97 04 4.3 700,935,1067
068 97 06 3.7 1119,979,917
068 97 04 3.7 845,793,760
068 97 03 3.7 729,687,631
068 97 01 3.7 561,481,404
068 97 00 3.7 327,257,190
068 97 01 3.7 130,76,20
068 97 00 3.7 0,0,0
068 97 01 3.7 136,438,761
068 97 04 3.7 1006,1153,1220
068 97 04 4.8 1222,1263,1204
068 97 04 4.8 1156,1121,1088
068 97 06 4.8 1045,991,920
068 97 00 4.8 845,765,689
068 97 00 4.8 614,542,479
068 97 00 4.8 420,364,301
068 97 00 4.8 246,274,454
068 97 02 4.8 762,1091,1333
068 97 07 4.7 1474,1527,1518
068 97 05 4.7 1224,1151,1089
068 97 07 4.7 1045,1006,961
068 97 04 4.7 902,832,753
068 97 00 4.7 669,589,510
068 97 00 4.7 436,362,294
068 97 00 4.7 231,166,97
068 97 00 4.7 28,18,154
068 97 03 4.7 433,771,1037
068 97 07 4.6 1196,1258,1252
068 97 07 4.6 1190,1114,1048
068 97 07 4.6 1000,964,922
068 97 03 4.6 867,799,717
068 97 00 4.6 640,556,480
068 97 00 4.6 403,333,273
068 97 00 4.6 216,161,104
068 97 00 4.6 41,0,0
068 97 00 4.6 160,455,764
068 97 06 4.6 986,1095,1120
068 97 07 4.2 1114,1046,978
068 97 06 4.2 927,893,858
068 97 03 4.2 811,752,681
068 97 00 4.2 602,520,437
068 97 00 4.2 359,285,217
068 97 00 4.2 154,96,36
068 97 00 4.2 0,0,0
068 97 00 4.2 83,390,732
068 97 05 4.2 996,1149,1211
068 97 06 4.8 1204,1247,1175
068 97 04 4.8 1113,1070,1029
068 97 07 4.8 984,927,857
068 97 00 4.8 780,698,619
068 97 00 4.8 542,469,403
068 97 00 4.8 342,286,227
068 97 00 4.8 164,99,94
068 97 00 4.8 229,521,880
068 97 06 4.8 1175,1358,1440
068 97 06 5.0 1455,1334,1268
068 97 06 5.0 1200,1148,1113
068 97 08 5.0 1074,1024,964
068 97 00 5.0 895,819,743
068 97 00 5.0 666,598,529
068 97 00 5.0 466,407,345
068 97 00 5.0 285,216,154
068 97 00 5.0 173,345,662
068 97 06 5.0 1000,1246,1376
067 97 08 4.7 1420,1404,1199
067 97 05 4.7 1124,1059,1012
067 97 06 4.7 972,924,864
067 97 00 4.7 794,719,644
067 97 00 4.7 567,494,423
067 97 00 4.7 351,285,223
067 97 00 4.7 167,106,41
067 97 00 4.7 0,0,121
067 97 03 4.7 411,745,1000
067 97 05 4.4 1131,1173,1182
067 97 06 4.4 1121,1048,992
067 97 07 4.4 957,928,892
067 97 03 4.4 839,775,701
067 97 00 4.4 621,542,464
067 97 01 4.4 393,327,265
067 97 00 4.4 206,141,77
067 97 00 4.4 16,35,201
067 97 03 4.4 504,826,1054
067 97 06 4.4 1170,1203,1162
067 97 07 4.4 1096,1018,961
067 97 07 4.4 922,889,847
067 97 01 4.4 786,714,634
067 97 00 4.4 556,477,400
067 97 00 4.4 329,265,210
067 97 00 4.4 151,90,29
067 97 00 4.4 29,175,478
067 97 03 4.4 841,1130,1305
067 97 08 5.1 1389,1400,1345
067 97 06 5.1 1272,1207,1155
067 97 07 5.1 1115,1072,1018
067 97 02 5.1 954,879,799
067 97 00 5.1 723,648,580
067 97 01 5.1 515,459,402
067 97 00 5.1 343,279,268
067 97 00 5.1 394,674,1012
067 97 04 5.1 1283,1441,1508
067 97 05 4.7 1504,1196,1121
067 97 04 4.7 1052,1001,960
067 97 03 4.7 917,863,796
067 97 00 4.7 719,637,561
067 97 01 4.7 485,416,354
067 97 01 4.7 301,244,180
067 97 00 4.7 114,102,232
067 97 02 4.7 508,835,1080
067 97 03 4.3 1210,1250,1137
067 97 04 4.3 1073,996,931
067 97 04 4.3 891,861,819
067 97 02 4.3 765,701,632
067 97 00 4.3 562,492,431
067 97 01 4.3 377,326,271
067 97 01 4.3 212,149,138
067 97 00 4.3 259,513,809
067 97 04 3.7 1011,1108,1119
067 97 05 3.7 945,871,788
067 97 04 3.7 729,685,646
067 97 02 3.7 596,532,460
067 97 00 3.7 385,313,244
067 97 01 3.7 180,121,65
067 97 01 3.7 10,0,0
067 97 00 3.7 0,219,571
067 97 05 3.7 899,1120,1230
067 97 05 5.1 1266,1328,1262
067 97 05 5.1 1180,1114,1072
067 97 06 5.1 1031,981,917
067 97 00 5.1 845,766,686
067 97 00 5.1 605,529,463
067 97 00 5.1 405,349,289
067 97 00 5.1 230,239,397
067 97 04 5.1 707,1056,1322
067 97 07 5.0 1473,1532,1525
067 97 06 5.0 1248,1167,1089
067 97 06 5.0 1035,988,941
067 97 02 5.0 876,801,719
067 97 00 5.0 637,557,477
067 97 00 5.0 399,331,265
067 97 00 5.0 205,137,72
067 97 00 5.0 41,139,397
067 97 06 5.0 739,1034,1208
067 97 08 4.7 1285,1287,1198
067 97 06 4.7 1120,1047,991
067 97 06 4.7 952,905,849
067 97 00 4.7 779,707,634
067 97 00 4.7 560,489,420
067 97 00 4.7 360,298,245
067 97 00 4.7 185,124,81
067 97 00 4.7 151,372,682
067 97 05 4.7 953,1110,1163
067 97 05 4.1 1063,997,914
067 97 07 4.1 837,792,757
067 97 03 4.1 724,669,605
067 97 00 4.1 534,458,385
067 97 00 4.1 308,240,177
067 97 00 4.1 123,69,12
067 97 00 4.1 0,4,193
067 97 05 4.1 517,850,1082
067 97 08 4.8 1197,1232,1241
067 97 07 4.8 1172,1092,1032
067 97 07 4.8 991,951,901
067 97 02 4.8 836,763,682
067 97 00 4.8 605,525,447
067 97 00 4.8 379,316,261
067 97 00 4.8 204,144,113
067 97 00 4.8 200,455,811
067 97 06 4.8 1130,1332,1427
068 97 07 5.1 1447,1297,1229
068 97 06 5.1 1148,1091,1047
068 97 07 5.1 1005,952,886
068 97 00 5.1 813,732,654
068 97 00 5.1 573,496,426
068 97 00 5.1 370,315,255
068 97 00 5.1 188,144,213
068 97 02 5.1 440,777,1079
068 97 06 4.6 1269,1347,1354
068 97 06 4.6 1158,1078,994
068 97 07 4.6 935,893,856
068 97 02 4.6 802,737,655
068 97 00 4.6 574,492,415
068 97 00 4.6 341,270,213
068 97 00 4.6 156,100,32
068 97 00 4.6 0,0,170
068 97 04 4.6 476,797,1005
068 97 05 4.4 1097,1105,1094
068 97 05 4.4 1019,943,890
068 97 05 4.4 856,826,785
068 97 01 4.4 726,653,578
068 97 00 4.4 499,425,352
068 97 00 4.4 289,227,168
068 97 00 4.4 109,43,2
068 97 00 4.4 81,313,630
068 97 05 4.4 890,1035,1077
068 97 07 4.1 1054,987,903
068 97 06 4.1 827,775,736
068 97 02 4.1 692,638,576
068 97 00 4.1 509,434,358
068 97 00 4.1 284,221,162
068 97 00 4.1 111,50,0
068 97 00 4.1 0,0,216
068 97 06 4.1 572,910,1135
068 97 04 5.1 1244,1275,1322
068 97 05 5.1 1260,1178,1109
068 97 06 5.1 1058,1017,967
068 97 02 5.1 915,848,769
068 97 00 5.1 685,604,532
068 97 00 5.1 461,401,342
068 97 00 5.1 281,214,169
068 97 00 5.1 238,477,841
068 97 03 5.1 1177,1390,1481
068 97 06 5.1 1493,1282,1207
068 97 05 5.1 1125,1059,1011
068 97 07 5.1 966,913,847
068 97 00 5.1 777,696,611
068 97 00 5.1 522,442,366

