176927!20191009_135955!1!3
2.8!2.98!3.03!3.08!2.92!2.98!
89!55!70!110!110
490.8 2.84 47 137

055 92 02 1.2 0,0,0
055 92 00 1.2 0,0,0
055 92 00 1.2 0,0,0
055 92 00 1.2 0,0,0
055 92 00 1.2 0,0,0
055 92 00 1.2 0,0,0
055 92 00 1.2 0,0,0
055 92 03 1.2 0,0,0
055 92 05 1.2 0,0,0
055 92 04 1.2 0,0,0
055 92 04 1.2 0,0,0
055 92 04 1.2 0,0,0
055 92 07 1.2 0,0,0
055 92 04 1.2 0,0,0
055 92 04 1.2 0,0,0
055 92 06 1.2 0,0,0
055 92 01 1.2 0,0,0
055 92 00 1.2 0,0,0
055 92 03 1.7 0,599,579
055 92 02 1.7 575,562,542
055 92 01 1.7 547,584,628
055 92 04 1.7 668,722,819
055 92 06 1.7 924,1011,1058
055 92 04 1.7 1092,1124,1169
055 92 04 1.7 1212,1254,1284
058 91 04 2.1 1303,1298,736
058 91 05 2.1 700,664,633
058 91 03 2.1 602,578,559
058 91 02 2.1 548,542,531
058 91 01 2.1 522,506,481
058 91 01 2.1 449,408,383
058 91 00 2.1 352,326,297
058 91 00 2.1 285,289,305
058 91 01 2.1 351,416,486
058 91 03 2.1 535,569,592
058 91 04 0.9 607,604,302
058 91 05 0.9 277,255,245
058 91 02 0.9 229,214,190
058 91 01 0.9 174,159,146
058 91 00 0.9 131,114,105
058 91 00 0.9 94,94,96
058 91 00 0.9 100,93,88
058 91 01 0.9 81,81,79
058 91 01 0.9 91,126,176
058 91 04 0.5 224,252,252
058 91 05 0.5 160,137,118
058 91 03 0.5 97,89,83
058 91 02 0.5 80,78,86
058 91 02 0.5 92,89,81
058 91 02 0.5 81,89,92
058 91 02 0.5 93,86,84
058 91 02 0.5 81,86,86
058 91 02 0.5 87,91,124
058 91 04 0.5 172,223,251
059 91 06 0.6 265,272,191
059 91 05 0.6 172,148,124
059 91 02 0.6 108,95,82
059 91 01 0.6 62,36,5
059 91 00 0.6 0,0,0
059 91 00 0.6 0,0,0
059 91 00 0.6 0,0,0
059 91 00 0.6 0,0,0
059 91 00 0.6 0,0,0
059 91 05 0.7 0,0,0
059 91 04 0.7 251,238,220
059 91 02 0.7 198,185,177
059 91 02 0.7 169,159,144
059 91 01 0.7 128,115,103
059 91 01 0.7 88,76,67
059 91 01 0.7 70,61,43
059 91 01 0.7 18,0,0
059 91 00 0.7 0,0,0
059 91 01 0.7 0,4,10
059 91 02 0.7 0,0,0
059 91 00 0.7 0,0,0
059 91 00 0.7 0,0,0
059 91 00 0.7 0,0,0
059 91 00 0.7 0,0,0
059 91 00 0.7 0,0,0
059 91 00 0.7 0,0,0
059 91 00 0.7 0,0,0
059 91 02 0.7 0,0,0
059 91 03 0.4 0,124,104
059 91 02 0.4 76,51,27
059 91 01 0.4 10,0,0
059 91 01 0.4 0,0,0
059 91 00 0.4 0,0,0
059 91 00 0.4 0,0,0
059 91 00 0.4 0,0,0
059 91 00 0.4 0,0,0
059 91 02 0.4 0,0,0
059 91 03 0.4 0,0,0
059 91 05 0.9 303,286,274
059 91 04 0.9 252,208,166
059 91 00 0.9 150,184,207
059 91 02 0.9 194,139,64
059 91 00 0.9 0,0,0
059 91 01 0.9 0,0,0
059 91 01 0.9 0,0,0
059 91 00 0.9 0,0,0
059 91 04 0.9 0,1,24
059 91 06 1.0 40,40,356
059 91 04 1.0 352,352,355
059 91 04 1.0 352,341,322
059 91 02 1.0 298,269,242
059 91 00 1.0 213,187,164
059 91 00 1.0 146,134,121
059 91 00 1.0 116,125,168
059 91 02 1.0 236,296,343
059 91 06 0.7 359,376,373
059 91 07 0.7 247,226,204
059 91 04 0.7 189,174,169
059 91 01 0.7 159,147,121
059 91 00 0.7 92,67,45
059 91 00 0.7 31,9,0
059 91 00 0.7 0,0,0
059 91 00 0.7 0,0,0
059 91 01 0.7 33,98,141
063 91 08 0.7 160,162,234
063 91 05 0.7 212,189,171
063 91 02 0.7 157,151,139
063 91 01 0.7 126,102,81
063 91 00 0.7 53,30,4
063 91 00 0.7 0,0,0
063 91 00 0.7 0,0,0
063 91 00 0.7 0,0,0
063 91 03 0.7 71,124,154
063 91 06 0.8 169,175,271
063 91 07 0.8 253,233,215
063 91 04 0.8 208,199,191
063 91 02 0.8 178,155,130
063 91 00 0.8 103,78,55
063 91 00 0.8 35,22,8
063 91 00 0.8 0,0,0
063 91 00 0.8 0,0,0
063 91 02 0.8 69,144,199
063 91 08 0.8 229,247,251
063 90 08 0.8 301,287,262
063 90 06 0.8 248,232,229
063 90 02 0.8 212,193,173
063 90 00 0.8 150,132,110
063 90 00 0.8 89,66,46
063 90 00 0.8 29,12,0
063 90 00 0.8 0,0,0
063 90 00 0.8 0,0,42
063 90 04 0.8 123,179,205
063 90 08 0.8 218,223,281
063 90 07 0.8 254,221,201
063 90 02 0.8 192,184,174
063 90 00 0.8 157,137,110
063 90 00 0.8 82,58,37
063 90 00 0.8 15,0,0
063 90 00 0.8 0,0,0
063 90 00 0.8 0,0,0
063 90 00 0.8 0,58,108
063 90 07 0.5 126,131,182
063 90 04 0.5 156,124,105
063 90 01 0.5 91,94,94
063 90 01 0.5 90,75,57
063 90 00 0.5 39,24,10
063 90 00 0.5 0,0,0
063 90 00 0.5 0,0,0
063 90 00 0.5 0,0,0
063 90 03 0.5 84,156,196
063 90 08 0.8 217,228,229
063 90 07 0.8 295,271,252
063 90 05 0.8 250,249,243
063 90 03 0.8 227,209,187
063 90 00 0.8 160,138,124
063 90 00 0.8 111,99,84
063 90 00 0.8 69,57,48
063 90 00 0.8 61,109,183
063 90 06 0.8 240,273,286
063 90 08 0.8 309,332,355
063 90 08 0.8 375,393,420
063 90 08 0.8 464,524,608
063 89 03 1.9 691,747,751
063 89 06 1.9 686,666,656
063 89 07 1.9 653,657,675
063 89 06 1.9 687,701,707
063 89 06 1.9 725,774,851
063 89 08 0.9 928,962,956
063 89 08 0.9 266,217,149
063 89 02 0.9 69,0,0
063 89 00 0.9 0,0,0
063 89 01 0.9 0,0,0
063 89 00 0.9 0,0,0
063 89 00 0.9 0,0,0
063 89 01 0.9 0,0,0
063 89 00 0.9 0,0,0
063 89 00 0.9 0,0,0
063 89 00 0.9 0,0,0
063 89 00 0.9 0,0,0
063 89 00 0.9 0,0,0
063 89 00 0.9 0,0,0
063 89 00 0.9 0,0,0
063 89 00 0.9 0,0,0
063 89 00 0.9 0,0,0
063 89 00 0.9 0,0,0
063 89 08 0.7 0,0,0
063 89 08 0.7 261,240,216
063 89 03 0.7 194,183,176
063 89 01 0.7 170,153,135
063 89 00 0.7 114,90,67
063 89 00 0.7 41,26,3
063 89 00 0.7 0,0,0
063 89 00 0.7 0,0,12
063 89 03 0.7 91,155,186
065 89 08 0.7 197,257,251
065 89 07 0.7 236,212,190
065 89 02 0.7 176,166,157
065 89 00 0.7 142,124,102
065 89 00 0.7 76,50,31
065 89 00 0.7 9,0,0
065 89 00 0.7 0,0,0
065 89 00 0.7 0,0,35
065 89 05 0.7 108,151,167
065 89 08 0.7 170,243,224
065 89 05 0.7 201,182,167
065 89 01 0.7 156,149,141
065 89 00 0.7 129,108,90
065 89 00 0.7 65,48,30
065 89 00 0.7 17,4,0
065 89 00 0.7 0,0,0
065 89 00 0.7 16,97,170
065 89 08 0.7 224,243,252
065 89 08 0.8 282,268,247
065 89 06 0.8 228,217,210
065 89 03 0.8 202,189,172
065 89 00 0.8 153,136,114
065 89 00 0.8 95,78,64
065 89 00 0.8 50,33,18
065 89 00 0.8 4,16,62
065 89 03 0.8 140,204,250
064 89 08 0.7 271,282,282
064 89 08 0.7 266,244,220
064 89 04 0.7 207,200,191
064 89 01 0.7 177,162,146
064 89 00 0.7 126,107,87
064 89 00 0.7 71,57,43
064 89 00 0.7 28,9,0
064 89 00 0.7 3,43,113
064 89 06 0.7 190,241,267
064 89 08 0.7 276,276,268
064 89 08 0.7 250,228,213
064 89 03 0.7 202,195,187
064 89 01 0.7 172,151,129
064 89 00 0.7 107,88,69
064 89 00 0.7 55,38,18
064 89 00 0.7 4,0,0
064 89 00 0.7 21,85,155
064 89 07 0.7 207,236,252
064 89 08 0.7 253,251,226
064 89 05 0.7 200,188,182
064 89 02 0.7 181,173,161
064 89 00 0.7 138,115,94
064 89 00 0.7 75,57,41
064 89 00 0.7 32,22,2
064 89 00 0.7 0,0,0
064 89 00 0.7 37,109,169
063 89 08 0.6 196,199,225
063 89 05 0.6 213,193,180
063 89 02 0.6 174,174,164
063 89 02 0.6 149,134,117
063 89 01 0.6 102,80,63
063 89 00 0.6 42,28,14
063 89 00 0.6 0,0,0
063 89 00 0.6 0,0,48
063 89 03 0.6 122,178,209
063 89 06 0.7 215,216,236
063 89 03 0.7 222,197,184
063 89 02 0.7 177,174,165
063 89 02 0.7 150,133,116
063 89 01 0.7 95,77,60
063 89 01 0.7 47,33,21
063 89 01 0.7 6,0,1
063 89 01 0.7 43,110,182
063 89 04 0.7 231,254,264
063 89 04 0.7 266,259,243
063 89 04 0.7 225,217,211
063 89 03 0.7 201,189,174
063 89 02 0.7 156,136,116
063 89 00 0.7 99,77,60
063 89 00 0.7 43,33,21
063 89 00 0.7 19,45,113
063 89 04 0.7 191,252,280
064 90 07 0.7 294,297,275
064 90 07 0.7 255,233,210
064 90 03 0.7 203,195,187
064 90 01 0.7 169,147,123
064 90 00 0.7 104,84,64
064 90 00 0.7 43,27,14
064 90 00 0.7 0,2,40
064 90 01 0.7 107,182,236
064 90 08 0.7 260,267,269
064 90 08 0.7 266,245,218
064 90 04 0.7 199,188,182
064 90 02 0.7 173,156,133
064 90 00 0.7 109,92,72
064 90 00 0.7 54,34,15
064 90 00 0.7 0,0,1
064 90 00 0.7 47,124,190
064 90 08 0.7 233,251,258
064 90 08 0.7 257,253,229
064 90 05 0.7 206,193,182
064 90 01 0.7 167,152,137
064 90 00 0.7 120,92,66
064 90 00 0.7 44,32,15
064 90 00 0.7 0,0,0
064 90 00 0.7 0,15,78
064 90 05 0.7 149,193,221
065 90 08 0.7 230,264,244
065 90 06 0.7 218,195,185
065 90 02 0.7 175,169,152
065 90 00 0.7 137,109,86
065 90 00 0.7 57,32,16
065 90 00 0.7 2,0,0
065 90 00 0.7 0,0,0
065 90 00 0.7 0,39,112
065 90 07 0.6 159,169,222
065 90 06 0.6 211,199,177
065 90 03 0.6 162,154,149
065 90 02 0.6 143,125,105
065 90 01 0.6 80,60,39
065 90 00 0.6 25,6,0
065 90 00 0.6 0,0,0
065 90 00 0.6 0,0,0
065 90 01 0.6 9,71,119
065 90 05 0.5 138,137,190
065 90 03 0.5 164,140,123
065 90 02 0.5 118,115,112
065 90 02 0.5 103,92,70
065 90 01 0.5 48,25,10
065 90 01 0.5 0,0,0
065 90 01 0.5 0,0,0
065 90 01 0.5 0,0,37
065 90 03 0.5 101,144,156
065 90 04 0.6 163,230,212
065 90 03 0.6 187,170,162
065 90 02 0.6 159,149,139
065 90 02 0.6 122,107,86
065 90 01 0.6 66,49,32
065 90 01 0.6 19,2,0
065 90 00 0.6 0,0,10
065 90 02 0.6 77,150,193
065 90 04 0.7 210,213,241
065 90 03 0.7 223,201,183
065 90 02 0.7 175,164,158
065 90 02 0.7 144,130,111
065 90 01 0.7 89,69,49
065 90 01 0.7 34,22,3
065 90 00 0.7 0,0,0
065 90 01 0.7 0,36,97
065 90 03 0.7 153,173,181
065 90 04 0.6 208,193,170
065 90 02 0.6 146,137,131
065 90 02 0.6 129,120,109
065 90 02 0.6 94,76,54
065 90 01 0.6 36,25,17
065 90 01 0.6 7,0,0
065 90 01 0.6 0,0,36
065 90 02 0.6 97,147,173
067 90 04 0.5 175,195,173
067 90 03 0.5 154,129,118
067 90 02 0.5 112,111,103
067 90 02 0.5 90,73,55
067 90 01 0.5 37,20,3
067 90 01 0.5 0,0,0
067 90 01 0.5 0,0,0
067 90 01 0.5 0,50,115
067 90 04 0.5 162,179,186
067 90 04 0.6 184,231,225
067 90 03 0.6 223,231,229
067 90 03 0.6 225,218,211
067 90 02 0.6 196,176,160
067 90 02 0.6 151,143,131
067 90 01 0.6 118,112,109
067 90 01 0.6 121,161,230
067 90 03 0.6 297,336,353
067 90 04 0.7 359,365,255
067 90 05 0.7 244,235,229
067 90 04 0.7 226,221,209
067 90 03 0.7 200,186,175
067 90 02 0.7 161,148,134
067 90 01 0.7 122,109,92
067 90 00 0.7 81,80,112
067 90 02 0.7 161,209,234
067 90 05 0.4 238,154,140
067 90 03 0.4 123,98,80
067 90 01 0.4 64,56,44
067 90 00 0.4 25,2,0
067 90 00 0.4 0,0,0
067 90 00 0.4 0,0,0
067 90 00 0.4 0,0,0
067 90 00 0.4 0,0,0
067 90 04 0.4 38,53,61
070 90 04 0.6 221,208,182
070 90 02 0.6 160,144,139
070 90 02 0.6 132,115,93
070 90 01 0.6 72,52,33
070 90 01 0.6 15,0,0
070 90 00 0.6 0,0,0
070 90 00 0.6 0,0,5
070 90 02 0.6 71,111,127
070 90 03 0.5 125,189,171
070 90 02 0.5 147,129,119
070 90 02 0.5 113,109,99
070 90 01 0.5 83,66,46
070 90 01 0.5 28,6,0
070 90 00 0.5 0,0,0
070 90 00 0.5 0,0,0
070 90 01 0.5 0,0,57
070 90 03 0.5 104,127,130
070 90 04 0.5 195,176,159
070 90 02 0.5 143,137,134
070 90 02 0.5 135,129,120
070 90 02 0.5 105,89,72
070 90 01 0.5 58,42,25
070 90 01 0.5 4,0,0
070 90 01 0.5 0,0,0
070 90 01 0.5 0,36,105
070 90 03 0.5 162,187,200
069 90 04 0.7 201,243,227
069 90 03 0.7 210,196,185
069 90 02 0.7 179,177,171
069 90 02 0.7 158,134,117
069 90 01 0.7 99,86,72
069 90 01 0.7 61,54,41
069 90 01 0.7 26,15,10
069 90 01 0.7 12,31,79
069 90 02 0.7 141,193,221
069 90 04 0.6 227,213,201
069 90 03 0.6 184,168,154
069 90 02 0.6 147,146,144
069 90 02 0.6 141,130,116
069 90 02 0.6 95,78,52
069 90 01 0.6 35,14,0
069 90 01 0.6 0,0,0
069 90 00 0.6 0,0,0
069 90 01 0.6 0,20,74
069 90 03 0.5 104,106,171
069 90 03 0.5 159,146,130
069 90 02 0.5 110,95,81
069 90 02 0.5 70,56,43
069 90 01 0.5 32,18,6
069 90 01 0.5 0,0,0
069 90 00 0.5 0,0,0
069 90 01 0.5 0,0,0
069 90 00 0.5 0,0,0
069 90 02 0.5 0,45,64
068 90 03 0.5 69,203,188
068 90 03 0.5 167,145,132
068 90 02 0.5 124,117,111
068 90 02 0.5 99,86,67
068 90 01 0.5 45,30,17
068 90 01 0.5 13,4,0
068 90 01 0.5 0,0,0
068 90 01 0.5 0,0,17
068 90 02 0.5 78,131,159
068 91 04 0.5 165,204,190
068 91 03 0.5 174,150,138
068 91 02 0.5 132,132,123
068 91 02 0.5 114,101,89
068 91 01 0.5 68,58,45
068 91 01 0.5 39,27,17
068 91 01 0.5 3,0,0
068 91 01 0.5 0,0,37
068 91 02 0.5 104,154,185
068 91 04 0.6 189,205,187
068 91 03 0.6 167,151,140
068 91 02 0.6 134,134,129
068 91 02 0.6 124,115,107
068 91 02 0.6 93,81,67
068 91 01 0.6 58,50,44
068 91 01 0.6 33,23,16
068 91 01 0.6 16,28,72
068 91 03 0.6 134,191,223
067 91 04 0.6 235,238,220
067 91 04 0.6 209,188,166
067 91 02 0.6 152,146,144
067 91 02 0.6 133,124,116
067 91 02 0.6 107,93,79
067 91 01 0.6 76,79,77
067 91 02 0.6 73,57,48
067 91 01 0.6 40,45,76
067 91 02 0.6 130,198,240
067 91 04 0.6 259,263,225
067 91 04 0.6 218,204,188
067 91 03 0.6 178,175,173
067 91 02 0.6 168,153,136
067 91 02 0.6 112,96,85
067 91 01 0.6 78,70,59
067 91 01 0.6 48,36,20
067 91 01 0.6 10,2,27
067 91 02 0.6 84,157,208
067 91 04 0.6 233,237,232
067 91 04 0.6 220,200,180
067 91 02 0.6 165,159,155
067 91 02 0.6 142,130,110
067 91 01 0.6 94,74,57
067 91 01 0.6 45,28,17
067 91 01 0.6 1,0,0
067 91 01 0.6 0,0,0
067 91 01 0.6 12,72,129
066 91 04 0.5 152,157,184
066 91 03 0.5 174,160,148
066 91 02 0.5 142,139,134
066 91 02 0.5 120,106,90
066 91 01 0.5 70,53,35
066 91 01 0.5 25,13,5
066 91 01 0.5 0,0,0
066 91 01 0.5 0,0,0
066 91 02 0.5 64,125,171
066 91 04 0.6 183,221,208
066 91 03 0.6 195,182,180
066 91 02 0.6 185,190,190
066 91 02 0.6 177,165,146
066 91 02 0.6 130,116,106
066 91 01 0.6 97,92,92
066 91 01 0.6 91,80,66
066 91 01 0.6 64,100,166
066 91 03 0.6 238,293,322
066 91 04 0.7 338,344,277
066 91 05 0.7 265,248,240
066 91 04 0.7 232,226,216
066 91 02 0.7 205,192,175
066 91 01 0.7 155,134,118
066 91 00 0.7 99,83,63
066 91 00 0.7 46,29,15
066 91 00 0.7 17,49,109
066 91 03 0.7 163,195,202
067 91 05 0.5 188,182,163
067 91 03 0.5 135,107,93
067 91 01 0.5 93,92,84
067 91 01 0.5 70,51,34
067 91 00 0.5 13,0,0
067 91 00 0.5 0,0,0
067 91 00 0.5 0,0,0
067 91 00 0.5 0,0,20
067 91 04 0.5 76,106,117
067 91 05 0.5 121,205,186
067 91 03 0.5 165,144,130
067 91 02 0.5 123,117,106
067 91 02 0.5 93,76,59
067 91 01 0.5 37,14,1
067 91 01 0.5 0,0,0
067 91 01 0.5 0,0,0
067 91 01 0.5 0,48,110
067 91 04 0.6 143,157,160
067 91 04 0.6 215,204,187
067 91 03 0.6 171,157,157
067 91 02 0.6 147,133,111
067 91 01 0.6 94,80,58
067 91 01 0.6 39,27,13
067 91 01 0.6 3,0,0
067 91 01 0.6 0,0,19
067 91 02 0.6 83,141,178
066 91 04 0.6 193,201,201
066 91 04 0.6 224,207,185
066 91 02 0.6 175,167,164
066 91 02 0.6 154,139,120
066 91 01 0.6 100,79,64
066 91 01 0.6 50,34,15
066 91 01 0.6 1,0,0
066 91 01 0.6 0,7,65
066 91 03 0.6 125,171,185
066 91 04 0.5 190,198,178
066 91 03 0.5 150,119,100
066 91 02 0.5 84,69,41
066 91 01 0.5 0,0,0
066 91 00 0.5 0,0,0
066 91 01 0.5 0,0,0
066 91 00 0.5 0,0,0
066 91 01 0.5 0,0,0
066 91 00 0.5 0,0,0
066 91 01 0.3 126,123,110
066 91 00 0.3 93,77,68
066 91 00 0.3 65,56,48
066 91 00 0.3 32,9,0
066 91 00 0.3 0,0,0
066 91 00 0.3 0,0,0
066 91 00 0.3 0,0,0
066 91 01 0.3 0,27,77
066 91 06 0.6 109,123,123
066 91 05 0.6 233,217,194
066 91 02 0.6 177,169,166
066 91 02 0.6 156,141,127
066 91 01 0.6 112,96,81
066 91 01 0.6 76,68,62
066 91 01 0.6 49,34,26
066 91 01 0.6 40,94,160
066 91 03 0.6 215,239,258
066 91 04 0.6 267,237,221
066 91 03 0.6 205,193,177
066 91 02 0.6 172,162,156
066 91 02 0.6 135,123,106
066 91 01 0.6 88,68,54
066 91 01 0.6 37,21,8
066 91 01 0.6 0,8,37
066 91 02 0.6 91,144,181
066 91 04 0.6 205,221,221

