176927!20190919_032429!0!0
3.19!2.77!2.72!2.9!2.49!2.57!
81!30!84!1512!70
238.2 2.65 143 112

055 87 03 1.5 454,444,428
055 87 02 1.5 406,386,365
055 87 00 1.5 336,299,259
055 87 00 1.5 228,199,168
055 87 00 1.5 150,154,174
055 87 00 1.5 185,191,201
055 87 00 1.5 201,197,236
055 87 03 1.5 359,535,700
055 87 06 1.5 815,909,985
055 87 08 1.9 1038,1059,902
055 87 06 1.9 896,893,908
055 87 02 1.9 923,936,938
055 87 08 1.9 930,926,919
055 87 06 1.9 911,896,891
055 87 04 1.9 885,879,870
055 87 03 1.9 862,864,868
055 87 03 1.9 877,891,904
055 87 04 1.9 886,829,757
055 87 00 1.9 768,896,1094
055 87 06 1.9 1255,1335,1350
053 88 05 1.3 596,590,580
053 88 06 1.3 561,538,521
053 88 06 1.3 497,453,397
053 88 01 1.3 340,287,227
053 88 00 1.3 172,122,86
053 88 00 1.3 63,41,20
053 88 00 1.3 0,0,0
053 88 00 1.3 0,0,0
053 88 00 1.3 0,0,0
053 88 00 1.3 0,0,0
053 88 00 1.3 0,0,0
053 88 00 1.3 0,0,0
053 88 00 1.3 0,0,0
053 88 00 1.3 0,0,0
053 88 00 1.3 0,0,0
053 88 00 1.3 0,0,0
053 88 00 1.3 0,0,0
053 88 00 1.3 0,0,0
053 88 00 1.3 0,0,0
053 88 00 1.3 0,0,0
053 88 06 1.3 0,0,0
053 88 04 1.3 0,0,0
053 88 05 1.3 0,0,0
053 88 07 1.3 0,0,0
053 88 05 1.3 0,0,0
053 88 05 1.3 0,0,0
053 88 04 1.3 0,0,0
053 88 03 1.3 0,0,0
053 88 01 1.3 0,0,0
053 88 01 1.3 0,0,0
053 88 02 1.3 0,0,0
053 88 02 1.0 0,469,454
053 88 02 1.0 429,410,393
053 88 01 1.0 379,362,344
053 88 01 1.0 331,311,294
053 88 00 1.0 277,259,247
053 88 00 1.0 228,213,177
053 88 00 1.0 136,95,60
053 88 00 1.0 21,0,0
053 88 00 1.0 0,0,0
053 88 00 1.0 0,0,0
053 88 01 1.0 0,83,151
053 88 05 0.9 184,205,209
053 88 04 0.9 430,424,426
053 88 04 0.9 440,440,423
053 88 03 0.9 391,360,338
053 88 02 0.9 321,304,285
053 88 01 0.9 263,250,244
053 88 01 0.9 229,209,184
053 88 00 0.9 157,130,93
053 88 00 0.9 70,52,44
053 88 00 0.9 42,37,31
053 88 00 0.9 19,8,0
053 88 00 0.9 0,0,0
053 88 00 0.9 0,0,0
053 88 00 0.9 0,0,0
053 88 01 0.9 0,0,0
053 88 02 0.9 0,0,0
053 88 02 0.9 0,0,0
053 88 03 0.9 8,14,12
049 88 02 0.2 17,23,23
049 88 03 0.2 107,169,319
049 88 05 0.2 509,670,784
049 88 04 0.2 869,938,980
049 88 06 0.2 1003,1022,1043
049 88 06 0.2 1062,1073,1079
049 90 03 2.1 1083,1079,959
049 90 05 2.1 926,886,835
049 90 02 2.1 785,737,703
049 90 00 2.1 670,631,591
049 90 00 2.1 556,527,496
049 90 00 2.1 477,456,446
049 90 00 2.1 430,427,423
049 90 00 2.1 421,411,396
049 90 00 2.1 373,347,324
049 90 00 2.1 298,275,243
049 90 00 2.1 215,186,161
049 90 00 2.1 130,88,37
049 90 00 2.1 0,0,0
049 90 00 2.1 0,0,0
049 90 00 2.1 0,0,0
049 90 00 2.1 0,0,0
049 90 02 2.1 19,180,345
049 90 04 2.1 473,565,643
049 90 05 1.8 693,712,829
049 90 04 1.8 827,836,854
049 90 06 1.8 863,867,867
049 90 08 1.8 865,869,880
049 90 07 1.8 901,934,970
049 90 08 1.8 1008,1020,1016
049 90 07 1.8 989,970,957
049 90 04 1.8 957,962,972
049 90 04 1.8 986,994,999
049 90 04 1.8 999,1007,1005
049 90 03 1.8 999,986,977
049 90 02 1.8 959,946,923
049 90 00 1.8 901,867,826
049 90 00 1.8 790,753,715
049 90 00 1.8 672,626,587
049 90 00 1.8 546,496,447
049 90 02 1.8 407,382,361
049 90 00 1.8 337,316,297
049 90 00 1.8 270,295,410
049 90 04 1.8 583,732,809
049 90 03 1.8 855,890,909
044 90 07 1.4 633,612,597
044 90 07 1.4 597,595,584
044 90 05 1.4 561,547,526
044 90 02 1.4 514,491,483
044 90 01 1.4 468,455,429
044 90 00 1.4 400,369,346
044 90 00 1.4 327,329,350
044 90 01 1.4 397,449,493
044 90 05 1.4 505,487,447
044 90 02 1.4 416,400,389
044 90 01 1.4 377,369,383
044 90 01 1.4 404,427,443
044 90 03 1.4 461,461,439
044 90 02 1.4 401,338,266
044 90 00 1.4 197,140,102
044 90 00 1.4 50,7,0
044 90 01 1.4 0,0,0
044 90 00 1.4 0,0,0
044 90 00 1.4 0,0,172
044 90 04 1.4 366,485,549
044 90 07 1.7 574,799,786
044 90 02 1.7 764,766,768
044 90 08 1.7 772,757,728
044 90 07 1.7 701,684,663
044 90 02 1.7 632,606,589
044 90 00 1.7 591,595,597
044 90 00 1.7 591,564,533
044 90 00 1.7 498,473,444
044 90 00 1.7 410,368,334
044 90 00 1.7 295,252,202
044 90 00 1.7 159,118,74
044 90 01 1.7 33,0,0
044 90 00 1.7 0,0,0
044 90 00 1.7 0,0,0
044 90 00 1.7 0,0,0
044 90 00 1.7 0,0,0
044 90 00 1.7 0,0,0
044 90 00 1.7 0,0,0
044 90 00 1.7 0,0,0
044 90 00 1.7 0,0,0
044 90 03 1.7 0,0,0
044 90 08 1.1 0,0,465
044 90 02 1.1 360,211,38
044 90 00 1.1 0,0,0
044 90 00 1.1 0,0,0
044 90 00 1.1 0,0,0
044 90 00 1.1 0,0,0
044 90 00 1.1 0,0,0
044 90 00 1.1 0,0,0
044 90 00 1.1 0,0,0
044 90 00 1.1 0,0,0
044 90 00 1.1 0,0,0
044 90 00 1.1 0,0,0
044 90 00 1.1 0,0,0
044 90 00 1.1 0,0,0
044 90 01 1.1 0,0,0
044 90 00 1.1 0,0,0
044 90 08 1.1 0,0,0
044 90 07 1.1 0,0,0
039 90 06 3.3 0,0,1764
039 90 05 3.3 1785,1812,1823
039 90 05 3.3 1831,1810,1808
039 90 06 3.3 1885,2023,2157
039 90 08 3.3 2227,2301,2383
039 90 08 1.4 2465,2488,668
039 90 05 1.4 643,632,641
039 90 08 1.4 628,615,575
039 90 05 1.4 547,503,482
039 90 02 1.4 470,482,492
039 90 02 1.4 490,486,461
039 90 01 1.4 432,391,364
039 90 00 1.4 345,345,351
039 90 00 1.4 353,353,337
039 90 00 1.4 320,298,287
039 90 00 1.4 275,241,225
039 90 00 1.4 260,364,493
039 90 05 1.4 613,697,772
039 90 05 1.3 832,867,861
039 90 05 1.3 609,596,597
039 90 07 1.3 601,584,551
039 90 04 1.3 501,460,420
039 90 00 1.3 377,341,313
039 90 00 1.3 307,300,278
039 90 00 1.3 226,143,43
039 90 00 1.3 0,0,0
039 90 00 1.3 0,0,0
039 90 00 1.3 0,0,0
039 90 00 1.3 0,0,0
039 90 00 1.3 0,0,0
039 90 00 1.3 0,0,0
039 90 00 1.3 0,0,0
030 70 06 2.4 688,630,393
030 70 01 2.4 0,0,0
030 70 00 2.4 0,0,0
030 70 00 2.4 0,0,0
030 70 00 1.2 0,0,302
030 70 00 1.2 77,0,68
030 70 00 1.2 143,190,216
030 70 00 1.2 232,240,246
030 70 02 1.2 237,177,88
030 70 00 1.2 26,31,64
030 70 00 1.2 85,103,139
030 70 00 1.2 191,234,260
030 70 03 1.2 289,317,344
030 70 05 1.0 353,355,363
030 70 05 1.0 366,367,376
030 70 04 1.0 398,410,409
030 70 04 1.0 397,392,390
030 70 03 1.0 382,375,361
030 70 02 1.0 351,334,318
030 70 00 1.0 300,283,264
030 70 00 1.0 235,202,190
030 70 00 1.0 220,282,340
030 70 04 1.0 380,404,420
030 70 06 1.0 429,426,413
030 70 04 1.0 395,385,382
030 70 03 1.0 379,377,370
030 70 02 1.0 363,351,340
030 70 01 1.0 336,328,321
030 70 01 1.0 313,313,313
030 70 00 1.0 290,245,183
030 70 00 1.0 144,127,126
030 70 00 1.0 117,94,79
030 70 00 1.0 61,55,73
030 70 00 1.0 127,197,257
030 70 05 1.0 310,359,396
030 70 08 1.0 392,379,379
030 70 06 1.0 407,426,419
030 70 05 1.0 402,386,383
030 70 03 1.0 379,371,360
030 70 02 1.0 343,328,313
030 70 01 1.0 295,279,270
030 70 00 1.0 258,245,229
030 70 00 1.0 214,202,187
030 70 00 1.0 166,136,100
030 70 00 1.0 90,111,148
030 70 01 0.4 180,193,193
030 70 02 0.4 131,117,102
030 70 01 0.4 95,102,122
078 92 02 0.1 138,40,31
078 92 02 0.1 24,21,18
078 92 01 0.1 1,0,0
078 92 00 0.1 0,0,0
078 92 00 0.1 0,0,0
078 92 00 0.1 0,0,0
078 92 00 0.1 0,0,0
078 92 00 0.1 0,0,0
078 92 02 0.1 0,12,54
078 92 08 0.1 77,92,102
078 92 08 0.9 327,316,316
078 92 08 0.9 329,339,336
078 92 07 0.9 329,324,319
078 92 04 0.9 306,286,270
078 92 01 0.9 271,297,337
078 92 05 0.9 417,528,618
078 92 01 1.0 614,294,299
078 92 07 1.0 384,540,696
084 92 07 1.5 808,824,513
084 92 07 1.5 526,640,802
084 92 05 1.5 969,1104,1223
084 92 08 1.5 1340,1433,1487
084 89 08 2.8 1490,966,952
084 89 07 2.8 908,829,742
084 89 06 2.8 687,679,693
084 89 04 2.8 731,756,764
084 89 05 2.8 769,789,809
084 89 06 2.8 827,861,933
084 89 08 2.8 1004,1064,1093
084 89 08 2.8 1128,1176,1262
084 89 04 2.8 1345,1402,1451
084 89 06 2.8 1534,1653,1781
084 89 04 2.8 1890,1958,1986
084 89 05 3.8 1301,1288,1271
084 89 06 3.8 1264,1235,1180
084 89 08 3.8 1154,1165,1208
084 89 08 3.8 1221,1232,1238
084 89 08 3.8 1243,1242,1256
084 89 08 3.8 1276,1313,1322
084 89 08 3.8 1336,1353,1387
084 89 08 3.8 1414,1441,1463
084 89 08 3.8 1477,1477,1480
084 89 08 3.8 1534,1652,1797
078 89 07 2.2 1878,1877,697
078 89 05 2.2 695,717,741
078 89 08 2.2 789,815,813
078 89 08 2.2 775,730,601
078 89 01 2.2 404,211,59
078 89 00 2.2 0,0,0
078 89 00 2.2 0,0,0
078 89 00 2.2 0,0,0
078 89 00 2.2 0,0,0
078 89 00 2.2 0,0,0
078 89 00 2.2 0,0,0
078 89 00 2.2 0,0,0
078 89 03 2.2 0,0,0
078 89 06 1.9 0,658,631
078 89 03 1.9 596,540,463
078 89 00 1.9 401,369,378
078 89 00 1.9 373,341,272
078 89 00 1.9 186,84,0
078 89 00 1.9 0,0,0
078 89 00 1.9 0,0,0
078 89 00 1.9 0,0,0
078 89 00 1.9 0,0,0
078 89 00 1.9 0,0,0
078 89 00 1.9 0,0,0
078 89 01 1.9 0,0,0
078 89 04 1.9 0,0,0
078 89 02 1.9 0,0,0
078 89 01 1.9 0,0,0
078 89 01 1.9 0,0,0
078 89 00 1.9 0,0,0
078 89 00 1.9 0,0,0
078 89 00 1.9 0,0,0
078 89 00 1.9 0,0,0
078 89 00 1.9 0,0,0
078 89 00 1.9 0,0,0
078 89 02 1.9 0,0,0
078 89 08 1.9 0,0,0
078 89 07 1.9 0,0,0
078 89 07 1.9 0,0,0
078 89 06 1.9 0,0,0
078 89 01 1.9 0,0,0
078 89 02 1.9 0,0,0
078 89 01 1.9 0,0,0
078 89 00 1.9 0,0,0
078 89 01 1.9 0,0,0
078 89 01 1.9 0,0,0
078 89 00 1.9 0,0,0
078 89 01 1.9 0,0,0
078 90 05 1.0 0,0,348
078 90 04 1.0 326,321,321
078 90 03 1.0 327,322,330
078 90 03 1.0 324,320,308
078 90 02 1.0 304,294,283
078 90 01 1.0 273,266,254
078 90 01 1.0 242,220,196
078 90 00 1.0 167,140,140
078 90 00 1.0 171,192,173
078 90 00 1.0 83,0,0
078 90 00 1.0 0,134,312
078 90 06 1.0 457,530,588
074 90 04 2.0 631,655,700
074 90 04 2.0 657,615,589
074 90 04 2.0 582,573,561
074 90 03 2.0 554,549,548
074 90 02 2.0 536,531,516
074 90 02 2.0 513,503,505
074 90 02 2.0 502,498,490
074 90 02 2.0 489,497,506
074 90 02 2.0 521,532,549
074 90 02 2.0 558,629,742
074 90 05 2.0 885,990,1050
074 90 04 2.0 1120,1178,1287
074 90 05 2.0 1394,1542,1706
074 90 04 2.0 1898,2112,2332
074 90 05 2.0 2524,2685,2778
074 90 04 6.5 2788,2229,2141
074 90 05 6.5 2086,2059,2055
074 90 03 6.5 2080,2097,2105
074 90 04 6.5 2094,2096,2115
074 90 05 6.5 2135,2160,2191
074 90 05 6.5 2213,2225,2211
074 90 05 6.5 2207,2213,2243
074 90 04 6.5 2277,2317,2380
074 90 06 6.5 2475,2600,2702
074 90 04 2.3 2784,2813,2806
074 90 04 2.3 688,615,559
074 90 04 2.3 553,583,627
074 90 04 2.3 673,696,702
074 90 04 2.3 691,662,590
074 90 02 2.3 496,376,283
074 90 00 2.3 193,112,0
074 90 00 2.3 0,0,0
074 90 01 2.3 0,0,0
074 90 00 2.3 0,0,0
074 90 01 2.3 0,0,0
074 90 01 2.3 0,0,0
074 90 01 2.3 0,0,0
074 90 01 2.3 0,186,546
069 91 03 5.7 579,1765,1535
069 91 05 5.7 1364,1314,1337
069 91 05 5.7 1362,1400,1455
069 91 05 5.7 1491,1407,1327
069 91 03 5.7 1261,1239,1154
069 91 00 5.7 1042,924,811
069 91 00 5.7 600,270,0
069 91 00 5.7 0,0,0
069 91 00 5.7 0,0,0
069 91 00 5.7 0,0,0
069 91 00 2.0 0,0,696
069 91 01 2.0 664,606,548
069 91 00 2.0 513,474,411
069 91 00 2.0 314,219,132
069 91 00 2.0 62,0,0
069 91 00 2.0 0,0,0
069 91 01 2.0 0,0,0
069 91 01 2.0 0,0,0
069 91 01 2.0 0,0,0
069 91 01 2.0 0,0,0
069 91 00 2.0 0,0,0
069 91 00 2.0 0,0,0
069 91 03 2.0 0,0,0
069 91 04 2.0 0,0,0
069 91 03 2.0 0,0,0
069 91 02 2.0 0,0,0
069 91 01 2.0 0,0,0
069 91 00 2.0 0,0,0
069 91 00 2.0 0,0,0
069 91 01 2.0 0,0,0
069 91 01 2.0 0,0,0
069 91 02 2.0 0,0,0
069 91 01 2.0 0,0,0
069 91 01 2.0 0,0,0
069 91 03 2.0 0,0,0
069 91 05 2.0 0,0,0
069 91 04 2.0 0,0,0
069 91 03 2.0 0,0,0
069 91 03 2.0 0,0,0
069 91 03 2.0 0,0,23
069 91 05 2.0 49,76,99
069 91 05 2.0 118,124,130
069 91 05 1.8 140,149,147
069 91 04 1.8 600,520,417
069 91 00 1.8 324,234,132
069 91 01 1.8 32,0,0
069 91 01 1.8 0,0,17
069 91 00 1.8 23,0,0
069 91 00 1.8 0,0,0
030 70 08 0.9 334,328,318
030 70 05 0.9 290,301,359
030 70 06 0.9 460,535,568
030 70 05 0.9 582,608,656
030 70 02 1.1 684,672,338
030 70 06 1.1 283,230,180
030 70 01 1.1 148,119,93
030 70 00 1.1 61,31,0
030 70 00 1.1 0,0,0
030 70 00 1.1 0,0,0
030 70 00 1.1 0,0,0
030 70 00 1.1 0,0,0
030 70 01 1.1 0,0,0
030 70 01 1.1 0,0,24
030 70 04 1.1 111,175,196
030 70 08 1.1 202,207,208
030 70 06 0.9 314,297,279
030 70 04 0.9 268,258,246
030 70 02 0.9 226,194,162
030 70 00 0.9 138,130,127
030 70 00 0.9 123,118,124
030 70 00 0.9 139,150,147
030 70 01 0.9 133,126,109
030 70 01 0.9 98,95,109
030 70 01 0.9 120,132,133
030 70 02 0.9 129,130,181
030 70 03 0.9 273,365,421
030 70 08 0.9 450,469,485
030 70 08 1.1 498,496,397
030 70 07 1.1 404,424,437
030 70 07 1.1 442,440,437
030 70 05 1.1 431,437,440
030 70 04 1.1 439,421,400
030 70 02 1.1 374,351,335
030 70 01 1.1 331,329,326
030 70 01 1.1 314,290,253
030 70 00 1.1 208,156,107
030 70 00 1.1 59,15,0
030 70 00 1.1 35,116,188
030 70 02 1.1 221,231,234
049 87 03 0.6 231,199,164
049 87 02 0.6 145,139,134
049 87 01 0.6 114,95,70
049 87 01 0.6 37,11,0
049 87 00 0.6 0,0,0
049 87 00 0.6 0,0,0
049 87 00 0.6 0,0,0
049 87 00 0.6 0,0,0
049 87 01 0.6 0,0,0
049 87 01 0.6 0,0,0
049 87 01 0.6 0,0,0
049 87 03 0.6 23,61,75
049 87 04 0.6 79,242,259
049 87 04 0.6 274,284,285
049 87 04 0.6 281,261,233
049 87 02 0.6 215,217,232
049 87 02 0.6 248,260,260
049 87 03 0.6 256,242,232
049 87 02 0.6 220,223,223
049 87 02 0.6 221,212,200
049 87 02 0.6 197,193,200
049 87 02 0.6 211,223,218
049 87 02 0.6 208,202,242
049 87 02 0.6 326,422,499
049 87 06 0.6 540,578,605
049 87 06 1.2 623,418,397
049 87 05 1.2 382,379,370
049 87 04 1.2 349,316,286
049 87 02 1.2 253,220,184
049 87 00 1.2 154,130,111
049 87 00 1.2 88,66,45
049 87 00 1.2 25,0,0
049 87 00 1.2 0,0,0
049 87 00 1.2 0,0,0
049 87 00 1.2 0,0,0
049 87 00 1.2 0,0,31
049 87 03 1.2 89,111,123
050 87 04 0.6 127,237,217
050 87 03 0.6 193,184,190
050 87 02 0.6 196,189,173
050 87 02 0.6 153,135,125
050 87 02 0.6 117,113,114
050 87 01 0.6 117,119,119
050 87 02 0.6 110,99,82
050 87 01 0.6 71,60,51
050 87 01 0.6 40,35,31
050 87 01 0.6 32,40,43
050 87 02 0.6 40,41,98
050 87 03 0.6 190,282,337
050 87 05 0.6 361,376,395
050 87 05 1.0 399,361,347
050 87 06 1.0 353,370,384
050 87 06 1.0 387,387,379
050 87 05 1.0 379,384,391
050 87 04 1.0 399,410,427
050 87 04 1.0 428,414,387
050 87 03 1.0 364,343,327
050 87 01 1.0 312,296,274
050 87 00 1.0 249,232,213
050 87 00 1.0 184,147,115
050 87 00 1.0 131,182,246
050 87 02 1.0 287,300,303
050 87 04 0.5 188,166,130
050 87 01 0.5 99,89,95
050 87 00 0.5 89,75,55
050 87 00 0.5 33,6,0
050 87 00 0.5 0,0,0
050 87 00 0.5 0,0,0
050 87 00 0.5 0,0,0
050 87 00 0.5 0,0,0
050 87 00 0.5 0,0,0
050 87 00 0.5 0,0,0
050 87 00 0.5 0,0,0
050 87 01 0.5 0,0,0
050 87 04 0.6 0,0,0
050 87 04 0.6 199,206,229
050 87 03 0.6 254,255,241
050 87 03 0.6 223,207,203
050 87 02 0.6 209,223,235
050 87 02 0.6 238,237,217
050 87 02 0.6 195,173,161
050 87 01 0.6 144,132,129
050 87 01 0.6 135,135,138
050 87 02 0.6 144,149,146
050 87 02 0.6 144,172,242
050 87 03 0.6 335,419,461
050 87 06 0.6 482,491,499
050 87 05 1.0 363,367,384
050 87 07 1.0 402,410,404
050 87 06 1.0 390,365,340
050 87 03 1.0 325,299,266
050 87 01 1.0 232,209,197
050 87 00 1.0 186,174,156
050 87 00 1.0 141,122,105
050 87 00 1.0 95,94,94
050 87 00 1.0 91,81,68
050 87 00 1.0 41,29,48
050 87 00 1.0 97,150,182
050 87 04 1.0 200,210,221
050 87 04 0.5 218,170,152
050 87 03 0.5 138,130,111
050 87 01 0.5 88,69,59
050 87 00 0.5 45,36,28
050 87 00 0.5 25,20,14
050 87 00 0.5 11,1,0
050 87 00 0.5 0,0,0
050 87 00 0.5 0,0,0
050 87 00 0.5 0,0,0
050 87 00 0.5 0,0,0
050 87 00 0.5 0,19,98
050 87 06 0.5 150,185,211
049 87 08 0.9 234,240,345
049 87 07 0.9 332,326,327
049 87 05 0.9 324,317,315
049 87 04 0.9 314,321,326
049 87 03 0.9 339,348,359
049 87 04 0.9 356,342,318
049 87 02 0.9 297,281,264
049 87 00 0.9 248,230,219
049 87 00 0.9 206,193,173
049 87 00 0.9 156,132,106
049 87 00 0.9 93,124,179
049 87 01 0.9 225,236,239
049 87 03 0.9 245,243,214
049 87 02 0.9 178,153,149
049 87 00 0.9 149,147,139
049 87 01 0.9 127,105,84
049 87 00 0.9 61,47,38
049 87 00 0.9 33,29,20
049 87 00 0.9 6,0,0
049 87 00 0.9 0,0,0
049 87 00 0.9 0,0,0
049 87 00 0.9 0,0,0
049 87 00 0.9 0,0,0
049 87 02 0.9 0,40,63
049 87 05 0.9 80,101,107
049 87 06 0.9 95,78,64
049 87 03 0.9 63,50,38
049 87 02 0.9 16,0,0
049 87 00 0.9 0,0,0
049 87 00 0.9 0,0,0
049 87 00 0.9 0,0,0
049 87 01 0.3 0,102,107
049 87 02 0.3 108,114,120
049 83 02 0.1 134,144,142
049 83 03 0.1 32,66,128
049 83 08 0.1 200,251,279
049 83 08 0.1 304,327,343
054 83 08 0.9 343,311,320
054 83 08 0.9 331,337,335
054 83 08 0.9 334,329,326
054 83 06 0.9 328,329,337
054 83 06 0.9 341,341,331
054 83 03 0.9 314,285,253
054 83 00 0.9 223,203,181
054 83 00 0.9 161,136,116
054 83 00 0.9 98,78,51
054 83 00 0.9 21,29,75
054 83 01 0.9 140,178,193
054 83 05 0.5 198,209,183
054 83 03 0.5 162,137,126
054 83 01 0.5 121,109,100
054 83 01 0.5 88,73,54
054 83 00 0.5 42,37,36
054 83 00 0.5 31,19,0
054 83 00 0.5 0,0,0
054 83 00 0.5 0,0,0
054 83 00 0.5 0,0,0
054 83 00 0.5 0,0,0
054 83 00 0.5 0,0,0
054 83 00 0.5 0,0,19
054 83 06 0.9 72,109,117
054 83 07 0.9 312,281,256
054 83 04 0.9 253,272,296
054 83 04 0.9 319,349,373
054 83 06 0.9 405,433,461
058 81 07 0.6 476,476,208
058 81 04 0.6 188,169,160
058 81 02 0.6 151,145,132
058 81 02 0.6 123,112,103
058 81 01 0.6 89,78,61
058 81 01 0.6 38,18,31
058 81 01 0.6 77,123,143
058 81 03 0.3 118,106,96
058 81 02 0.3 78,44,10
058 81 00 0.3 0,0,0
058 81 00 0.3 0,0,0
058 81 00 0.3 0,0,0
058 81 00 0.3 0,0,0
058 81 00 0.3 0,0,0
058 81 00 0.3 0,0,0
058 81 00 0.3 0,0,0
058 81 00 0.3 0,0,0
058 81 00 0.3 0,0,0
058 81 00 0.3 0,0,0
058 81 05 0.3 0,0,0
058 81 06 0.8 0,288,263
058 81 05 0.8 242,233,225
058 81 03 0.8 210,194,169
058 81 00 0.8 142,114,102
058 81 00 0.8 96,101,110
058 81 00 0.8 124,137,150
058 81 03 0.8 159,160,158
058 81 03 0.8 158,165,177
058 81 05 0.8 191,202,214
061 81 05 0.3 214,116,107
061 81 03 0.3 135,212,310
061 81 08 0.3 396,448,492
061 82 03 1.2 527,549,550
061 82 08 1.2 435,443,454
061 82 08 1.2 469,486,502
061 82 07 1.2 518,514,499
061 82 05 1.2 472,441,421
061 82 02 1.2 409,397,380
061 82 01 1.2 362,341,317
061 82 00 1.2 278,241,206
061 82 00 1.2 181,149,121
061 82 00 1.2 90,64,37
061 82 00 1.2 13,27,67
061 82 00 1.2 120,157,166
061 82 02 0.4 171,156,137
061 82 02 0.4 113,88,88
061 82 00 0.4 91,96,102
061 82 02 0.4 104,94,77
061 82 00 0.4 55,35,21
061 82 00 0.4 15,13,6
061 82 00 0.4 0,0,0
061 82 00 0.4 0,0,0
061 82 00 0.4 0,0,0
061 82 00 0.4 0,0,0
061 82 00 0.4 0,0,0
061 82 03 0.4 0,29,52
061 82 06 0.8 65,76,278
061 82 07 0.8 256,236,242
061 82 05 0.8 269,287,295
061 82 07 0.8 297,295,291
061 82 05 0.8 289,298,317
061 82 06 0.8 340,360,381
061 82 08 0.4 387,387,144
061 82 04 0.4 138,132,133
061 82 03 0.4 143,157,169
061 82 04 0.4 177,175,174
061 82 03 0.4 165,183,239
061 82 06 0.4 330,417,472
061 82 08 0.4 510,542,572
061 82 08 1.2 577,442,441
061 82 08 1.2 456,471,469
061 82 07 1.2 457,425,386
061 82 02 1.2 337,287,239
061 82 00 1.2 204,183,161
061 82 00 1.2 138,109,77
061 82 00 1.2 40,9,0
061 82 00 1.2 0,0,0
061 82 00 1.2 0,0,0
061 82 00 1.2 0,0,0
061 82 00 1.2 0,2,33
061 82 04 0.5 45,42,174
061 82 02 0.5 131,84,56
061 82 00 0.5 56,66,56
061 82 00 0.5 38,3,0
061 82 00 0.5 0,0,0
061 82 00 0.5 0,0,0
061 82 00 0.5 0,0,0
061 82 00 0.5 0,0,0
061 82 00 0.5 0,0,0
061 82 00 0.5 0,0,0
061 82 00 0.5 0,0,0
061 82 03 0.5 0,10,70
061 82 08 0.5 112,149,181
061 82 08 1.2 197,463,459
061 82 05 1.2 468,486,499
061 82 05 1.2 509,523,537
061 82 05 1.2 556,577,591
061 82 04 1.2 599,599,606
061 82 04 0.4 611,617,153
061 82 03 0.4 140,117,91
061 82 02 0.4 74,60,43
061 82 01 0.4 24,5,0
061 82 01 0.4 0,0,6
061 82 02 0.4 72,150,197
067 83 04 0.7 212,206,214
067 83 03 0.7 169,111,62
067 83 01 0.7 37,16,0
067 83 00 0.7 0,0,0
067 83 00 0.7 0,0,0
067 83 00 0.7 0,0,0
067 83 00 0.7 0,0,0
067 83 00 0.7 0,0,0
067 83 00 0.7 0,0,0
067 83 00 0.7 0,0,0
067 83 00 0.7 0,0,0
067 83 02 0.7 0,0,0
067 83 04 0.7 0,0,0
067 83 05 0.8 277,257,236
067 83 04 0.8 234,234,234
067 83 03 0.8 238,227,210
067 83 02 0.8 194,189,179
067 83 01 0.8 166,154,141
067 83 00 0.8 127,106,84
067 83 00 0.8 55,22,0
067 83 00 0.8 0,0,0
067 83 00 0.8 0,17,33
067 83 01 0.8 37,79,153
067 83 06 0.8 239,301,342
067 83 08 0.8 378,413,433
067 83 07 1.2 457,440,430
067 83 04 1.2 435,446,452
067 83 04 1.2 466,463,464
067 83 03 1.2 461,463,464
067 83 03 1.2 477,494,503
067 83 03 1.2 506,509,518
067 83 03 1.2 520,520,515
067 83 03 1.2 512,507,500
067 83 02 1.2 497,484,473
067 83 02 1.2 461,476,510
067 83 02 1.2 546,558,536
067 83 02 1.2 520,496,464
067 83 01 1.2 416,374,354
067 83 00 1.2 337,309,273
067 83 00 1.2 231,194,171
067 83 00 1.2 163,170,178
067 83 00 1.2 188,196,199
067 83 01 1.2 200,194,188
067 83 01 1.2 181,172,164
067 83 01 1.2 153,140,124
067 83 01 1.2 104,84,59
067 83 00 1.2 59,104,172
067 83 03 1.2 231,259,274
067 83 04 1.2 284,285,269
067 83 03 1.2 250,234,232
067 83 02 1.2 219,199,169
067 83 01 1.2 138,112,104
067 83 01 1.2 112,131,154
067 83 02 1.2 175,191,197
067 83 02 1.2 204,207,216
067 83 03 1.2 226,237,244
067 83 03 1.2 254,265,279
073 83 03 0.6 287,293,233
073 83 03 0.6 255,321,415
073 83 05 0.6 496,552,592
073 83 02 0.6 628,648,657
073 83 06 1.1 422,431,442
073 83 05 1.1 451,456,454
073 83 04 1.1 448,434,422
073 83 03 1.1 410,389,371
073 83 02 1.1 342,315,272
073 83 01 1.1 236,196,160
073 83 00 1.1 123,92,64
073 83 00 1.1 30,0,0
073 83 00 1.1 0,0,0
073 83 00 1.1 0,0,0
073 83 01 1.1 48,79,101
073 83 03 0.7 114,123,235
073 83 03 0.7 214,202,205
073 83 02 0.7 199,189,169
073 83 02 0.7 158,130,105
073 83 01 0.7 79,60,48
073 83 01 0.7 33,20,9
073 83 01 0.7 3,0,0
073 83 00 0.7 0,0,0
073 83 00 0.7 0,0,0
073 83 01 0.7 0,0,0
073 83 01 0.7 0,0,38
073 83 03 0.7 111,164,208
073 83 05 0.7 252,286,295
074 83 05 1.1 390,387,399
074 83 05 1.1 418,435,447
074 83 05 1.1 464,479,500
074 83 05 1.1 525,546,560
074 83 05 0.5 554,160,149
074 83 03 0.5 135,120,94
074 83 02 0.5 69,32,0
074 83 01 0.5 0,0,0
074 83 00 0.5 0,0,0
074 83 00 0.5 0,0,0
074 83 03 0.5 74,126,160
074 83 04 0.9 186,195,331
074 83 05 0.9 316,302,294
074 83 04 0.9 274,240,204
074 83 01 0.9 167,134,109
074 83 00 0.9 89,74,53
074 83 00 0.9 26,0,0
074 83 00 0.9 0,0,0
074 83 00 0.9 0,0,0
074 83 00 0.9 0,0,0
074 83 00 0.9 0,0,0
074 83 00 0.9 0,0,0
074 83 03 0.9 0,0,0
065 83 05 0.7 0,239,220
065 83 03 0.7 213,213,207
065 83 02 0.7 185,162,137
065 83 01 0.7 109,86,60
065 83 00 0.7 43,31,22
065 83 00 0.7 13,0,0
065 83 01 0.7 0,0,0
065 83 01 0.7 0,0,0
065 83 01 0.7 0,0,0
065 83 02 0.7 0,0,45
065 83 03 0.7 137,234,305
065 83 06 0.7 345,381,412
065 83 04 1.3 432,429,490
065 83 05 1.3 496,514,525
065 83 05 1.3 536,552,570
065 83 05 1.3 591,611,617
065 83 04 1.3 603,581,565
065 83 03 1.3 558,544,525
065 83 02 1.3 507,493,477
065 83 01 1.3 459,440,431
065 83 01 1.3 418,403,382
065 83 01 1.3 367,368,399
065 83 01 1.3 448,485,488
065 83 03 1.3 471,457,437
065 83 02 1.3 393,339,291
065 83 00 1.3 267,249,224
065 83 00 1.3 191,156,128
065 83 00 1.3 106,82,56
065 83 00 1.3 28,6,0
030 70 03 1.2 289,264,244
030 70 02 1.2 217,185,145
030 70 00 1.2 109,78,63
030 70 00 1.2 54,47,30
030 70 00 1.2 1,0,0
030 70 00 1.2 0,0,0
030 70 00 1.2 0,0,0
030 70 00 1.2 0,0,0
030 70 00 1.2 0,0,0
030 70 01 1.2 0,0,0
030 70 05 1.2 67,120,160
030 70 06 1.2 178,422,400
030 70 04 1.2 377,374,377
030 70 03 1.2 380,382,376
030 70 03 1.2 363,341,328
030 70 02 1.2 313,302,283
030 70 02 1.2 273,257,244
030 70 01 1.2 228,212,195
030 70 01 1.2 172,145,119
030 70 00 1.2 101,89,78
030 70 00 1.2 61,34,3
030 70 00 1.2 3,61,164
030 70 04 1.2 277,361,420
030 70 06 1.4 453,470,473
030 70 05 1.4 468,467,481
030 70 05 1.4 509,535,549
030 70 05 1.4 556,556,558
030 70 04 1.4 556,562,564
030 70 03 1.4 573,579,584
030 70 03 1.4 593,603,618
030 70 03 1.4 627,636,639
030 70 03 0.5 645,647,645
030 70 03 0.5 171,155,124
030 70 02 0.5 87,76,116
030 70 03 0.5 192,271,330
058 81 05 0.9 361,380,381
058 81 06 0.9 289,245,199
058 81 02 0.9 168,159,145
058 81 01 0.9 130,95,63
058 81 00 0.9 33,10,0
058 81 00 0.9 0,0,0
058 81 00 0.9 0,0,0
058 81 00 0.9 0,0,0
058 81 00 0.9 0,0,0
058 81 00 0.9 0,0,0
058 81 00 0.9 0,0,0
058 81 00 0.9 0,0,0
058 81 04 0.9 0,0,0
058 81 07 1.0 1,11,319
058 81 05 1.0 291,280,282
058 81 03 1.0 283,283,273
058 81 02 1.0 261,238,219
058 81 01 1.0 202,189,181
058 81 00 1.0 170,151,127
058 81 00 1.0 104,85,68
058 81 00 1.0 50,30,8
058 81 00 1.0 0,0,0
058 81 00 1.0 0,0,0
058 81 00 1.0 0,0,0
058 81 02 1.0 8,111,193
058 81 08 1.0 253,293,326
058 81 08 1.3 335,451,420
058 81 04 1.3 394,388,398
058 81 03 1.3 411,417,413
058 81 03 1.3 408,401,401
058 81 02 1.3 404,419,435
058 81 03 1.3 452,461,474
058 81 03 1.3 487,502,517
058 81 03 1.3 535,545,556
058 81 03 1.3 565,576,579
058 81 03 0.6 188,172,134
058 81 02 0.6 104,123,202
058 81 04 0.6 295,367,399
058 84 05 0.9 419,425,310
058 84 06 0.9 264,214,181
058 84 02 0.9 164,144,118
058 84 00 0.9 89,53,23
058 84 00 0.9 0,0,0
058 84 00 0.9 0,0,0
058 84 00 0.9 0,0,0
058 84 00 0.9 0,0,0
058 84 00 0.9 0,0,0
058 84 00 0.9 0,0,0
058 84 00 0.9 0,0,0
058 84 01 0.9 0,0,0
058 84 06 0.9 0,3,10
058 84 07 0.9 289,260,232
058 84 04 0.9 222,230,240
058 84 04 0.9 239,225,203
058 84 01 0.9 182,162,143
058 84 00 0.9 129,117,106
058 84 00 0.9 92,83,76
058 84 00 0.9 65,49,23
058 84 00 0.9 0,0,0
058 84 00 0.9 0,0,0
058 84 00 0.9 0,0,0
058 84 00 0.9 0,0,50
058 84 04 0.9 176,272,343
058 84 06 0.9 407,468,510
054 84 06 1.9 523,672,673
054 84 08 1.9 688,693,686
054 84 07 1.9 656,620,592
054 84 03 1.9 569,550,523
054 84 01 1.9 500,469,432
054 84 00 1.9 385,342,308
054 84 00 1.9 280,265,252
054 84 00 1.9 249,250,256
054 84 00 1.9 271,281,284
054 84 01 1.9 291,325,401
054 84 06 1.9 498,577,626
054 84 08 1.2 640,652,395
054 84 06 1.2 358,300,256
054 84 02 1.2 234,220,198
054 84 00 1.2 171,135,105
054 84 00 1.2 77,64,56
054 84 00 1.2 57,64,67
054 84 00 1.2 67,67,64
054 84 01 1.2 68,75,84
054 84 02 1.2 89,92,91
054 84 02 1.2 81,67,88
054 84 03 1.2 155,255,347
054 84 08 1.2 409,451,482
054 84 08 1.3 496,429,405
054 84 06 1.3 388,395,416
054 84 06 1.3 441,455,454
054 84 05 1.3 452,455,462
054 84 05 1.3 463,466,473
054 84 04 1.3 479,473,459
054 84 03 1.3 452,446,438
054 84 02 1.3 428,417,407
054 84 01 1.3 384,365,338
054 84 00 1.3 299,262,262
054 84 00 1.3 306,362,394
054 84 03 1.3 395,378,342
054 84 00 1.3 287,218,166
054 84 00 1.3 140,130,120
054 84 00 1.3 106,89,73
054 84 00 1.3 56,43,27
054 84 00 1.3 13,0,0
054 84 00 1.3 0,0,0
054 84 00 1.3 0,0,0
054 84 00 1.3 0,0,0
054 84 00 1.3 0,0,0
054 84 00 1.3 0,0,0
054 84 02 1.3 0,0,21
054 84 07 1.3 53,81,93
054 84 07 1.3 81,57,38
054 84 04 1.3 33,28,23
054 84 03 1.3 13,0,0
054 84 01 1.3 0,0,0
054 84 01 1.3 0,0,0
054 84 01 1.3 0,0,0
054 84 01 1.3 0,0,0
054 84 00 1.3 0,0,0
054 84 01 1.3 0,0,0
054 84 01 1.3 0,0,0
054 84 04 1.3 48,151,223
054 84 06 1.3 267,301,331
056 84 06 1.8 348,624,610
056 84 07 1.8 604,614,624
056 84 06 1.8 633,630,630
056 84 05 1.8 626,629,630
056 84 05 1.8 640,653,669
056 84 05 1.8 676,673,666
056 84 04 1.8 660,650,640
056 84 02 1.8 630,626,617
056 84 02 1.8 604,587,569
056 84 00 1.8 537,515,524
056 84 01 1.8 577,643,685
056 84 05 0.5 695,171,156
056 84 03 0.5 118,58,0
056 84 00 0.5 0,0,0
056 84 00 0.5 0,0,0
056 84 00 0.5 0,0,0
056 84 00 0.5 0,0,0
056 84 00 0.5 0,0,0
056 84 00 0.5 0,0,0
056 84 00 0.5 0,0,0
056 84 00 0.5 0,0,0
056 84 00 0.5 0,0,0
056 84 00 0.5 0,0,0
056 84 06 0.5 0,0,0
056 84 08 1.2 0,405,377
056 84 05 1.2 358,358,361
056 84 04 1.2 363,359,344
056 84 03 1.2 327,307,292
056 84 01 1.2 278,271,268
056 84 01 1.2 266,255,236
056 84 00 1.2 226,226,234
056 84 01 1.2 236,246,259
056 84 02 1.2 274,282,294
056 84 03 1.2 291,282,278
056 84 03 1.2 324,407,515
056 84 08 1.2 588,636,673
056 83 02 1.4 706,721,474
056 83 06 1.4 450,434,442
056 83 04 1.4 458,473,483
056 83 04 1.4 486,494,492
056 83 03 1.4 495,496,504
056 83 03 1.4 507,507,499
056 83 03 1.4 499,482,468
056 83 02 1.4 443,431,411
056 83 01 1.4 389,353,319
056 83 00 1.4 270,206,139
056 83 00 1.4 104,128,180
056 83 01 1.4 230,251,267
056 83 02 0.5 277,169,139
056 83 01 0.5 103,85,86
056 83 01 0.5 86,79,56
056 83 01 0.5 30,0,0
056 83 00 0.5 0,0,0
056 83 00 0.5 0,0,0
056 83 00 0.5 0,0,0
056 83 00 0.5 0,0,0
056 83 00 0.5 0,0,0
056 83 00 0.5 0,0,0
056 83 00 0.5 0,0,0
056 83 03 0.5 0,1,57
056 83 06 0.5 96,132,153
056 83 06 1.4 156,489,495
056 83 05 1.4 519,548,560
056 83 05 1.4 560,553,552
056 83 04 1.4 555,561,565
056 83 03 1.4 570,580,587
056 83 03 1.4 596,597,607
056 83 03 1.4 607,609,605
056 83 03 1.4 609,613,612
056 83 03 1.4 610,600,579
056 83 02 1.4 552,552,605
056 83 03 1.4 698,789,850
056 83 06 1.4 891,933,969
055 83 06 1.4 973,467,441
055 83 04 1.4 425,406,379
055 83 02 1.4 339,284,224
055 83 00 1.4 163,107,54
055 83 00 1.4 12,0,0
055 83 00 1.4 0,0,0
055 83 00 1.4 0,0,0
055 83 00 1.4 0,0,0
055 83 00 1.4 0,0,0
055 83 00 1.4 0,0,0
055 83 00 1.4 0,0,0
055 83 03 1.4 0,0,0
055 85 03 0.8 0,264,237
055 85 03 0.8 218,215,220
055 85 02 0.8 220,215,194
055 85 01 0.8 168,139,120
055 85 00 0.8 104,94,88
055 85 00 0.8 78,58,32
055 85 00 0.8 8,0,0
055 85 00 0.8 0,0,0
055 85 00 0.8 0,0,0
055 85 00 0.8 0,0,0
055 85 00 0.8 0,0,66
055 85 07 0.8 162,234,286
055 85 04 0.8 329,359,367
055 85 06 1.6 536,517,514
055 85 08 1.6 528,545,554
055 85 08 1.6 554,552,554
055 85 08 1.6 557,566,577
055 85 08 1.6 588,601,607
055 85 07 1.6 603,593,581
055 85 04 1.6 573,563,557
055 85 02 1.6 553,548,538
055 85 01 1.6 525,501,474
055 85 00 1.6 468,506,575
055 85 06 0.6 638,668,667
055 85 06 0.6 188,167,125
055 85 02 0.6 72,22,0
055 85 00 0.6 0,0,0
055 85 00 0.6 0,0,0
055 85 00 0.6 0,0,0
055 85 00 0.6 0,0,0
055 85 00 0.6 0,0,0
055 85 00 0.6 0,0,0
055 85 00 0.6 0,0,0
055 85 00 0.6 0,0,0
055 85 00 0.6 0,0,0
055 85 03 0.6 0,0,0
055 85 07 1.1 0,0,366
055 85 06 1.1 340,321,322
055 85 04 1.1 328,334,325
055 85 03 1.1 303,276,260
055 85 01 1.1 249,242,236
055 85 01 1.1 232,231,221
055 85 01 1.1 216,219,234
055 85 02 1.1 247,260,273
055 85 03 1.1 286,295,300
055 85 03 1.1 302,300,289
055 85 03 1.1 309,373,468
055 85 07 1.1 554,610,657
055 85 03 1.1 702,738,742
055 85 06 1.5 511,505,514
055 85 08 1.5 535,545,565
055 85 08 1.5 575,575,564
055 85 08 1.5 555,555,558
055 85 07 1.5 557,552,545
055 85 04 1.5 536,522,505
055 85 01 1.5 486,458,424
055 85 00 1.5 374,321,262
055 85 00 1.5 197,124,66
055 85 00 1.5 53,90,145
055 85 00 1.5 193,223,248
054 85 02 0.6 254,197,167
054 85 01 0.6 145,133,132
054 85 00 0.6 128,118,102
054 85 00 0.6 80,59,45
054 85 00 0.6 38,25,12
054 85 00 0.6 0,0,0
054 85 00 0.6 0,0,0
054 85 00 0.6 0,0,0
054 85 00 0.6 0,0,0
054 85 00 0.6 0,0,0
054 85 00 0.6 0,0,0
054 85 07 0.6 26,73,112
054 87 08 1.2 133,126,404
054 87 06 1.2 378,369,378
054 87 05 1.2 381,373,346
054 87 03 1.2 326,303,291
054 87 01 1.2 278,283,296
054 87 02 1.2 321,341,359
054 87 04 1.2 375,379,376
054 87 03 1.2 370,378,392
054 87 03 1.2 403,411,415
054 87 04 1.2 404,383,392
054 87 04 1.2 458,557,650
054 87 06 1.2 719,776,820
054 87 03 1.7 861,875,873
054 87 08 1.7 590,602,618
054 87 08 1.7 625,623,621
054 87 06 1.7 612,602,585
054 87 04 1.7 570,555,547
054 87 02 1.7 532,521,502
054 87 01 1.7 473,429,382
054 87 00 1.7 330,282,233
054 87 00 1.7 187,139,85
054 87 01 1.7 25,0,0
054 87 01 1.7 0,66,129
054 87 01 1.7 165,195,218
053 87 03 0.8 221,242,201
053 87 00 0.8 185,185,188
053 87 00 0.8 174,143,114
053 87 00 0.8 93,77,59
053 87 00 0.8 37,20,2
053 87 00 0.8 0,0,0
053 87 00 0.8 0,0,0
053 87 00 0.8 0,0,0
053 87 00 0.8 0,0,0
053 87 00 0.8 0,0,0
053 87 02 0.8 0,24,87
053 87 08 0.8 124,152,177
053 87 08 1.1 191,188,360
053 87 06 1.1 352,357,373
053 87 05 1.1 380,375,362
053 87 04 1.1 353,349,349
053 87 03 1.1 359,375,391
053 87 04 1.1 402,419,438
053 87 05 1.1 457,467,475
053 87 05 1.1 480,483,488
053 87 04 1.1 491,489,477
053 87 03 1.1 463,460,491
053 87 04 1.1 566,659,740
053 87 08 1.1 788,826,863
053 87 04 1.5 878,519,480
053 87 08 1.5 444,410,365
053 87 01 1.5 312,251,197
053 87 00 1.5 147,99,60
053 87 00 1.5 20,0,0
053 87 00 1.5 0,0,0
053 87 00 1.5 0,0,0
053 87 00 1.5 0,0,0
053 87 00 1.5 0,0,0
053 87 00 1.5 0,0,0
053 87 00 1.5 0,0,0
053 87 08 1.5 37,65,72
051 87 07 1.0 347,321,304
051 87 04 1.0 307,316,315
051 87 03 1.0 302,280,262
051 87 02 1.0 243,234,228
051 87 01 1.0 230,228,231
051 87 01 1.0 233,227,210
051 87 01 1.0 191,172,159
051 87 00 1.0 156,167,185
051 87 01 1.0 193,186,167
051 87 01 1.0 159,199,295
051 87 06 1.0 405,491,547
051 87 04 1.0 592,638,663
051 87 04 1.5 663,493,489
051 87 08 1.5 514,540,559
051 87 08 1.5 568,571,578
051 87 08 1.5 578,581,581
051 87 08 1.5 581,578,577
051 87 06 1.5 577,571,556
051 87 03 1.5 536,523,509
051 87 00 1.5 487,454,420
051 87 00 1.5 379,324,265
051 87 00 1.5 222,232,284
051 87 00 1.5 353,394,408
051 87 04 1.5 413,410,390
051 87 02 1.5 356,328,323
051 87 00 1.5 319,312,292
051 87 00 1.5 271,242,215
051 87 00 1.5 189,166,142
051 87 00 1.5 122,105,87
051 87 00 1.5 69,43,21
051 87 00 1.5 0,0,0
051 87 00 1.5 0,0,0
051 87 00 1.5 0,0,0
051 87 00 1.5 0,0,94
051 87 07 1.5 174,231,275
051 87 02 1.5 314,328,320
051 87 08 1.5 288,259,248
051 87 07 1.5 248,246,233
051 87 03 1.5 213,190,166
051 87 00 1.5 146,138,143
051 87 01 1.5 157,174,193
051 87 03 1.5 205,212,217
051 87 04 1.5 229,243,265
051 87 07 1.5 289,309,318
051 87 06 1.3 455,437,438
051 87 05 1.3 491,590,693
051 87 04 1.3 775,826,866
057 88 03 1.4 899,916,476
057 88 05 1.4 457,453,463
057 88 05 1.4 480,484,478
057 88 04 1.4 461,450,442
057 88 03 1.4 435,424,412
057 88 02 1.4 399,382,357
057 88 01 1.4 326,293,253
057 88 00 1.4 217,182,155
057 88 00 1.4 128,97,62
057 88 00 1.4 16,0,0
057 88 00 1.4 0,42,105
057 88 02 0.6 141,154,159
057 88 02 0.6 206,176,137
057 88 01 0.6 110,104,102
057 88 01 0.6 95,77,56
057 88 00 0.6 24,2,0
057 88 00 0.6 0,0,0
057 88 00 0.6 0,0,0
057 88 00 0.6 0,0,0
057 88 00 0.6 0,0,0
057 88 00 0.6 0,0,0
057 88 00 0.6 0,0,0
057 88 01 0.6 0,0,0
057 88 04 0.6 0,0,0
057 88 05 1.2 10,9,383
057 88 04 1.2 362,356,359
057 88 03 1.2 362,359,354
057 88 02 1.2 346,344,347
057 88 02 1.2 353,356,360
057 88 03 1.2 373,389,405
057 88 03 1.2 415,417,425
057 88 03 1.2 431,446,450
057 88 03 1.2 454,450,447
057 88 02 1.2 434,424,430
057 88 03 1.2 475,544,619
057 88 05 1.2 678,728,765
056 88 06 1.3 786,779,408
056 88 04 1.3 377,352,329
056 88 02 1.3 298,255,203
056 88 00 1.3 153,110,74
056 88 00 1.3 45,26,6
056 88 00 1.3 0,0,0
056 88 00 1.3 0,0,0
056 88 00 1.3 0,0,0
056 88 00 1.3 0,0,0
056 88 00 1.3 0,0,0
056 88 00 1.3 0,0,0
056 88 03 1.3 0,0,0
056 88 04 0.9 0,0,290
056 88 03 0.9 262,249,255
056 88 03 0.9 265,274,262
056 88 02 0.9 243,223,213
056 88 01 0.9 209,203,197
056 88 01 0.9 191,185,182
056 88 01 0.9 169,152,129
056 88 00 0.9 111,90,72
056 88 00 0.9 58,57,58
056 88 00 0.9 61,50,43
056 88 01 0.9 53,117,205
056 88 07 0.9 301,365,414
056 88 08 0.9 456,491,505
056 88 07 1.3 459,449,458
056 88 05 1.3 482,509,531
056 88 05 1.3 540,545,547
056 88 04 1.3 551,555,555
056 88 03 1.3 556,555,556
056 88 03 1.3 548,534,515
056 88 02 1.3 498,479,469
056 88 01 1.3 457,450,439
056 88 01 1.3 422,395,351
056 88 00 1.3 327,331,370
056 88 02 1.3 416,443,452
056 88 02 1.3 445,435,402
056 88 01 1.3 360,321,307
056 88 01 1.3 295,282,261
056 88 00 1.3 233,210,182
056 88 00 1.3 166,144,130
056 88 00 1.3 112,99,87
056 88 00 1.3 71,52,31
056 88 00 1.3 13,0,0
056 88 00 1.3 0,0,0
056 88 00 1.3 0,0,0
056 88 00 1.3 0,0,0
056 88 02 1.3 9,87,147
056 88 05 1.3 187,220,223
056 88 04 1.3 204,175,162
056 88 03 1.3 162,163,160
056 88 02 1.3 144,122,102
056 88 02 1.3 91,87,77
056 88 01 1.3 72,68,66
056 88 01 1.3 56,45,36
056 88 01 1.3 23,6,0
056 88 01 1.3 0,0,0
060 88 01 0.5 0,158,142
060 88 01 0.5 132,168,252
060 88 04 0.5 363,459,528
060 88 02 0.5 577,622,650
060 88 04 1.5 660,521,521
060 88 08 1.5 543,576,600
060 88 08 1.5 608,610,608
060 88 07 1.5 603,597,593
060 88 05 1.5 594,587,577
060 88 03 1.5 567,556,546
060 88 02 1.5 530,518,507
060 88 01 1.5 497,487,476
060 88 00 1.5 467,449,418
060 88 00 1.5 391,392,435
060 88 02 1.5 490,528,542
060 90 04 0.5 543,542,135
060 90 02 0.5 101,64,42
060 90 00 0.5 35,27,17
060 90 00 0.5 0,0,0
060 90 00 0.5 0,0,0
060 90 00 0.5 0,0,0
060 90 00 0.5 0,0,0
060 90 00 0.5 0,0,0
060 90 00 0.5 0,0,0
060 90 00 0.5 0,0,0
060 90 00 0.5 0,0,0
060 90 04 0.5 0,0,0
059 90 08 1.2 0,0,0
059 90 07 1.2 384,352,336
059 90 04 1.2 343,343,332
059 90 03 1.2 311,288,262
059 90 00 1.2 240,226,221
059 90 00 1.2 218,210,198
059 90 00 1.2 175,159,139
059 90 00 1.2 122,110,110
059 90 00 1.2 125,145,164
059 90 02 1.2 177,175,161
059 90 02 1.2 167,218,312
059 90 07 1.2 411,479,529
059 90 04 1.2 574,611,631
059 90 06 1.5 513,506,510
059 90 08 1.5 535,555,567
059 90 08 1.5 570,573,572
059 90 08 1.5 570,570,573
059 90 08 1.5 577,581,577
059 90 06 1.5 570,559,549
059 90 03 1.5 530,515,500
059 90 00 1.5 490,475,459
059 90 00 1.5 429,380,321
059 90 00 1.5 291,306,357
059 90 00 1.5 406,434,447
059 90 04 0.5 453,156,128
059 90 01 0.5 86,54,41
059 90 00 0.5 35,31,20
059 90 00 0.5 2,0,0
059 90 00 0.5 0,0,0
059 90 00 0.5 0,0,0
059 90 00 0.5 0,0,0
059 90 00 0.5 0,0,0
059 90 00 0.5 0,0,0
059 90 00 0.5 0,0,0
059 90 00 0.5 0,0,0
059 90 05 0.5 0,0,0
058 90 08 1.2 0,17,21
058 90 07 1.2 409,382,366
058 90 05 1.2 373,376,373
058 90 03 1.2 356,334,311
058 90 01 1.2 298,291,289
058 90 01 1.2 286,282,278
058 90 01 1.2 276,279,285
058 90 02 1.2 291,295,298
058 90 02 1.2 301,312,324
058 90 03 1.2 329,324,305
058 90 02 1.2 308,359,465
058 90 07 1.2 582,681,749
058 90 05 1.2 808,850,871
058 90 03 1.7 870,586,588
058 90 08 1.7 607,624,632
058 90 07 1.7 625,618,599
058 90 05 1.7 584,561,555
058 90 03 1.7 547,535,520
058 90 02 1.7 505,501,492
058 90 01 1.7 472,441,420
058 90 00 1.7 402,380,350
058 90 00 1.7 319,284,241
058 90 00 1.7 213,221,281

