177628!20190826_173644!1!2
2.38!2.35!2.36!2.35!2.36!2.36!
96!61!73!93!93
362.4 2.33 88 67

071 96 00 1.3 0,0,0
071 96 00 1.3 0,91,182
071 96 07 1.3 232,251,255
065 96 08 1.2 374,357,334
065 96 05 1.2 316,295,281
065 96 02 1.2 261,245,224
065 96 01 1.2 201,177,155
065 96 00 1.2 136,117,100
065 96 00 1.2 81,62,40
065 96 00 1.2 17,0,1
065 96 00 1.2 46,136,252
065 96 06 1.2 350,416,446
065 96 08 1.5 450,444,427
065 96 07 1.5 408,381,365
065 96 04 1.5 350,335,316
065 96 02 1.5 295,276,255
065 96 00 1.5 235,206,182
065 96 00 1.5 157,137,112
065 96 00 1.5 91,72,52
065 96 00 1.5 55,106,206
065 96 03 1.5 312,385,416
065 96 08 1.2 422,366,350
065 96 06 1.2 327,303,284
065 96 03 1.2 265,245,225
065 96 01 1.2 204,190,164
065 96 00 1.2 141,111,89
065 96 00 1.2 64,43,21
065 96 00 1.2 3,0,0
065 96 00 1.2 0,0,66
065 96 02 1.2 179,259,298
065 96 08 1.1 298,345,326
065 96 06 1.1 306,282,260
065 96 03 1.1 246,236,224
065 96 02 1.1 205,184,157
065 96 00 1.1 134,105,84
065 96 00 1.1 57,37,15
065 96 00 1.1 0,0,0
065 96 00 1.1 0,70,176
065 96 05 1.1 267,319,334
065 96 08 1.2 334,351,330
065 96 05 1.2 306,286,270
065 96 03 1.2 257,240,225
065 96 01 1.2 202,183,158
065 96 00 1.2 135,108,86
065 96 00 1.2 61,37,14
065 96 00 1.2 0,0,0
065 96 00 1.2 46,147,255
065 96 06 1.2 325,356,365
065 96 08 1.2 362,365,340
065 96 05 1.2 314,294,274
065 96 02 1.2 258,240,222
065 96 01 1.2 199,180,154
065 96 00 1.2 129,102,83
065 96 00 1.2 60,40,19
065 96 00 1.2 3,0,0
065 96 00 1.2 56,159,264
065 96 06 1.2 338,370,377
065 96 08 1.3 382,360,337
065 96 05 1.3 312,294,275
065 96 02 1.3 259,243,222
065 96 01 1.3 198,173,153
065 96 00 1.3 132,108,88
065 96 00 1.3 65,41,17
065 96 00 1.3 0,0,0
065 96 00 1.3 0,80,193
065 96 05 1.3 284,333,349
064 96 08 1.2 378,368,343
064 96 06 1.2 320,292,276
064 96 03 1.2 258,243,227
064 96 01 1.2 207,186,160
064 96 00 1.2 136,113,88
064 96 00 1.2 65,44,26
064 96 00 1.2 7,0,0
064 96 00 1.2 0,0,73
064 96 02 1.2 181,271,317
064 96 08 1.2 338,376,357
064 96 07 1.2 332,307,289
064 96 03 1.2 273,261,242
064 96 02 1.2 222,207,188
064 96 00 1.2 164,132,107
064 96 00 1.2 85,65,45
064 96 00 1.2 23,1,0
064 96 00 1.2 0,0,19
064 96 00 1.2 115,217,278
064 96 08 1.1 299,302,333
064 96 06 1.1 313,284,262
064 96 03 1.1 248,237,223
064 96 02 1.1 203,183,158
064 96 00 1.1 138,118,96
064 96 00 1.1 67,39,14
064 96 00 1.1 0,0,0
064 96 00 1.1 0,0,15
064 96 01 1.1 117,228,293
064 97 08 1.3 324,333,387
064 97 07 1.3 371,351,329
064 97 04 1.3 313,296,282
064 97 02 1.3 262,243,219
064 97 01 1.3 197,173,150
064 97 00 1.3 127,105,85
064 97 00 1.3 65,44,23
064 97 00 1.3 9,27,101
064 97 01 1.3 207,313,373
064 97 08 1.3 398,401,381
064 97 07 1.3 363,336,315
064 97 04 1.3 298,283,264
064 97 02 1.3 246,226,204
064 97 00 1.3 180,155,130
064 97 00 1.3 110,89,72
064 97 00 1.3 50,33,15
064 97 00 1.3 25,84,185
064 97 03 1.3 285,348,371
064 97 08 1.1 370,344,321
064 97 06 1.1 299,274,261
064 97 03 1.1 249,235,214
064 97 01 1.1 189,165,139
064 97 00 1.1 121,100,82
064 97 00 1.1 60,42,22
064 97 00 1.1 5,4,46
064 97 00 1.1 133,237,312
064 97 07 1.1 346,350,339
064 97 07 1.1 320,295,271
064 97 03 1.1 251,238,224
064 97 02 1.1 207,185,164
064 97 00 1.1 145,128,108
064 97 00 1.1 86,64,51
064 97 00 1.1 28,19,39
064 97 00 1.1 115,215,297
064 97 07 1.1 339,349,322
064 97 07 1.1 304,277,250
064 97 03 1.1 230,217,203
064 97 02 1.1 188,170,152
064 97 00 1.1 130,101,78
064 97 00 1.1 58,38,16
064 97 00 1.1 0,0,7
064 97 00 1.1 85,197,293
064 97 07 1.1 350,371,376
064 97 08 1.3 384,358,332
064 97 05 1.3 312,295,275
064 97 02 1.3 254,240,221
064 97 01 1.3 198,169,146
064 97 00 1.3 123,104,85
064 97 00 1.3 67,55,86
064 97 00 1.3 172,285,373
064 97 07 1.2 418,435,434
064 97 08 1.2 359,329,300
064 97 04 1.2 278,264,248
064 97 02 1.2 232,212,189
064 97 01 1.2 165,138,114
064 97 00 1.2 91,66,45
064 97 00 1.2 26,12,27
064 97 00 1.2 96,207,303
064 97 07 1.2 360,378,375
064 97 08 1.2 345,317,293
064 97 04 1.2 270,252,235
064 97 02 1.2 216,195,170
064 97 00 1.2 143,109,81
064 97 00 1.2 55,36,14
064 97 00 1.2 0,0,0
064 97 00 1.2 5,96,207
064 97 05 1.2 291,325,326
064 98 08 1.2 346,325,303
064 98 05 1.2 271,249,230
064 98 02 1.2 218,197,177
064 98 00 1.2 150,125,97
064 98 00 1.2 69,44,16
064 98 00 1.2 0,0,0
064 98 00 1.2 0,6,103
064 98 03 1.2 206,278,299
065 98 08 1.1 296,324,298
065 98 05 1.1 273,244,225
065 98 02 1.1 211,196,177
065 98 01 1.1 153,129,103
065 98 00 1.1 75,52,33
065 98 00 1.1 12,0,0
065 98 00 1.1 0,27,122
065 98 03 1.1 227,293,317
065 98 08 1.1 317,335,312
065 98 05 1.1 279,253,234
065 98 02 1.1 218,201,179
065 98 01 1.1 157,133,106
065 98 00 1.1 78,54,31
065 98 00 1.1 10,0,0
065 98 00 1.1 0,0,76
065 98 02 1.1 193,282,328
065 98 08 1.2 336,361,339
065 98 06 1.2 312,284,260
065 98 03 1.2 237,217,194
065 98 01 1.2 172,151,125
065 98 00 1.2 97,67,44
065 98 00 1.2 23,0,0
065 98 00 1.2 0,11,103
065 98 02 1.2 213,287,319
069 99 08 1.1 324,344,320
069 99 05 1.1 288,257,231
069 99 02 1.1 214,203,184
069 99 01 1.1 161,131,103
069 99 00 1.1 76,48,20
069 99 00 1.1 0,0,0
069 99 00 1.1 5,95,199
069 99 05 1.1 273,303,302
069 99 07 1.1 323,298,274
069 99 04 1.1 246,224,209
069 99 02 1.1 197,184,161
069 99 00 1.1 137,105,80
069 99 00 1.1 58,39,14
069 99 00 1.1 4,40,128
069 99 02 1.1 228,298,321
069 99 08 1.0 319,300,277
069 99 05 1.0 251,223,209
069 99 02 1.0 196,184,161
069 99 01 1.0 135,113,93
069 99 00 1.0 74,52,31
069 99 00 1.0 15,8,49
069 99 00 1.0 131,240,317
071 99 07 1.1 352,359,337
071 99 07 1.1 314,281,251
071 99 03 1.1 227,209,192
071 99 01 1.1 174,151,134
071 99 00 1.1 113,88,61
071 99 00 1.1 39,24,15
071 99 00 1.1 45,124,224
071 99 05 1.1 298,327,331
071 99 08 1.0 301,278,242
071 99 06 1.0 216,187,175
071 99 01 1.0 162,153,136
071 99 00 1.0 118,96,74
071 99 00 1.0 50,27,6
071 99 00 1.0 0,6,75
071 99 02 1.0 184,282,334
071 99 08 1.2 352,360,344
071 99 07 1.2 321,301,280
071 99 03 1.2 262,241,219
071 99 02 1.2 195,171,157
071 99 00 1.2 131,104,70
071 99 00 1.2 54,36,23
071 99 00 1.2 11,46,132
071 99 02 1.2 249,340,390
072 99 08 1.2 397,380,358
072 99 07 1.2 338,315,294
072 99 03 1.2 278,259,244
072 99 02 1.2 217,197,173
072 99 00 1.2 149,120,93
072 99 00 1.2 71,51,33
072 99 00 1.2 12,18,70
072 99 00 1.2 170,272,338
072 99 08 1.1 361,357,330
072 99 06 1.1 304,273,247
072 99 03 1.1 222,206,185
072 99 01 1.1 167,145,125
072 99 00 1.1 102,72,44
072 99 00 1.1 16,0,0
072 99 00 1.1 0,0,0
072 99 00 1.1 0,0,53
072 99 02 1.1 160,229,258
072 99 08 1.1 256,327,293
072 99 05 1.1 258,225,206
072 99 01 1.1 192,178,155
072 99 00 1.1 130,103,79
072 99 00 1.1 52,30,4
072 99 00 1.1 0,0,0
072 99 00 1.1 0,0,0
072 99 00 1.1 0,0,0
072 99 01 1.1 63,144,176
072 99 07 1.1 175,312,289
072 99 05 1.1 256,226,198
072 99 02 1.1 187,177,158
072 99 00 1.1 133,107,84
072 99 00 1.1 59,37,15
072 99 00 1.1 0,0,0
072 99 00 1.1 0,0,0
072 99 00 1.1 0,0,21
072 99 03 1.1 127,196,224
072 99 08 1.1 223,337,305
072 99 05 1.1 280,255,243
072 99 02 1.1 228,218,201
072 99 01 1.1 178,151,125
072 99 00 1.1 98,77,52
072 99 00 1.1 30,6,0
072 99 00 1.1 0,0,0
072 99 00 1.1 0,81,205
072 99 06 1.2 292,332,331
072 99 08 1.2 374,353,328
072 99 05 1.2 305,279,258
072 99 02 1.2 245,237,225
072 99 01 1.2 200,172,143
072 99 00 1.2 116,88,67
072 99 00 1.2 46,25,0
072 99 00 1.2 0,0,0
072 99 00 1.2 9,120,232
073 99 06 1.2 293,312,362
073 99 07 1.2 342,314,292
073 99 04 1.2 272,257,242
073 99 02 1.2 227,208,190
073 99 00 1.2 167,153,135
073 99 00 1.2 121,97,72
073 99 00 1.2 47,29,11
073 99 00 1.2 0,16,93
073 99 02 1.2 206,304,352
073 99 08 1.2 368,366,351
073 99 07 1.2 325,301,282
073 99 03 1.2 267,254,241
073 99 02 1.2 221,199,176
073 99 00 1.2 154,130,105
073 99 00 1.2 81,57,34
073 99 00 1.2 11,0,0
073 99 00 1.2 0,38,149
073 99 04 1.2 271,351,389
073 99 08 1.3 394,417,396
073 99 07 1.3 373,346,327
073 99 04 1.3 316,297,278
073 99 02 1.3 253,230,209
073 99 00 1.3 182,158,123
073 99 00 1.3 94,65,41
073 99 00 1.3 17,0,0
073 99 00 1.3 0,29,131
073 99 03 1.3 255,340,382
072 99 08 1.3 393,390,395
072 99 07 1.3 369,343,322
072 99 03 1.3 305,286,269
072 99 01 1.3 249,224,197
072 99 00 1.3 174,149,123
072 99 00 1.3 93,66,38
072 99 00 1.3 9,0,0
072 99 00 1.3 0,0,0
072 99 00 1.3 76,207,310
072 99 07 1.4 358,370,424
072 99 08 1.4 406,382,356
072 99 05 1.4 335,315,301
072 99 02 1.4 284,262,238
072 99 00 1.4 212,185,157
072 99 00 1.4 127,100,73
072 99 00 1.4 47,23,0
072 99 00 1.4 0,0,0
072 99 00 1.4 0,0,85
072 99 02 1.4 212,310,360
072 99 08 1.4 373,441,418
072 99 07 1.4 395,371,354
072 99 04 1.4 334,316,299
072 99 02 1.4 280,257,227
072 99 00 1.4 198,168,146
072 99 00 1.4 123,102,77
072 99 00 1.4 54,32,7
072 99 00 1.4 0,0,0
072 99 00 1.4 68,190,301
070 99 07 1.3 366,383,414
070 99 08 1.3 395,374,351
070 99 05 1.3 331,317,301
070 99 02 1.3 283,260,237
070 99 01 1.3 211,185,156
070 99 00 1.3 135,114,91
070 99 00 1.3 67,45,26
070 99 00 1.3 2,0,0
070 99 00 1.3 0,70,195
070 99 05 1.3 312,389,415
070 99 08 1.4 419,441,423
070 99 05 1.4 401,381,365
070 99 03 1.4 350,334,313
070 99 02 1.4 293,270,244
070 99 01 1.4 219,196,177
070 99 00 1.4 154,132,108
070 99 00 1.4 88,69,50
070 99 00 1.4 28,21,63
070 99 01 1.4 170,301,407
070 99 06 1.4 462,483,481
070 99 06 1.4 447,424,403
070 99 04 1.4 384,371,355
070 99 02 1.4 341,322,302
070 99 02 1.4 275,250,225
070 99 01 1.4 201,178,153
070 99 00 1.4 132,112,92
070 99 00 1.4 75,56,34
070 99 00 1.4 23,57,157
070 99 02 1.4 284,390,448
069 99 06 1.4 467,468,434
069 99 05 1.4 415,393,375
069 99 03 1.4 361,345,332
069 99 02 1.4 312,289,258
069 99 01 1.4 233,209,188
069 99 01 1.4 170,149,126
069 99 00 1.4 101,78,61
069 99 00 1.4 44,23,0
069 99 00 1.4 0,40,141
069 99 02 1.4 272,369,422
069 99 06 1.4 431,439,426
069 99 05 1.4 410,386,365
069 99 03 1.4 346,333,318
069 99 02 1.4 300,278,254
069 99 01 1.4 232,207,182
069 99 01 1.4 156,136,118
069 99 00 1.4 94,75,54
069 99 00 1.4 35,13,0
069 99 00 1.4 0,42,151
069 99 03 1.4 270,361,406
069 99 06 1.4 422,429,410
069 99 04 1.4 386,364,349
069 99 03 1.4 339,326,308
069 99 02 1.4 285,260,236
069 99 01 1.4 216,194,175
069 99 01 1.4 151,132,108
069 99 00 1.4 88,68,49
069 99 00 1.4 25,7,7
069 99 00 1.4 59,156,270
069 99 04 1.4 355,397,409
067 99 05 1.3 398,378,356
067 99 04 1.3 335,315,300
067 99 02 1.3 286,271,250
067 99 02 1.3 228,208,186
067 99 01 1.3 164,139,115
067 99 00 1.3 89,69,47
067 99 00 1.3 28,4,0
067 99 00 1.3 0,0,79
067 99 02 1.3 202,319,390
067 99 06 1.4 425,433,455
067 99 05 1.4 439,418,397
067 99 04 1.4 381,372,360
067 99 02 1.4 343,319,292
067 99 02 1.4 267,239,215
067 99 01 1.4 193,170,147
067 99 00 1.4 122,102,78
067 99 00 1.4 56,36,26
067 99 00 1.4 58,147,285
067 99 04 1.4 402,473,499
067 99 04 1.5 510,508,472
067 99 05 1.5 453,432,415
067 99 03 1.5 401,386,368
067 99 02 1.5 345,321,298
067 99 01 1.5 275,252,226
067 99 00 1.5 203,182,163
067 99 00 1.5 144,122,100
067 99 00 1.5 77,61,69
067 99 00 1.5 136,256,388
067 99 05 1.5 474,519,535
065 99 05 1.5 537,467,451
065 99 05 1.5 435,421,404
065 99 03 1.5 389,371,351
065 99 02 1.5 328,306,282
065 99 01 1.5 262,242,221
065 99 01 1.5 196,169,147
065 99 00 1.5 125,104,87
065 99 00 1.5 65,51,65
065 99 00 1.5 146,272,393
065 99 05 1.5 472,510,526
065 99 06 1.5 473,458,438
065 99 04 1.5 424,410,399
065 99 03 1.5 388,370,353
065 99 02 1.5 331,307,282
065 99 01 1.5 257,237,212
065 99 00 1.5 191,166,140
065 99 00 1.5 113,91,71
065 99 00 1.5 50,32,50
065 99 00 1.5 126,250,370
065 99 05 1.5 449,488,502
065 99 06 1.5 468,455,437
065 99 04 1.5 418,404,387
065 99 03 1.5 376,358,342
065 99 02 1.5 319,295,275
065 99 01 1.5 248,228,205
065 99 00 1.5 182,155,125
065 99 00 1.5 101,81,62
065 99 00 1.5 39,19,34
065 99 00 1.5 111,231,349
065 99 05 1.5 414,443,447
063 99 05 1.3 421,411,394
063 99 04 1.3 377,361,350
063 99 03 1.3 341,326,302
063 99 02 1.3 282,255,230
063 99 01 1.3 204,180,157
063 99 00 1.3 128,104,82
063 99 00 1.3 61,38,15
063 99 00 1.3 0,0,43
063 99 01 1.3 152,282,381
063 99 06 1.4 430,446,455
063 99 06 1.4 441,421,400
063 99 04 1.4 386,369,360
063 99 03 1.4 340,323,299
063 99 02 1.4 275,251,224
063 99 01 1.4 201,174,148
063 99 00 1.4 116,91,66
063 99 00 1.4 45,22,0
063 99 00 1.4 0,0,70
063 99 01 1.4 192,324,414
063 99 04 1.5 459,470,487
063 99 05 1.5 474,456,437
063 99 04 1.5 422,411,397
063 99 03 1.5 380,355,334
063 99 02 1.5 309,288,264
063 99 01 1.5 243,224,198
063 99 00 1.5 173,142,120
063 99 00 1.5 96,75,47
063 99 00 1.5 33,59,154
063 99 02 1.5 287,405,473
063 99 06 1.5 502,506,469
063 99 05 1.5 456,439,423
063 99 04 1.5 409,394,381
063 99 03 1.5 366,349,327
063 99 02 1.5 306,280,255
063 99 01 1.5 230,211,190
063 99 00 1.5 167,140,114
063 99 00 1.5 84,61,35
063 99 00 1.5 29,73,180
063 99 02 1.5 314,419,474
063 99 06 1.5 501,509,478
063 99 05 1.5 461,440,423
063 99 04 1.5 414,404,393
063 99 03 1.5 375,356,336
063 99 02 1.5 312,287,261
063 99 01 1.5 239,218,198
063 99 00 1.5 175,151,126
063 99 00 1.5 105,87,65
063 99 00 1.5 69,126,241
063 99 03 1.5 364,451,493
063 99 06 1.4 501,435,418
063 99 05 1.4 405,386,373
063 99 03 1.4 359,348,337
063 99 02 1.4 321,301,280
063 99 02 1.4 257,234,210
063 99 01 1.4 191,166,143
063 99 00 1.4 117,97,72
063 99 00 1.4 49,26,43
063 99 00 1.4 119,243,358
063 99 05 1.4 438,476,488
062 99 06 1.5 459,444,426
062 99 04 1.5 405,393,382
062 99 03 1.5 370,353,336
062 99 02 1.5 318,296,272
062 99 01 1.5 247,224,205
062 99 00 1.5 183,162,135
062 99 00 1.5 115,94,74
062 99 00 1.5 51,61,137
062 99 01 1.5 261,384,461
062 99 06 1.5 504,518,518
062 99 06 1.5 457,444,429
062 99 04 1.5 417,403,386
062 99 03 1.5 370,352,335
062 99 02 1.5 310,284,262
062 99 01 1.5 240,222,199
062 99 00 1.5 176,154,130
062 99 00 1.5 111,90,70
062 99 00 1.5 82,156,278
062 99 03 1.5 398,475,518
062 99 06 1.5 532,536,458
062 99 05 1.5 442,421,405
062 99 03 1.5 390,376,362
062 99 02 1.5 345,328,303
062 99 02 1.5 280,255,234
062 99 01 1.5 213,190,168
062 99 00 1.5 145,122,101
062 99 00 1.5 78,59,53
062 99 00 1.5 102,206,331
062 99 04 1.5 430,485,508
061 99 06 1.5 509,448,437
061 99 05 1.5 421,407,390
061 99 03 1.5 379,366,347
061 99 02 1.5 325,301,282
061 99 01 1.5 256,227,204
061 99 00 1.5 183,167,140
061 99 00 1.5 118,90,69
061 99 00 1.5 43,34,65
061 99 00 1.5 155,274,377
061 99 05 1.5 435,455,458
061 99 05 1.3 410,394,374
061 99 04 1.3 361,350,334
061 99 02 1.3 318,297,278
061 99 02 1.3 257,234,206
061 99 01 1.3 179,150,127
061 99 00 1.3 106,84,63
061 99 00 1.3 38,14,0
061 99 00 1.3 0,18,120
061 99 02 1.3 253,352,406
061 99 06 1.4 423,425,436
061 99 05 1.4 422,404,393
061 99 04 1.4 378,362,344
061 99 02 1.4 326,305,281
061 99 01 1.4 253,226,200
061 99 00 1.4 170,144,117
061 99 00 1.4 97,70,50
061 99 00 1.4 26,4,0
061 99 00 1.4 14,107,239
061 99 04 1.4 355,423,453
061 99 06 1.5 461,464,448
061 99 05 1.5 426,412,396
061 99 03 1.5 378,359,340
061 99 02 1.5 324,303,279
061 99 01 1.5 253,228,204
061 99 00 1.5 179,155,130
061 99 00 1.5 103,78,52
061 99 00 1.5 27,7,18
061 99 00 1.5 87,208,332
061 99 05 1.5 415,453,466
061 99 06 1.4 466,447,432
061 99 04 1.4 416,399,383
061 99 03 1.4 368,354,334
061 99 02 1.4 310,287,258
061 99 01 1.4 235,207,184
061 99 00 1.4 156,132,108
061 99 00 1.4 87,64,37
061 99 00 1.4 18,28,103
061 99 01 1.4 220,338,415
061 99 06 1.4 455,471,452
061 99 05 1.4 438,417,398
061 99 04 1.4 382,367,356

0!0!0!1
1!1!1!1!1!1!1!1!1!1!1!1!1!1!1!1!2!2!2!