176927!20190902_040726!1!2
2.97!3.14!3.22!3.13!3.07!3.16!
95!52!62!601!507
483.6 3.34 52 113

054 96 04 15.7 7230,7180,5350
054 96 06 15.7 4981,4737,4630
054 96 07 15.7 4528,4355,4100
054 96 03 15.7 3790,3451,3101
054 96 00 15.7 2760,2441,2153
054 96 00 15.7 1884,1632,1378
054 96 00 15.7 1120,855,606
054 96 00 15.7 366,133,0
054 96 00 15.7 0,0,0
054 96 00 15.7 502,1921,3376
054 96 06 15.7 4418,5107,5569
054 96 08 17.2 5803,5730,5957
054 96 03 17.2 5584,5362,5269
054 96 04 17.2 5166,4967,4683
054 96 02 17.2 4338,3972,3609
054 96 01 17.2 3265,2937,2631
054 96 00 17.2 2342,2069,1796
054 96 01 17.2 1529,1252,971
054 96 00 17.2 690,417,164
054 96 01 17.2 0,0,0
054 96 01 17.2 0,0,0
054 96 01 17.2 0,1354,2927
054 96 04 17.2 4052,4741,5169
052 96 05 16.8 5394,5345,6037
052 96 04 16.8 5692,5488,5433
052 96 04 16.8 5378,5234,4980
052 96 03 16.8 4657,4292,3929
052 96 00 16.8 3582,3269,2984
052 96 00 16.8 2725,2478,2239
052 96 00 16.8 1986,1728,1469
052 96 00 16.8 1222,992,763
052 96 00 16.8 535,294,62
052 96 00 16.8 116,878,2208
052 96 03 16.8 3575,4413,4793
052 96 04 12.9 4914,4796,4483
052 96 05 12.9 4103,3862,3806
052 96 07 12.9 3802,3708,3507
052 96 02 12.9 3220,2883,2522
052 96 00 12.9 2162,1824,1512
052 96 00 12.9 1235,977,746
052 96 01 12.9 521,310,102
052 96 01 12.9 0,0,0
052 96 00 12.9 0,0,504
052 96 04 12.9 2026,3404,4226
052 96 07 14.7 4665,4884,4883
052 96 06 14.7 5422,5046,4749
052 96 06 14.7 4633,4601,4514
052 96 06 14.7 4321,4036,3689
052 96 00 14.7 3322,2975,2660
052 96 00 14.7 2371,2095,1830
052 96 00 14.7 1584,1356,1137
052 96 01 14.7 906,644,381
052 96 00 14.7 261,775,2005
052 96 06 14.7 3548,4745,5417
052 95 05 14.7 5778,5937,5604
052 95 08 14.7 5302,4936,4702
052 95 04 14.7 4627,4582,4453
052 95 07 14.7 4217,3898,3537
052 95 00 14.7 3166,2819,2503
052 95 00 14.7 2213,1941,1696
052 95 00 14.7 1485,1289,1090
052 95 00 14.7 864,632,482
052 95 00 14.7 856,1942,3423
052 95 05 14.7 4674,5393,5759
052 95 04 14.2 5910,5341,5038
052 95 06 14.2 4686,4470,4419
052 95 06 14.2 4391,4280,4053
052 95 04 14.2 3743,3386,3028
052 95 00 14.2 2684,2369,2076
052 95 00 14.2 1818,1597,1412
052 95 00 14.2 1217,979,716
052 95 00 14.2 599,1085,2226
052 95 05 14.2 3629,4690,5252
052 95 03 13.3 5518,5561,4778
052 95 06 13.3 4421,4099,3943
052 95 06 13.3 3909,3849,3693
052 95 03 13.3 3438,3109,2750
052 95 00 13.3 2391,2057,1753
052 95 00 13.3 1496,1273,1072
052 95 00 13.3 856,616,383
052 95 00 13.3 417,1115,2360
052 95 03 13.3 3692,4589,5060
053 95 05 13.3 5265,5224,4606
053 95 06 13.3 4219,3930,3827
053 95 07 13.3 3802,3724,3542
053 95 03 13.3 3268,2920,2541
053 95 00 13.3 2167,1828,1532
053 95 00 13.3 1275,1058,858
053 95 00 13.3 651,412,150
053 95 00 13.3 39,527,1679
053 95 04 13.3 3086,4148,4713
053 95 06 13.4 4967,4982,4717
053 95 06 13.4 4329,4004,3866
053 95 07 13.4 3852,3797,3638
053 95 02 13.4 3372,3039,2674
053 95 00 13.4 2317,1977,1671
053 95 00 13.4 1401,1165,964
053 95 00 13.4 777,583,358
053 95 00 13.4 114,0,294
053 95 02 13.4 1296,2646,3739
053 95 06 12.2 4299,4489,4462
053 95 05 12.2 4163,3775,3498
053 95 08 12.2 3420,3426,3370
053 95 06 12.2 3207,2947,2622
053 95 01 12.2 2261,1899,1560
053 95 00 12.2 1251,978,726
053 95 00 12.2 506,311,121
053 95 00 12.2 0,0,0
053 95 00 12.2 0,308,1684
053 95 06 12.2 3100,4001,4445
053 95 06 13.9 4622,4563,4905
053 95 06 13.9 4535,4271,4182
053 95 04 13.9 4169,4090,3892
053 95 03 13.9 3589,3224,2847
053 95 00 13.9 2482,2145,1838
053 95 00 13.9 1562,1309,1074
053 95 01 13.9 854,645,437
053 95 00 13.9 199,0,0
053 95 00 13.9 0,755,2262
053 95 06 13.9 3749,4683,5180
053 95 07 15.2 5418,5421,5520
053 95 06 15.2 5140,4842,4721
053 95 07 15.2 4698,4611,4420
053 95 05 15.2 4123,3762,3380
053 95 00 15.2 3008,2668,2351
053 95 00 15.2 2066,1799,1550
053 95 00 15.2 1298,1050,794
053 95 00 15.2 549,320,92
053 95 00 15.2 0,0,0
053 95 00 15.2 0,1265,2871
053 95 04 15.2 4121,4791,5115
053 95 06 14.8 5202,5594,5259
053 95 07 14.8 4948,4816,4830
053 95 05 14.8 4826,4709,4488
053 95 05 14.8 4187,3855,3512
053 95 00 14.8 3189,2902,2646
053 95 00 14.8 2415,2194,1975
053 95 00 14.8 1751,1514,1286
053 95 00 14.8 1062,838,596
053 95 00 14.8 351,243,737
053 95 02 14.8 1919,3374,4452
053 95 05 12.7 4954,5111,4780
053 95 06 12.7 4481,4104,3853
053 95 05 12.7 3799,3837,3809
053 95 05 12.7 3673,3432,3132
053 95 00 12.7 2798,2471,2158
053 95 00 12.7 1879,1631,1411
053 95 00 12.7 1202,995,791
053 95 00 12.7 599,401,183
053 95 00 12.7 0,0,0
053 95 00 12.7 784,2248,3704
053 95 06 12.7 4615,5084,5306
053 95 02 14.5 5310,5385,5048
053 95 06 14.5 4806,4735,4744
053 95 05 14.5 4680,4516,4255
053 95 02 14.5 3937,3597,3263
053 95 00 14.5 2958,2686,2438
053 95 00 14.5 2206,1987,1775
053 95 00 14.5 1581,1395,1215
053 95 00 14.5 1014,786,567
053 95 00 14.5 635,1409,2754
053 95 03 14.5 4166,5086,5547
053 95 04 13.6 5740,5708,4931
053 95 04 13.6 4614,4419,4400
053 95 06 13.6 4438,4386,4233
053 95 05 13.6 3991,3701,3395
053 95 00 13.6 3093,2810,2552
053 95 00 13.6 2325,2118,1915
053 95 00 13.6 1721,1539,1352
053 95 00 13.6 1139,899,678
053 95 00 13.6 732,1445,2693
053 95 06 13.6 3999,4844,5260
053 95 07 12.7 5409,4694,4408
053 95 05 12.7 4079,3879,3847
053 95 05 12.7 3841,3757,3568
053 95 03 12.7 3298,2983,2654
053 95 00 12.7 2334,2042,1777
053 95 00 12.7 1535,1311,1104
053 95 00 12.7 915,739,550
053 95 00 12.7 330,87,0
053 95 00 12.7 231,1245,2688
053 95 07 12.7 3981,4785,5249
053 95 05 14.9 5499,5510,5354
053 95 04 14.9 5014,4775,4693
053 95 04 14.9 4661,4561,4354
053 95 04 14.9 4065,3734,3397
053 95 00 14.9 3072,2765,2487
053 95 00 14.9 2237,1998,1766
053 95 00 14.9 1530,1319,1112
053 95 00 14.9 907,666,413
053 95 01 14.9 214,417,1320
053 95 02 14.9 2692,3991,4795
053 95 04 13.9 5217,5404,5369
053 95 05 13.9 4919,4628,4467
053 95 05 13.9 4467,4489,4419
053 95 05 13.9 4238,3977,3680
053 95 00 13.9 3383,3101,2845
053 95 00 13.9 2615,2412,2226
053 95 00 13.9 2057,1912,1776
053 95 00 13.9 1635,1475,1281
053 95 00 13.9 1083,1087,1679
053 95 03 13.9 2791,4008,4821
059 95 04 11.9 5219,5354,4220
059 95 04 11.9 3933,3641,3530
059 95 04 11.9 3579,3625,3558
059 95 04 11.9 3387,3146,2873
059 95 01 11.9 2589,2313,2045
059 95 00 11.9 1799,1574,1388
059 95 01 11.9 1228,1071,891
059 95 00 11.9 675,443,289
059 95 00 11.9 590,1492,2723
059 95 05 11.9 3742,4297,4541
059 96 05 11.9 4571,4082,3739
059 96 04 11.9 3438,3328,3329
059 96 04 11.9 3295,3151,2912
059 96 01 11.9 2603,2268,1934
059 96 00 11.9 1623,1340,1084
059 96 01 11.9 846,625,418
059 96 00 11.9 223,15,0
059 96 00 11.9 0,0,0
059 96 01 11.9 684,2096,3308
059 96 04 11.9 4035,4425,4607
059 96 05 14.3 4554,4944,4593
059 96 03 14.3 4363,4286,4235
059 96 05 14.3 4108,3876,3566
059 96 02 14.3 3211,2849,2514
059 96 00 14.3 2210,1938,1688
059 96 01 14.3 1453,1231,1020
059 96 00 14.3 805,566,299
059 96 01 14.3 49,123,893
059 96 01 14.3 2220,3603,4539
059 96 04 14.3 5067,5349,5407
059 96 04 14.7 5191,4828,4512
059 96 06 14.7 4370,4327,4238
059 96 07 14.7 4048,3763,3421
059 96 00 14.7 3058,2709,2386
059 96 00 14.7 2083,1800,1534
059 96 00 14.7 1281,1032,787
059 96 00 14.7 554,323,85
059 96 00 14.7 0,0,0
059 96 00 14.7 0,997,2494
059 96 04 14.7 3722,4422,4791
059 96 05 14.7 4929,5410,5114
059 96 07 14.7 4797,4638,4616
059 96 06 14.7 4592,4468,4249
059 96 03 14.7 3961,3639,3312
059 96 00 14.7 2999,2717,2468
059 96 00 14.7 2237,2020,1804
059 96 01 14.7 1598,1399,1202
059 96 00 14.7 994,762,525
059 96 00 14.7 359,645,1588
059 96 04 14.7 2910,4033,4630
059 95 05 12.2 4855,4827,4215
059 95 07 12.2 3855,3588,3521
059 95 07 12.2 3559,3539,3408
059 95 05 12.2 3175,2885,2554
059 95 00 12.2 2232,1926,1648
059 95 00 12.2 1393,1158,948
059 95 00 12.2 755,574,392
059 95 00 12.2 181,0,0
059 95 00 12.2 0,143,1313
059 95 03 12.2 2726,3779,4341
060 95 05 13.5 4604,4650,4870
060 95 04 13.5 4554,4293,4209
060 95 05 13.5 4219,4182,4040
060 95 04 13.5 3799,3501,3171
060 95 01 13.5 2847,2543,2266
060 95 00 13.5 2022,1796,1577
060 95 01 13.5 1359,1143,946
060 95 00 13.5 744,522,271
060 95 00 13.5 40,119,912
060 95 02 13.5 2269,3690,4646
060 95 05 13.5 5175,5456,5515
060 95 03 14.7 5327,5011,4749
060 95 03 14.7 4648,4627,4559
060 95 04 14.7 4392,4127,3806
060 95 01 14.7 3469,3142,2835
060 95 00 14.7 2554,2294,2056
060 95 01 14.7 1825,1610,1403
060 95 00 14.7 1206,1002,772
060 95 01 14.7 520,295,371
060 95 00 14.7 1138,2449,3817
060 95 04 14.7 4712,5179,5398
060 95 05 13.9 5396,4912,4601
060 95 08 13.9 4392,4357,4372
060 95 07 13.9 4313,4142,3889
060 95 03 13.9 3588,3278,2978
060 95 00 13.9 2707,2470,2257
060 95 01 13.9 2057,1852,1648
060 95 00 13.9 1448,1250,1026
060 95 00 13.9 781,538,427
060 95 00 13.9 851,1893,3206
060 95 06 13.9 4218,4733,4941
060 95 07 12.3 4919,4259,3926
060 95 07 12.3 3687,3632,3645
060 95 07 12.3 3595,3434,3188
060 95 01 12.3 2882,2562,2251
060 95 00 12.3 1967,1705,1466
060 95 00 12.3 1239,1031,835
060 95 01 12.3 649,445,215
060 95 00 12.3 0,0,0
060 95 00 12.3 770,2101,3414
060 95 06 12.3 4258,4714,4939
060 95 04 14.1 4935,4953,4625
060 95 07 14.1 4391,4316,4291
060 95 07 14.1 4201,4006,3733
060 95 01 14.1 3420,3101,2798
060 95 00 14.1 2507,2242,1988
060 95 00 14.1 1741,1500,1276
060 95 00 14.1 1072,875,654
060 95 00 14.1 406,142,49
060 95 00 14.1 563,1733,3147
060 95 06 14.1 4213,4795,5087
060 95 04 13.9 5166,4977,4662
060 95 06 13.9 4372,4244,4223
060 95 06 13.9 4174,4024,3779
060 95 02 13.9 3473,3145,2832
060 95 00 13.9 2531,2263,2014
060 95 00 13.9 1797,1588,1400
060 95 01 13.9 1220,1036,827
060 95 00 13.9 598,379,347
060 95 00 13.9 904,2019,3283
060 95 05 13.9 4134,4514,4604
060 95 08 11.7 4154,3835,3507
060 95 06 11.7 3347,3354,3369
060 95 06 11.7 3286,3098,2833
060 95 00 11.7 2521,2198,1889
060 95 00 11.7 1603,1342,1104
060 95 00 11.7 892,700,529
060 95 01 11.7 344,130,0
060 95 00 11.7 0,0,434
060 95 01 11.7 1701,3050,3946
060 95 04 13.5 4403,4599,4581
060 95 05 13.5 4712,4396,4177
060 95 06 13.5 4135,4145,4084
060 95 06 13.5 3911,3656,3349
060 95 00 13.5 3034,2723,2432
060 95 00 13.5 2167,1929,1709
060 95 00 13.5 1499,1301,1113
060 95 00 13.5 912,674,419
060 95 00 13.5 252,600,1648
060 95 06 13.5 3090,4336,5084
060 95 04 14.9 5504,5703,5666
060 95 06 14.9 5146,4811,4596
060 95 04 14.9 4532,4489,4363
060 95 06 14.9 4137,3839,3504
060 95 00 14.9 3171,2864,2578
060 95 00 14.9 2317,2075,1856
060 95 00 14.9 1643,1440,1239
060 95 00 14.9 1027,794,542
060 95 00 14.9 370,629,1564
060 95 06 14.9 2907,4118,4845
060 95 04 13.7 5218,5362,4895
060 95 07 13.7 4614,4318,4170
060 95 05 13.7 4150,4119,3997
060 95 06 13.7 3786,3513,3208
060 95 00 13.7 2894,2592,2311
060 95 01 13.7 2059,1823,1605
060 95 00 13.7 1400,1202,1001
060 95 00 13.7 785,547,311
060 95 00 13.7 222,695,1783
060 95 06 13.7 3134,4177,4748
060 95 06 13.4 5016,5053,4642
060 95 05 13.4 4303,4022,3919
060 95 04 13.4 3915,3855,3702
060 95 04 13.4 3456,3164,2847
060 95 00 13.4 2537,2254,1997
060 95 00 13.4 1766,1552,1352
060 95 01 13.4 1153,954,758
060 95 01 13.4 553,322,66
060 95 00 13.4 0,71,988
060 95 04 13.4 2376,3692,4529
060 95 04 14.8 4994,5222,5209
060 95 05 14.8 5096,4743,4493
060 95 06 14.8 4415,4380,4274
060 95 06 14.8 4063,3781,3458
060 95 00 14.8 3142,2844,2579
060 95 00 14.8 2337,2118,1900
060 95 00 14.8 1688,1472,1263
060 95 00 14.8 1036,798,531
060 95 01 14.8 283,237,816
060 95 03 14.8 1991,3353,4342
060 95 05 14.8 4879,5138,5171
060 95 06 13.8 4751,4396,4108
060 95 07 13.8 4003,3985,3917
060 95 07 13.8 3739,3480,3168
060 95 00 13.8 2849,2533,2249
060 95 00 13.8 1985,1746,1516
060 95 01 13.8 1306,1108,919
060 95 00 13.8 725,506,271
060 95 00 13.8 41,49,676
060 95 02 13.8 1827,3064,3852
060 95 08 11.9 4203,4271,4110
060 95 06 11.9 3779,3470,3337
060 95 07 11.9 3343,3337,3224
060 95 05 11.9 3011,2729,2417
060 95 00 11.9 2098,1789,1501
060 95 00 11.9 1233,989,766
060 95 00 11.9 576,400,209
060 95 00 11.9 0,0,0
060 95 00 11.9 0,480,1770
060 95 07 11.9 3023,3787,4152
060 95 06 13.0 4273,4659,4360
060 95 05 13.0 4023,3835,3802
060 95 05 13.0 3798,3702,3497
060 95 03 13.0 3209,2880,2545
060 95 00 13.0 2224,1920,1645
060 95 00 13.0 1392,1176,979
060 95 00 13.0 795,597,374
060 95 00 13.0 142,0,309
060 95 02 13.0 1315,2717,3933
060 95 07 13.0 4655,5033,5188
060 95 07 14.2 5110,4800,4448
060 95 05 14.2 4240,4195,4169
060 95 07 14.2 4053,3830,3535
060 95 00 14.2 3212,2880,2557
060 95 00 14.2 2256,1981,1735
060 95 00 14.2 1508,1308,1106
060 95 00 14.2 875,617,389
060 95 00 14.2 526,1331,2607
060 95 06 14.2 3838,4578,4936
060 95 06 12.9 5055,4579,4277
060 95 07 12.9 3942,3752,3712
060 95 07 12.9 3687,3571,3346
060 95 03 12.9 3045,2708,2370
060 95 00 12.9 2046,1750,1485
060 95 00 12.9 1260,1057,850
060 95 00 12.9 614,361,181
060 95 00 12.9 439,1330,2587
060 95 06 12.9 3657,4235,4467
060 95 06 11.9 4460,4042,3672
060 95 03 11.9 3361,3231,3211
060 95 04 11.9 3158,3009,2767
060 95 00 11.9 2462,2123,1778
060 95 00 11.9 1450,1147,876
060 95 00 11.9 639,438,250
060 95 00 11.9 38,0,0
060 95 01 11.9 0,130,1313
060 95 03 11.9 2614,3470,3849
061 95 04 12.2 3949,4340,4023
061 95 05 12.2 3673,3470,3440
061 95 07 12.2 3437,3348,3149
061 95 02 12.2 2873,2550,2217
061 95 00 12.2 1888,1585,1306
061 95 00 12.2 1064,854,671
061 95 00 12.2 497,299,76
061 95 00 12.2 0,0,338
061 95 03 12.2 1459,2723,3545
061 95 06 11.1 3848,3843,3835
061 95 06 11.1 3448,3105,2963
061 95 05 11.1 2984,2996,2898
061 95 05 11.1 2700,2429,2114
061 95 00 11.1 1771,1438,1130
061 95 00 11.1 862,628,429
061 95 00 11.1 255,87,0
061 95 00 11.1 0,0,0
061 95 00 11.1 352,1678,2973
061 95 07 11.1 3719,4016,4063
061 95 05 12.4 4495,4167,3842
061 95 03 12.4 3675,3672,3672
061 95 05 12.4 3585,3386,3104
061 95 00 12.4 2775,2440,2119
061 95 00 12.4 1818,1540,1290
061 95 00 12.4 1077,891,715
061 95 00 12.4 525,294,44
061 95 00 12.4 0,487,1728
061 95 05 12.4 3232,4345,4927
061 95 02 14.3 5209,5280,5196
061 95 06 14.3 4877,4582,4453
061 95 06 14.3 4436,4391,4244
061 95 05 14.3 3997,3695,3359
061 95 00 14.3 3029,2712,2423
061 95 00 14.3 2155,1904,1680
061 95 00 14.3 1480,1293,1078
061 95 00 14.3 828,560,433
061 95 00 14.3 913,2064,3501
061 95 06 14.3 4584,5163,5431
061 95 05 13.6 5480,4862,4525
061 95 07 13.6 4231,4119,4115
061 95 06 13.6 4083,3944,3711
061 95 02 13.6 3414,3091,2772
061 95 00 13.6 2472,2196,1946
061 95 00 13.6 1715,1506,1310
061 95 01 13.6 1140,965,773
061 95 00 13.6 551,336,308
061 95 00 13.6 887,2022,3302
061 95 06 13.6 4142,4495,4546
061 95 07 11.6 4083,3737,3413
061 95 07 11.6 3280,3309,3341
061 95 06 11.6 3268,3090,2834
061 95 00 11.6 2531,2217,1910
061 95 00 11.6 1630,1373,1147
061 95 00 11.6 946,775,610
061 95 00 11.6 435,219,0
061 95 00 11.6 0,189,1203
061 95 05 11.6 2555,3658,4255
061 95 08 12.8 4514,4558,4538
061 95 05 12.8 4222,3944,3834
061 95 06 12.8 3843,3820,3702
061 95 05 12.8 3477,3189,2873
061 95 00 12.8 2553,2253,1971
061 95 00 12.8 1718,1489,1284
061 95 00 12.8 1099,923,734
061 95 00 12.8 508,264,90
061 95 00 12.8 399,1402,2812
061 95 06 12.8 4042,4759,5126
061 95 08 14.0 5268,5094,4817
061 95 05 14.0 4500,4320,4280
061 95 07 14.0 4260,4153,3949
061 95 04 14.0 3664,3342,3013
061 95 00 14.0 2706,2426,2171
061 95 00 14.0 1941,1724,1533
061 95 01 14.0 1354,1172,962
061 95 00 14.0 733,529,632
061 95 00 14.0 1375,2608,3838
061 95 05 14.0 4592,4931,5015
061 95 04 12.4 4373,4076,3787
061 95 05 12.4 3659,3672,3684
061 95 07 12.4 3597,3417,3165
061 95 01 12.4 2884,2587,2293
061 95 00 12.4 2016,1765,1548
061 95 00 12.4 1349,1180,1012
061 95 00 12.4 827,606,371
061 95 00 12.4 254,651,1667
061 95 04 12.4 2968,3993,4539
061 95 06 12.6 4775,4784,4321
061 95 05 12.6 4002,3756,3683
061 95 04 12.6 3684,3635,3491
061 95 04 12.6 3265,2980,2672
061 95 00 12.6 2364,2079,1816
061 95 00 12.6 1580,1366,1180
061 95 00 12.6 1009,837,637
061 95 01 12.6 404,180,183
061 95 00 12.6 818,2027,3390
061 95 04 12.6 4373,4928,5218
061 95 04 14.3 5283,4979,4656
061 95 06 14.3 4375,4256,4220
061 95 07 14.3 4145,3976,3724
061 95 03 14.3 3422,3102,2790
061 95 00 14.3 2506,2245,2008
061 95 00 14.3 1786,1579,1392
061 95 01 14.3 1210,1013,792
061 95 00 14.3 559,422,742
061 95 01 14.3 1687,2978,4075
061 95 07 14.3 4704,5006,5075
061 95 03 13.1 4479,4146,3851
061 95 04 13.1 3741,3744,3708
061 95 05 13.1 3571,3351,3080
061 95 00 13.1 2785,2491,2214
061 95 00 13.1 1965,1734,1514
061 95 00 13.1 1305,1113,928
061 95 00 13.1 738,514,282
061 95 00 13.1 95,284,1114
061 95 04 13.1 2378,3562,4276
061 95 06 13.1 4620,4732,4517
061 95 07 13.1 4202,3873,3703
061 95 06 13.1 3672,3644,3519
061 95 07 13.1 3310,3024,2720
061 95 00 13.1 2412,2126,1855
061 95 00 13.1 1602,1370,1156
061 95 01 13.1 966,782,599
061 95 00 13.1 389,155,0
061 95 00 13.1 0,657,1899
061 95 07 13.1 3255,4210,4756
061 95 08 14.6 5043,5095,5005
061 95 06 14.6 4658,4365,4231
061 95 07 14.6 4185,4092,3911
061 95 05 14.6 3644,3326,2986
061 95 00 14.6 2664,2366,2096
061 95 00 14.6 1841,1595,1366
061 95 00 14.6 1148,944,726
061 95 00 14.6 488,222,0
061 95 00 14.6 79,841,2119
061 95 07 14.6 3418,4265,4700
061 95 03 13.8 4890,4841,4601
061 95 06 13.8 4239,4000,3941
061 95 04 13.8 3930,3844,3649
061 95 03 13.8 3380,3069,2751
061 95 00 13.8 2443,2160,1906
061 95 00 13.8 1681,1470,1275
061 95 00 13.8 1090,921,736
061 95 00 13.8 528,295,133
061 95 00 13.8 413,1325,2605
061 95 06 13.8 3697,4303,4559
062 95 02 12.6 4579,4235,3893
062 95 07 12.6 3612,3506,3505
062 95 07 12.6 3458,3316,3097
062 95 02 12.6 2821,2515,2199
062 95 00 12.6 1912,1662,1446
062 95 00 12.6 1222,985,735
062 95 00 12.6 486,239,5
062 95 00 12.6 0,0,0
062 95 00 12.6 0,0,0
062 95 00 12.6 0,0,0
062 95 00 12.6 0,0,0
062 95 00 12.6 0,0,0
062 95 00 12.6 0,0,0
062 95 00 12.6 0,0,0
062 95 01 12.6 0,0,0
062 95 00 12.6 0,0,0
062 95 00 12.6 0,0,0

0!0!0!0
1!1!1!1!1!1!1!1!1!1!1!1!1!1!1!1!1!1!1!