176927!20190904_121245!1!1
2.66!2.88!2.87!2.85!2.92!3.09!
96!57!62!267!267
505.8 2.83 33 43

058 97 07 2.4 1040,1448,1626
057 97 07 3.6 1640,1710,1542
057 97 06 3.6 1343,1185,1088
057 97 03 3.6 1033,979,893
057 97 00 3.6 799,703,627
057 97 00 3.6 551,482,414
057 97 00 3.6 362,326,292
057 97 00 3.6 257,217,185
057 97 00 3.6 157,145,258
057 97 04 3.6 640,1206,1716
057 97 07 3.7 1958,2003,1795
057 97 06 3.7 1654,1448,1260
057 97 04 3.7 1134,1066,1003
057 97 00 3.7 925,819,713
057 97 00 3.7 611,533,455
057 97 00 3.7 396,339,299
057 97 00 3.7 257,217,177
057 97 00 3.7 143,110,106
057 97 00 3.7 232,611,1130
057 97 05 3.3 1558,1732,1711
057 97 06 3.3 1483,1297,1100
057 97 04 3.3 950,859,796
057 97 00 3.3 731,644,550
057 97 00 3.3 462,396,330
057 97 00 3.3 275,217,167
057 97 00 3.3 119,77,43
057 97 00 3.3 8,0,0
057 97 00 3.3 0,124,531
057 97 05 3.3 1038,1410,1521
057 97 03 3.2 1520,1361,1154
057 97 07 3.2 961,840,783
057 97 00 3.2 743,684,612
057 97 00 3.2 526,448,376
057 97 00 3.2 309,251,195
057 97 00 3.2 159,125,95
057 97 00 3.2 58,28,0
057 97 00 3.2 0,0,188
057 97 06 3.2 587,1029,1306
057 97 06 2.8 1344,1276,1096
057 97 05 2.8 906,754,667
057 97 00 2.8 624,587,540
057 97 00 2.8 470,392,323
057 97 01 2.8 267,213,165
057 97 00 2.8 121,86,58
057 97 00 2.8 28,0,0
057 97 01 2.8 0,0,0
057 97 00 2.8 0,251,660
057 97 06 2.5 1019,1165,1216
057 97 05 2.5 1067,886,730
057 97 02 2.5 629,574,541
057 97 00 2.5 506,453,389
057 97 00 2.5 317,253,200
057 97 01 2.5 156,126,94
057 97 02 2.5 65,29,4
057 97 02 2.5 0,0,0
057 97 00 2.5 0,0,0
057 97 03 2.5 216,610,945
058 97 04 2.4 1079,1145,996
058 97 04 2.4 831,692,607
058 97 01 2.4 556,523,485
058 97 00 2.4 437,375,314
058 97 01 2.4 254,207,167
058 97 02 2.4 136,104,75
058 97 02 2.4 43,15,0
058 97 00 2.4 0,0,0
058 97 00 2.4 0,0,99
058 97 04 2.4 454,836,1059
058 97 05 2.4 1068,1076,921
058 97 05 2.4 773,665,607
058 97 01 2.4 569,537,491
058 97 00 2.4 436,376,323
058 97 00 2.4 281,234,190
058 97 01 2.4 149,116,90
058 97 01 2.4 64,39,15
058 97 00 2.4 0,0,0
058 97 00 2.4 0,0,139
058 97 05 2.4 503,893,1125
058 97 03 2.5 1149,1126,968
058 97 05 2.5 810,696,638
058 97 01 2.5 610,586,544
058 97 00 2.5 483,423,366
058 97 00 2.5 328,287,254
058 97 00 2.5 222,193,169
058 97 00 2.5 142,122,95
058 97 00 2.5 69,42,15
058 97 00 2.5 0,0,121
058 97 03 2.5 421,787,1051
058 96 05 2.2 1112,1040,909
058 96 05 2.2 769,668,600
058 96 01 2.2 566,537,499
058 96 00 2.2 449,388,335
058 96 00 2.2 293,254,211
058 96 00 2.2 171,144,118
058 96 00 2.2 101,72,54
058 96 00 2.2 19,0,0
058 96 00 2.2 0,31,293
058 96 05 2.2 698,1059,1222
058 96 04 2.5 1195,1122,973
058 96 05 2.5 832,739,691
058 96 02 2.5 667,635,585
058 96 00 2.5 514,449,386
058 96 00 2.5 342,297,264
058 96 00 2.5 230,201,167
058 96 00 2.5 136,107,82
058 96 00 2.5 53,27,17
058 96 00 2.5 127,491,1040
058 96 05 3.6 1546,1802,1851
058 96 04 3.6 1781,1649,1478
058 96 06 3.6 1327,1250,1213
058 96 05 3.6 1177,1109,1013
058 96 00 3.6 906,800,712
058 96 00 3.6 632,573,525
058 96 00 3.6 487,442,404
058 96 00 3.6 363,331,298
058 96 00 3.6 264,231,215
058 96 00 3.6 322,705,1285
058 96 07 3.6 1830,2113,2180
058 96 07 3.9 1916,1778,1598
058 96 06 3.9 1438,1362,1344
058 96 06 3.9 1326,1259,1140
058 96 00 3.9 996,870,765
058 96 00 3.9 687,621,565
058 96 00 3.9 519,473,433
058 96 00 3.9 399,367,326
058 96 00 3.9 284,250,219
058 96 01 3.9 213,344,741
058 96 06 3.9 1289,1735,1922
058 96 05 3.4 1912,1592,1428
058 96 06 3.4 1259,1155,1129
058 96 06 3.4 1129,1117,1053
058 96 01 3.4 962,846,740
058 96 00 3.4 638,562,498
058 96 00 3.4 451,400,354
058 96 00 3.4 304,260,214
058 96 00 3.4 178,139,105
058 96 00 3.4 117,308,740
058 96 05 3.2 1241,1590,1683
058 96 07 3.2 1511,1355,1168
058 96 08 3.2 1018,935,899
058 96 01 3.2 869,810,723
058 96 00 3.2 621,525,441
058 96 00 3.2 373,317,264
058 96 00 3.2 215,167,133
058 96 00 3.2 95,53,8
058 96 00 3.2 0,0,0
058 96 03 3.2 252,829,1484
058 96 06 3.2 1946,2134,2187
058 96 07 4.5 2201,2060,1867
058 96 06 4.5 1709,1629,1585
058 96 06 4.5 1530,1427,1288
058 96 00 4.5 1136,997,880
058 96 00 4.5 785,703,636
058 96 00 4.5 577,523,476
058 96 00 4.5 429,383,342
058 96 00 4.5 300,255,227
058 96 00 4.5 321,732,1363
058 96 05 4.5 1986,2328,2448
058 96 06 4.5 2446,2117,1929
058 96 07 4.5 1723,1587,1525
058 96 05 4.5 1478,1401,1287
058 96 00 4.5 1145,1003,875
058 96 00 4.5 777,690,613
058 96 00 4.5 548,491,446
058 96 00 4.5 399,354,306
058 96 00 4.5 272,241,202
058 96 00 4.5 162,187,439
058 96 05 4.5 962,1534,1920
058 96 06 3.8 2032,2007,1722
058 96 06 3.8 1538,1361,1259
058 96 06 3.8 1230,1204,1149
058 96 01 3.8 1048,923,789
058 96 00 3.8 665,564,485
058 96 00 3.8 420,353,298
058 96 00 3.8 249,208,169
058 96 00 3.8 122,81,33
058 96 00 3.8 15,139,554
058 96 06 3.8 1157,1697,1974
059 96 07 4.1 2035,1969,1809
059 96 03 4.1 1601,1420,1321
059 96 03 4.1 1281,1234,1157
059 96 00 4.1 1031,888,748
059 96 00 4.1 636,543,466
059 96 00 4.1 401,342,287
059 96 00 4.1 234,187,144
059 96 00 4.1 101,59,24
059 96 00 4.1 90,463,1111
059 96 04 4.1 1786,2214,2389
059 96 05 4.9 2440,2353,2196
059 96 08 4.9 1998,1838,1760
059 96 07 4.9 1714,1652,1540
059 96 00 4.9 1386,1220,1058
059 96 00 4.9 928,820,728
059 96 01 4.9 650,584,529
059 96 01 4.9 475,420,367
059 96 00 4.9 318,269,230
059 96 00 4.9 189,185,363
059 96 04 4.9 872,1525,2060
059 96 05 4.4 2298,2355,2129
059 96 07 4.4 1978,1786,1627
059 96 07 4.4 1556,1539,1508
059 96 04 4.4 1421,1285,1133
059 96 00 4.4 986,854,737
059 96 00 4.4 647,576,511
059 96 02 4.4 445,384,322
059 96 00 4.4 265,212,166
059 96 00 4.4 121,82,94
059 96 02 4.4 345,880,1507
059 96 06 4.1 1940,2091,2085
059 96 04 4.1 1908,1718,1515
059 96 05 4.1 1371,1313,1276
059 96 02 4.1 1210,1101,963
059 96 00 4.1 821,685,574
059 96 00 4.1 481,405,338
059 96 02 4.1 276,222,167
059 96 00 4.1 116,63,16
059 96 00 4.1 0,0,0
059 96 01 4.1 172,734,1432
059 96 05 4.1 1973,2213,2294
059 96 05 4.8 2267,2215,2011
059 96 07 4.8 1825,1716,1659
059 96 05 4.8 1601,1502,1359
059 96 00 4.8 1198,1027,883
059 96 01 4.8 757,661,580
059 96 00 4.8 513,445,386
059 96 01 4.8 330,281,230
059 96 00 4.8 180,131,90
059 96 00 4.8 82,235,720
059 96 06 4.8 1388,1982,2277
059 96 05 4.7 2382,2380,2191
059 96 04 4.7 1994,1804,1694
059 96 07 4.7 1650,1595,1502
059 96 01 4.7 1366,1213,1063
059 96 00 4.7 922,801,694
059 96 00 4.7 609,536,476
059 96 00 4.7 423,371,320
059 96 00 4.7 272,224,179
059 96 00 4.7 128,88,51
059 96 00 4.7 75,308,801
059 96 06 4.7 1360,1734,1840
060 96 03 3.6 1742,1598,1393
060 96 05 3.6 1197,1077,1020
060 96 01 3.6 977,904,800
060 96 00 3.6 683,566,458
060 96 00 3.6 372,302,241
060 96 00 3.6 183,130,87
060 96 00 3.6 41,0,0
060 96 00 3.6 0,0,0
060 96 00 3.6 0,0,101
060 96 05 3.6 620,1204,1606
060 96 08 4.0 1761,1775,1878
060 96 06 4.0 1706,1512,1367
060 96 06 4.0 1288,1241,1172
060 96 00 4.0 1074,938,805
060 96 00 4.0 677,573,483
060 96 00 4.0 410,353,307
060 96 00 4.0 256,209,166
060 96 00 4.0 121,80,35
060 96 00 4.0 2,0,21
060 96 03 4.0 335,912,1527
060 96 06 4.3 1927,2080,2113
060 96 06 4.3 2071,1900,1687
060 96 06 4.3 1527,1442,1398
060 96 02 4.3 1325,1217,1074
060 96 00 4.3 932,805,700
060 96 00 4.3 621,551,490
060 96 00 4.3 430,383,338
060 96 00 4.3 294,245,200
060 96 00 4.3 159,122,88
060 96 00 4.3 61,69,272
060 96 05 4.3 743,1327,1763
059 96 07 3.9 1941,1955,1811
059 96 05 3.9 1641,1447,1315
059 96 06 3.9 1257,1228,1171
059 96 01 3.9 1076,960,841
059 96 00 3.9 722,622,530
059 96 00 3.9 453,393,339
059 96 00 3.9 300,251,210
059 96 00 3.9 160,115,70
059 96 00 3.9 29,0,0
059 96 00 3.9 95,467,1008
059 96 04 3.6 1483,1708,1743
059 96 05 3.6 1677,1512,1314
059 96 05 3.6 1166,1088,1049
059 96 02 3.6 1003,930,815
059 96 00 3.6 693,571,483
059 96 00 3.6 396,329,264
059 96 00 3.6 217,174,131
059 96 00 3.6 90,54,11
059 96 00 3.6 0,0,0
059 96 00 3.6 0,143,646
059 96 03 3.6 1252,1720,1929
059 96 05 4.2 1986,2044,1897
059 96 06 4.2 1703,1540,1453
059 96 06 4.2 1408,1350,1252
059 96 00 4.2 1118,975,842
059 96 00 4.2 730,640,567
059 96 00 4.2 503,450,397
059 96 00 4.2 349,296,247
059 96 00 4.2 202,159,120
059 96 00 4.2 83,89,284
059 96 05 4.2 769,1400,1907
058 96 04 4.3 2154,2221,2110
058 96 07 4.3 1978,1788,1628
058 96 07 4.3 1537,1499,1450
058 96 03 4.3 1356,1219,1070
058 96 00 4.3 934,815,710
058 96 00 4.3 621,551,490
058 96 00 4.3 436,387,343
058 96 00 4.3 294,247,198
058 96 00 4.3 159,116,79
058 96 00 4.3 57,132,458
058 96 05 4.3 999,1536,1845
058 96 05 3.8 1923,1807,1647
058 96 05 3.8 1449,1294,1227
058 96 06 3.8 1202,1169,1094
058 96 00 3.8 984,855,732
058 96 00 3.8 626,544,466
058 96 00 3.8 395,331,278
058 96 00 3.8 229,180,139
058 96 00 3.8 98,55,8
058 96 00 3.8 0,0,0
058 96 02 3.8 262,781,1318
058 96 05 3.7 1648,1751,1786
058 96 06 3.7 1649,1447,1274
058 96 06 3.7 1174,1133,1096
058 96 00 3.7 1032,927,804
058 96 00 3.7 680,582,499
058 96 00 3.7 427,368,309
058 96 00 3.7 264,213,164
058 96 00 3.7 119,72,39
058 96 00 3.7 0,0,0
058 96 00 3.7 81,514,1118
058 96 02 3.7 1667,1952,2043
058 96 04 4.2 2067,1942,1756
058 96 06 4.2 1579,1476,1428
058 96 07 4.2 1389,1310,1193
058 96 00 4.2 1045,908,788
058 96 00 4.2 692,606,531
058 96 00 4.2 471,410,357
058 96 00 4.2 308,265,218
058 96 00 4.2 171,126,87
058 96 00 4.2 58,91,362
058 96 03 4.2 902,1524,1944
058 96 03 4.2 2118,2134,2009
058 96 05 4.2 1838,1647,1502
058 96 07 4.2 1428,1391,1331
058 96 01 4.2 1235,1097,959
058 96 00 4.2 826,718,626
058 96 00 4.2 556,493,439
058 96 00 4.2 384,329,281
058 96 00 4.2 232,191,142
058 96 00 4.2 107,74,47
058 96 00 4.2 23,104,435
058 96 06 4.2 961,1461,1728
058 97 07 3.5 1770,1664,1499
058 97 05 3.5 1317,1173,1108
058 97 04 3.5 1077,1035,950
058 97 00 3.5 841,721,611
058 97 00 3.5 513,436,371
058 97 00 3.5 314,261,211
058 97 00 3.5 164,117,69
058 97 00 3.5 28,0,0
058 97 00 3.5 0,0,0
058 97 03 3.5 290,809,1324
058 97 05 3.6 1621,1697,1747
058 97 06 3.6 1606,1420,1252
058 97 06 3.6 1163,1118,1079
058 97 01 3.6 1001,900,778
058 97 00 3.6 668,567,486
058 97 00 3.6 419,363,314
058 97 00 3.6 265,222,183
058 97 00 3.6 142,99,58
058 97 00 3.6 16,0,0
058 97 01 3.6 191,675,1279
058 97 03 4.0 1746,1945,1975
058 97 05 4.0 1927,1766,1571
058 97 06 4.0 1426,1354,1322
058 97 04 4.0 1271,1177,1042
058 97 00 4.0 903,781,681
058 97 00 4.0 594,517,455
058 97 00 4.0 398,351,308
058 97 00 4.0 265,224,181
058 97 00 4.0 138,93,57
058 97 00 4.0 39,158,558
058 97 06 4.0 1156,1699,1982
058 97 07 4.1 2059,1971,1826
058 97 04 4.1 1629,1466,1377
058 97 04 4.1 1340,1291,1206
058 97 01 4.1 1088,957,834
058 97 00 4.1 720,630,555
058 97 00 4.1 491,436,377
058 97 00 4.1 332,286,247
058 97 00 4.1 204,159,118
058 97 00 4.1 77,50,78
058 97 01 4.1 308,759,1254
058 97 05 3.3 1577,1659,1547
058 97 06 3.3 1389,1194,1036
058 97 04 3.3 961,935,902
058 97 00 3.3 840,750,642
058 97 00 3.3 527,426,349
058 97 00 3.3 288,237,188
058 97 00 3.3 141,92,53
058 97 00 3.3 16,0,0
058 97 00 3.3 0,0,0
058 97 01 3.3 99,568,1109
058 97 07 3.6 1503,1655,1663
058 97 07 3.6 1706,1537,1357
058 97 04 3.6 1236,1175,1135
058 97 02 3.6 1074,982,868
058 97 00 3.6 750,633,540
058 97 00 3.6 459,404,353
058 97 00 3.6 310,267,217
058 97 00 3.6 175,133,94
058 97 00 3.6 53,20,96
058 97 00 3.6 437,1008,1583
058 97 04 4.2 1936,2070,2078
058 97 04 4.2 1961,1777,1589
058 97 06 4.2 1467,1412,1367
058 97 04 4.2 1290,1176,1041
058 97 00 4.2 908,780,676
058 97 00 4.2 591,522,461
058 97 00 4.2 404,362,315
058 97 00 4.2 271,220,177
058 97 00 4.2 134,93,76
058 97 00 4.2 219,659,1272
058 97 05 4.2 1807,2075,2149
057 97 08 4.2 2028,1877,1675
057 97 04 4.2 1502,1417,1376
057 97 06 4.2 1338,1252,1132
057 97 00 4.2 991,856,746
057 97 00 4.2 648,567,499
057 97 00 4.2 438,387,326
057 97 00 4.2 279,238,203
057 97 00 4.2 160,119,91
057 97 00 4.2 130,383,866
057 97 07 4.2 1401,1745,1847
057 97 06 3.5 1693,1536,1340
057 97 05 3.5 1190,1120,1094
057 97 03 3.5 1071,1007,914
057 97 00 3.5 797,677,567
057 97 00 3.5 470,393,326
057 97 00 3.5 272,223,180
057 97 00 3.5 135,84,36
057 97 00 3.5 0,0,0
057 97 01 3.5 190,667,1244
057 97 06 3.8 1677,1846,1832
057 97 06 3.8 1739,1554,1399
057 97 07 3.8 1317,1292,1263
057 97 04 3.8 1202,1105,985
057 97 00 3.8 864,746,640
057 97 00 3.8 554,479,427
057 97 00 3.8 368,321,270
057 97 00 3.8 219,174,121
057 97 00 3.8 90,153,522
057 97 04 3.8 1155,1801,2203
058 97 06 4.6 2352,2374,2198
058 97 04 4.6 2033,1860,1767
058 97 03 4.6 1751,1753,1706
058 97 04 4.6 1607,1466,1311
058 97 01 4.6 1153,1007,893
058 97 00 4.6 800,728,657
058 97 02 4.6 593,532,468
058 97 00 4.6 403,347,304
058 97 00 4.6 364,723,1348
058 97 05 4.6 1998,2388,2514
058 97 04 4.5 2500,2076,1876
058 97 04 4.5 1680,1564,1531
058 97 04 4.5 1497,1422,1296
058 97 01 4.5 1148,993,863
058 97 00 4.5 747,648,561
058 97 02 4.5 486,428,373
058 97 01 4.5 315,260,200
058 97 00 4.5 155,121,213
058 97 02 4.5 569,1126,1645
058 97 03 3.7 1914,1949,1722
058 97 07 3.7 1529,1308,1149
058 97 03 3.7 1068,1030,972
058 97 00 3.7 874,755,626
058 97 00 3.7 515,416,345
058 97 00 3.7 280,230,176
058 97 00 3.7 125,67,12
058 97 00 3.7 0,0,0
058 97 01 3.7 131,622,1258
059 97 06 4.2 1748,1961,1986
059 97 06 4.2 1992,1816,1600
059 97 06 4.2 1417,1309,1240
059 97 00 4.2 1169,1062,936
059 97 00 4.2 809,699,605
059 97 00 4.2 519,450,386
059 97 00 4.2 333,283,241
059 97 00 4.2 196,146,99
059 97 00 4.2 130,420,1001
059 97 06 4.2 1643,2072,2227
059 97 07 4.4 2233,2042,1859
059 97 06 4.4 1655,1496,1406
059 97 03 4.4 1344,1263,1143
059 97 00 4.4 990,839,704
059 97 00 4.4 594,507,434
059 97 01 4.4 365,299,240
059 97 01 4.4 190,146,105
059 97 00 4.4 91,244,725
059 97 05 4.4 1378,1939,2190
059 97 04 4.4 2248,2091,1920
059 97 05 4.4 1685,1472,1338
059 97 02 4.4 1261,1180,1070
059 97 00 4.4 927,781,652
059 97 00 4.4 541,452,379
059 97 01 4.4 317,264,208
059 97 00 4.4 159,105,56
059 97 00 4.4 30,155,572
059 97 05 4.4 1167,1682,1922
060 97 07 3.9 1955,1826,1636
060 97 07 3.9 1400,1209,1094
060 97 00 3.9 1020,945,845
060 97 00 3.9 720,595,481
060 97 00 3.9 391,321,263
060 97 00 3.9 210,156,107
060 97 00 3.9 61,16,0
060 97 00 3.9 0,0,170
060 97 05 3.9 630,1149,1481
060 97 07 3.3 1548,1525,1334
060 97 05 3.3 1116,931,821
060 97 00 3.3 752,696,625
060 97 00 3.3 545,452,368
060 97 00 3.3 289,229,180
060 97 00 3.3 130,85,39
060 97 00 3.3 0,0,0
060 97 00 3.3 0,0,0
060 97 00 3.3 0,312,664
060 97 05 2.1 867,852,858
060 97 07 2.1 677,533,440
060 97 00 2.1 383,339,295
060 97 00 2.1 250,192,135
060 97 00 2.1 73,24,0
060 97 00 2.1 0,0,0
060 97 00 2.1 0,0,0
060 97 00 2.1 0,0,0
060 97 00 2.1 0,94,475
061 97 08 2.3 764,845,1092
061 97 06 2.3 950,800,673
061 97 01 2.3 580,520,471
061 97 00 2.3 427,371,316
061 97 00 2.3 253,196,143
061 97 01 2.3 103,68,31
061 97 01 2.3 0,0,0
061 97 01 2.3 0,0,0
061 97 00 2.3 0,85,498
061 97 04 2.9 950,1237,1298
061 97 06 2.9 1377,1220,1041
061 97 05 2.9 894,801,743
061 97 00 2.9 686,628,555
061 97 00 2.9 488,423,373
061 97 01 2.9 326,283,246
061 97 01 2.9 209,176,139
061 97 01 2.9 105,67,32
061 97 01 2.9 2,0,74
061 97 03 2.9 330,711,1060
061 97 06 2.5 1217,1189,1072
061 97 04 2.5 909,765,667
061 97 02 2.5 612,572,524
061 97 00 2.5 477,416,361
061 97 00 2.5 298,253,202
061 97 02 2.5 161,114,81
061 97 02 2.5 48,15,0
061 97 02 2.5 0,0,0
061 97 02 2.5 0,0,128
061 97 04 2.5 459,758,883
061 97 05 2.1 995,863,718
061 97 04 2.1 599,526,479
061 97 00 2.1 440,397,344
061 97 00 2.1 296,247,202
061 97 00 2.1 154,119,77
061 97 01 2.1 40,0,0
061 97 01 2.1 0,0,0
061 97 00 2.1 0,0,0
061 97 02 2.1 82,453,855
061 97 05 2.7 1103,1159,1256
061 97 06 2.7 1120,968,847
061 97 05 2.7 770,725,682
061 97 00 2.7 629,566,494
061 97 00 2.7 437,392,354
061 97 01 2.7 313,268,226
061 97 01 2.7 185,157,131
061 97 01 2.7 103,65,30
061 97 00 2.7 8,20,194
061 97 06 2.7 563,1009,1319
061 97 08 2.8 1415,1355,1214
061 97 06 2.8 1050,913,833
061 97 02 2.8 784,747,694
061 97 00 2.8 627,556,488
061 97 00 2.8 435,381,340
061 97 01 2.8 303,274,236
061 97 01 2.8 203,169,141
061 97 02 2.8 103,69,36
061 97 01 2.8 14,20,143
061 97 02 2.8 438,790,1042
062 97 07 2.2 1099,1002,859
062 97 06 2.2 713,617,564
062 97 00 2.2 531,494,449
062 97 00 2.2 394,334,278
062 97 00 2.2 226,179,131

0!0!0!0
1!1!1!1!1!1!1!1!1!1!1!1!1!1!1!1!1!1!1!