100001!20190822_195801!1!2
2.12!1.72!1.31!2.04!1.15!1.5!
96!30!68!110!94
246.0 1.82 161 88

030 70 00 5.5 597,410,187
030 70 00 5.5 0,0,0
030 70 00 5.5 0,0,0
030 70 00 5.5 0,0,0
030 70 00 5.5 0,0,0
030 70 00 5.5 0,0,0
030 70 05 7.6 407,689,2732
030 70 06 7.6 2567,2403,2289
030 70 04 7.6 2225,2217,2232
030 70 05 7.6 2246,2252,2263
030 70 05 7.6 2262,2273,2309
030 70 05 7.6 2364,2387,2366
030 70 05 7.6 2332,2275,2185
030 70 02 7.6 2068,1941,1850
030 70 01 7.6 1795,1746,1733
030 70 00 7.6 1973,2464,3032
063 96 03 5.1 3376,3477,1725
063 96 04 5.1 1656,1613,1615
063 96 03 5.1 1680,1811,2038
063 96 04 5.1 2321,2566,2679
063 96 04 3.2 1031,941,846
063 96 06 3.2 767,670,566
063 96 06 3.2 447,274,57
063 96 00 3.2 0,0,0
063 96 00 3.2 0,0,0
063 96 00 3.2 0,361,801
063 96 08 7.0 812,2234,2055
063 96 06 7.0 1916,1833,1784
063 96 05 7.0 1774,1781,1774
063 96 03 7.0 1696,1585,1415
063 96 00 7.0 1240,1030,881
063 96 00 7.0 806,793,774
063 96 01 7.0 715,646,568
063 96 01 7.0 471,463,793
063 96 02 7.0 1404,2053,2416
063 96 08 6.1 2517,2057,2024
063 96 05 6.1 2026,2044,2071
063 96 08 6.1 2116,2172,2203
063 96 04 6.1 2178,2105,1992
063 96 04 6.1 1851,1711,1580
063 96 00 6.1 1490,1432,1403
063 96 00 6.1 1392,1384,1373
063 96 00 6.1 1411,1712,2267
063 96 05 6.1 2898,3287,3393
063 96 07 6.1 1964,1862,1786
063 96 06 6.1 1736,1704,1682
063 96 07 6.1 1651,1574,1412
063 96 04 6.1 1198,983,806
063 96 01 6.1 663,537,416
063 96 00 6.1 314,222,142
063 96 00 6.1 34,0,0
063 96 00 6.1 0,219,778
063 96 05 6.1 1232,1426,1442
063 96 04 5.1 1622,1588,1569
063 96 07 5.1 1562,1571,1600
063 96 04 5.1 1620,1589,1510
063 96 07 5.1 1387,1246,1102
063 96 00 5.1 972,866,780
063 96 00 5.1 706,626,533
063 96 00 5.1 430,317,188
063 96 00 5.1 65,158,556
063 96 03 5.1 1146,1601,1777
064 96 06 5.2 1752,1614,1566
064 96 05 5.2 1553,1556,1566
064 96 05 5.2 1598,1619,1590
064 96 05 5.2 1503,1380,1244
064 96 00 5.2 1109,984,878
064 96 00 5.2 795,722,649
064 96 00 5.2 560,455,335
064 96 00 5.2 211,81,0
064 96 00 5.2 133,584,1188
064 96 05 5.3 1603,1733,1708
064 96 04 5.3 1628,1587,1581
064 96 05 5.3 1605,1645,1695
064 96 04 5.3 1715,1682,1594
064 96 04 5.3 1480,1349,1225
064 96 00 5.3 1113,1023,951
064 96 01 5.3 882,806,720
064 96 00 5.3 618,509,388
064 96 01 5.3 266,307,665
064 96 02 5.3 1240,1749,1966
064 96 04 5.3 1961,1627,1564
064 96 04 5.3 1543,1552,1579
064 96 04 5.3 1628,1662,1646
064 96 05 5.3 1570,1450,1312
064 96 01 5.3 1173,1047,940
064 96 01 5.3 849,772,695
064 96 00 5.3 616,525,423
064 96 01 5.3 311,179,126
064 96 00 5.3 375,918,1542
064 96 05 5.8 1910,2005,1835
064 96 06 5.8 1777,1762,1780
064 96 05 5.8 1799,1825,1857
064 96 08 5.8 1864,1826,1735
064 96 06 5.8 1615,1473,1336
064 96 00 5.8 1213,1117,1033
064 96 00 5.8 953,857,749
064 96 00 5.8 638,519,396
064 96 00 5.8 258,266,606
064 96 01 5.8 1211,1795,2088
064 96 05 5.9 2121,1826,1776
064 96 06 5.9 1769,1788,1807
064 96 08 5.9 1838,1871,1866
064 96 06 5.9 1802,1692,1561
064 96 02 5.9 1425,1294,1178
064 96 00 5.9 1089,1011,933
064 96 00 5.9 843,741,625
064 96 01 5.9 504,371,241
064 96 00 5.9 292,682,1309
064 96 04 5.9 1878,2134,2153
064 97 06 6.0 1854,1819,1829
064 97 05 6.0 1860,1891,1934
064 97 08 6.0 1964,1948,1876
064 97 06 6.0 1760,1633,1502
064 97 00 6.0 1392,1294,1213
064 97 00 6.0 1139,1063,975
064 97 00 6.0 872,761,651
064 97 00 6.0 529,410,451
064 97 00 6.0 807,1394,1929
063 97 06 5.7 2180,2202,1748
063 97 05 5.7 1727,1739,1757
063 97 03 5.7 1768,1792,1809
063 97 08 5.7 1782,1707,1595
063 97 04 5.7 1469,1337,1216
063 97 00 5.7 1115,1029,951
063 97 00 5.7 865,771,664
063 97 00 5.7 552,433,310
063 97 00 5.7 182,125,344
063 97 00 5.7 837,1400,1736
063 97 07 5.3 1801,1627,1577
063 97 06 5.3 1579,1586,1592
063 97 07 5.3 1600,1619,1609
063 97 05 5.3 1552,1456,1335
063 97 02 5.3 1209,1085,978
063 97 00 5.3 884,810,730
063 97 00 5.3 650,551,448
063 97 00 5.3 334,218,97
063 97 00 5.3 3,148,577
063 97 01 5.3 1146,1530,1637
063 97 06 5.1 1573,1497,1472
063 97 06 5.1 1477,1483,1491
063 97 04 5.1 1514,1516,1466
063 97 06 5.1 1367,1241,1107
063 97 00 5.1 977,861,766
063 97 00 5.1 683,609,522
063 97 00 5.1 422,304,181
063 97 00 5.1 47,0,0
063 97 00 5.1 0,16,558
063 97 04 5.1 1140,1455,1508
063 97 05 5.6 1714,1661,1659
063 97 05 5.6 1670,1678,1684
063 97 04 5.6 1696,1681,1622
063 97 04 5.6 1516,1386,1239
063 97 00 5.6 1107,987,890
063 97 00 5.6 803,714,619
063 97 00 5.6 514,392,256
063 97 00 5.6 109,0,0
063 97 01 5.6 0,17,551
063 97 02 5.6 1178,1552,1646
063 97 04 5.8 1812,1737,1713
063 97 07 5.8 1721,1732,1744
063 97 06 5.8 1764,1759,1706
063 97 07 5.8 1605,1477,1334
063 97 00 5.8 1197,1065,955
063 97 00 5.8 855,774,684
063 97 00 5.8 578,451,305
063 97 00 5.8 160,14,0
063 97 00 5.8 0,0,21
063 97 00 5.8 640,1292,1638
063 97 05 6.2 1696,1930,1839
063 97 04 6.2 1808,1822,1847
063 97 05 6.2 1876,1906,1906
063 97 03 6.2 1849,1742,1603
063 97 02 6.2 1459,1318,1189
063 97 00 6.2 1074,981,897
063 97 00 6.2 806,698,573
063 97 01 6.2 435,291,144
063 97 00 6.2 0,0,0
063 97 01 6.2 282,964,1602
062 97 03 6.4 1895,1910,1991
062 97 05 6.4 1903,1876,1891
062 97 08 6.4 1921,1962,2002
062 97 07 6.4 1997,1935,1819
062 97 06 6.4 1673,1518,1375
062 97 00 6.4 1257,1159,1074
062 97 00 6.4 984,885,766
062 97 00 6.4 633,487,340
062 97 00 6.4 189,29,0
062 97 00 6.4 292,930,1635
062 97 06 6.5 2021,2096,2040
062 97 06 6.5 1921,1856,1847
062 97 08 6.5 1880,1935,2000
062 97 07 6.5 2020,1978,1869
062 97 06 6.5 1726,1565,1417
062 97 00 6.5 1290,1191,1112
062 97 00 6.5 1037,950,851
062 97 00 6.5 737,607,468
062 97 00 6.5 313,218,456
062 97 00 6.5 1032,1740,2175
062 97 04 6.3 2287,1982,1864
062 97 07 6.3 1795,1792,1822
062 97 08 6.3 1878,1938,1960
062 97 08 6.3 1919,1817,1679
062 97 04 6.3 1522,1371,1242
062 97 00 6.3 1142,1065,996
062 97 00 6.3 917,819,702
062 97 00 6.3 571,432,289
062 97 00 6.3 331,734,1402
062 97 04 6.3 2022,2318,2354
062 97 08 6.5 2014,1961,1964
062 97 08 6.5 1993,2019,2049
062 97 02 6.5 2076,2070,2010
062 97 05 6.5 1898,1763,1622
062 97 00 6.5 1491,1380,1291
062 97 00 6.5 1216,1135,1037
062 97 00 6.5 925,805,683
062 97 00 6.5 548,422,549
062 97 00 6.5 1025,1718,2257
062 97 05 6.5 2475,2474,1996
062 97 04 6.5 1989,2021,2050
062 97 07 6.5 2065,2084,2104
062 97 03 6.5 2087,2018,1901
062 97 07 6.5 1763,1621,1489
062 97 00 6.5 1372,1274,1188
062 97 00 6.5 1107,1022,928
062 97 00 6.5 810,683,724
062 97 00 6.5 1097,1701,2246
062 97 04 5.9 2494,2523,1813
062 97 04 5.9 1811,1834,1847
062 97 06 5.9 1840,1846,1856
062 97 08 5.9 1837,1772,1665
062 97 05 5.9 1533,1394,1260
062 97 00 5.9 1144,1052,973
062 97 00 5.9 900,810,693
062 97 00 5.9 598,733,1156
062 97 03 5.9 1711,2096,2210
062 97 07 5.2 1577,1533,1529
062 97 04 5.2 1529,1515,1515
062 97 08 5.2 1528,1526,1464
062 97 07 5.2 1359,1220,1074
062 97 00 5.2 933,805,698
062 97 00 5.2 600,511,423
062 97 01 5.2 321,200,71
062 97 00 5.2 129,495,1068
062 97 05 5.2 1544,1739,1744
062 97 07 5.5 1655,1667,1683
062 97 04 5.5 1677,1647,1634
062 97 05 5.5 1621,1580,1495
062 97 06 5.5 1377,1235,1090
062 97 00 5.5 957,841,736
062 97 00 5.5 642,548,458
062 97 01 5.5 346,220,191
062 97 00 5.5 461,992,1542
062 97 05 5.6 1836,1888,1679
062 97 07 5.6 1672,1692,1697
062 97 05 5.6 1672,1648,1637
062 97 04 5.6 1602,1524,1401
062 97 03 5.6 1251,1099,958
062 97 00 5.6 843,752,668
062 97 00 5.6 569,460,516
062 97 00 5.6 860,1399,1850
062 97 07 5.3 2031,2027,1543
062 97 08 5.3 1550,1558,1532
062 97 07 5.3 1482,1456,1436
062 97 04 5.3 1381,1277,1129
062 97 01 5.3 965,796,650
062 97 00 5.3 534,436,328
062 97 00 5.3 217,272,624
062 97 03 5.3 1156,1582,1728
064 97 02 5.1 1493,1442,1428
064 97 07 5.1 1418,1370,1308
064 97 07 5.1 1260,1223,1155
064 97 03 5.1 1043,894,727
064 97 00 5.1 556,397,265
064 97 00 5.1 154,57,0
064 97 00 5.1 0,0,0
064 97 00 5.1 75,624,1066
064 97 06 5.1 1208,1470,1386
064 97 05 5.1 1351,1334,1305
064 97 05 5.1 1268,1253,1233
064 97 04 5.1 1174,1067,919
064 97 01 5.1 759,597,457
064 97 00 5.1 344,264,190
064 97 01 5.1 95,0,4
064 97 01 5.1 319,832,1250
064 97 04 4.7 1386,1372,1285
064 97 04 4.7 1244,1225,1196
064 97 05 4.7 1160,1141,1110
064 97 03 4.7 1042,923,777
064 97 00 4.7 614,459,317
064 97 01 4.7 196,83,0
064 97 00 4.7 0,0,0
064 97 00 4.7 0,17,565
065 97 03 5.1 1026,1184,1518
065 97 04 5.1 1436,1413,1405
065 97 05 5.1 1380,1331,1305
065 97 07 5.1 1279,1222,1119
065 97 01 5.1 981,830,679
065 97 00 5.1 541,420,314
065 97 00 5.1 210,93,0
065 97 00 5.1 0,0,0
065 97 00 5.1 0,0,214
065 97 02 5.1 826,1160,1195
065 97 05 5.6 1628,1547,1528
065 97 04 5.6 1526,1512,1492
065 97 05 5.6 1484,1454,1378
065 97 03 5.6 1257,1110,956
065 97 01 5.6 800,656,530
065 97 01 5.6 425,324,212
065 97 00 5.6 78,0,0
065 97 01 5.6 0,0,0
065 97 00 5.6 0,0,0
065 97 01 5.6 295,904,1131
065 97 05 6.3 1088,1813,1704
065 97 04 6.3 1657,1659,1676
065 97 02 6.3 1714,1742,1721
065 97 05 6.3 1632,1490,1327
065 97 00 6.3 1163,1013,882
065 97 00 6.3 775,685,591
065 97 01 6.3 485,355,214
065 97 00 6.3 63,0,0
065 97 01 6.3 0,282,1004
065 97 02 6.5 1596,1806,1757
065 97 04 6.5 1895,1794,1756
065 97 07 6.5 1757,1775,1806
065 97 04 6.5 1830,1806,1712
065 97 06 6.5 1570,1397,1222
065 97 00 6.5 1053,911,798
065 97 01 6.5 701,607,502
065 97 00 6.5 386,254,101
065 97 00 6.5 0,8,490
065 97 03 6.5 1228,1842,2071
065 98 05 6.7 2043,2001,1909
065 98 05 6.7 1879,1884,1908
065 98 07 6.7 1944,1979,1964
065 98 04 6.7 1885,1751,1586
065 98 01 6.7 1413,1252,1122
065 98 00 6.7 1025,943,861
065 98 01 6.7 767,663,541
065 98 00 6.7 412,506,961
065 98 01 6.7 1645,2201,2411
065 98 04 6.3 2374,1861,1780
065 98 04 6.3 1758,1767,1804
065 98 05 6.3 1858,1895,1874
065 98 03 6.3 1787,1657,1500
065 98 01 6.3 1345,1207,1105
065 98 00 6.3 1027,965,898
065 98 00 6.3 809,712,810
065 98 00 6.3 1229,1835,2306
065 98 04 5.6 2461,1699,1597
065 98 04 5.6 1538,1520,1525
065 98 04 5.6 1546,1584,1595
065 98 03 5.6 1547,1437,1292
065 98 02 5.6 1143,1003,882
065 98 00 5.6 779,701,633
065 98 00 5.6 557,455,396
065 98 01 5.6 617,1125,1725
067 98 04 5.7 2085,2166,1724
067 98 05 5.7 1687,1695,1706
067 98 03 5.7 1706,1715,1743
067 98 05 5.7 1751,1709,1623
067 98 04 5.7 1508,1388,1269
067 98 00 5.7 1168,1086,1017
067 98 01 5.7 949,863,766
067 98 00 5.7 649,575,759
067 98 01 5.7 1248,1872,2302
067 97 03 6.2 2445,2442,1860
067 97 04 6.2 1894,1917,1908
067 97 05 6.2 1889,1886,1877
067 97 07 6.2 1831,1745,1628
067 97 04 6.2 1500,1373,1262
067 97 00 6.2 1172,1093,1011
067 97 00 6.2 915,813,705
067 97 00 6.2 600,489,372
067 97 00 6.2 292,464,933
067 97 02 6.2 1542,1953,2073
067 97 07 5.9 1738,1698,1711
067 97 03 5.9 1737,1738,1739
067 97 05 5.9 1751,1747,1698
067 97 04 5.9 1604,1487,1357
067 97 01 5.9 1240,1130,1046
067 97 01 5.9 966,895,807
067 97 00 5.9 706,594,478
067 97 01 5.9 367,253,134
067 97 00 5.9 107,374,908
067 97 03 5.9 1477,1783,1822
067 97 04 5.8 1663,1622,1624
067 97 04 5.8 1631,1631,1644
067 97 04 5.8 1662,1643,1566
067 97 04 5.8 1444,1305,1166
067 97 01 5.8 1040,934,841
067 97 00 5.8 758,663,563
067 97 00 5.8 445,320,189
067 97 00 5.8 67,0,0
067 97 00 5.8 0,203,809
067 97 04 5.8 1396,1677,1706
068 97 05 6.3 1830,1804,1822
068 97 05 6.3 1842,1834,1824
068 97 07 6.3 1825,1801,1733
068 97 06 6.3 1618,1476,1327
068 97 00 6.3 1184,1056,951
068 97 00 6.3 863,768,656
068 97 00 6.3 534,402,265
068 97 00 6.3 125,0,0
068 97 01 6.3 0,0,508
068 97 02 6.3 1198,1648,1774
068 97 06 6.6 1948,1866,1845
068 97 03 6.6 1862,1874,1882
068 97 05 6.6 1904,1908,1863
068 97 04 6.6 1760,1627,1471
068 97 00 6.6 1317,1174,1058
068 97 00 6.6 966,879,787
068 97 01 6.6 678,556,421
068 97 00 6.6 281,140,0
068 97 01 6.6 0,255,869
068 97 03 6.6 1542,1888,1921
068 97 04 6.6 1862,1736,1671
068 97 04 6.6 1653,1665,1705
068 97 03 6.6 1749,1748,1670
068 97 04 6.6 1532,1357,1175
068 97 01 6.6 1008,868,763
068 97 01 6.6 675,588,484
068 97 01 6.6 356,216,60
068 97 00 6.6 0,0,0
068 97 01 6.6 0,264,1047
067 97 04 7.5 1668,1898,1868
067 97 05 7.5 2157,2085,2073
067 97 04 7.5 2094,2119,2147
067 97 08 7.5 2170,2139,2049
067 97 07 7.5 1904,1731,1554
067 97 00 7.5 1393,1262,1160
067 97 00 7.5 1074,983,877
067 97 00 7.5 748,606,451
067 97 00 7.5 293,129,80
067 97 00 7.5 441,1138,1897
067 97 06 7.6 2304,2382,2232
067 97 04 7.6 2145,2123,2145
067 97 07 7.6 2166,2192,2222
067 97 06 7.6 2227,2177,2070
067 97 07 7.6 1921,1755,1594
067 97 00 7.6 1451,1330,1236
067 97 00 7.6 1149,1056,946
067 97 00 7.6 822,688,545
067 97 00 7.6 396,310,579
067 97 00 7.6 1182,1920,2366
067 97 08 7.1 2484,2107,2026
067 97 06 7.1 2010,2037,2079
067 97 04 7.1 2125,2181,2204
067 97 06 7.1 2168,2074,1940
067 97 04 7.1 1792,1643,1514
067 97 00 7.1 1414,1341,1276
067 97 00 7.1 1193,1093,967
067 97 00 7.1 831,836,1173
067 97 02 7.1 1781,2374,2664
067 97 05 6.4 2693,1817,1780
067 97 06 6.4 1780,1797,1810
067 97 07 6.4 1837,1863,1840
067 97 06 6.4 1754,1615,1459
067 97 01 6.4 1309,1178,1067
067 97 00 6.4 971,889,813
067 97 00 6.4 722,601,538
067 97 00 6.4 767,1303,1934
067 97 07 6.6 2329,2444,1889
067 97 06 6.6 1883,1920,1944
067 97 07 6.6 1930,1912,1911
067 97 08 6.6 1894,1830,1719
067 97 05 6.6 1579,1421,1270
067 97 00 6.6 1133,1019,916
067 97 00 6.6 823,725,608
067 97 00 6.6 468,433,717
067 97 01 6.6 1295,1914,2267
067 97 03 6.8 2358,1933,1964
067 97 04 6.8 2022,2044,2011
067 97 05 6.8 1971,1948,1913
067 97 05 6.8 1839,1714,1561
067 97 01 6.8 1398,1249,1118
067 97 00 6.8 1003,899,793
067 97 00 6.8 683,562,423
067 97 00 6.8 278,301,668
067 97 02 6.8 1294,1875,2155
065 97 05 6.8 2202,1941,1975
065 97 05 6.8 2014,2008,1963
065 97 05 6.8 1933,1913,1867
065 97 05 6.8 1769,1627,1459
065 97 00 6.8 1290,1134,1000
065 97 00 6.8 885,775,666
065 97 00 6.8 549,425,276
065 97 00 6.8 136,203,621
065 97 03 6.8 1257,1783,1998
065 97 07 6.7 2012,1875,1901
065 97 08 6.7 1924,1907,1874
065 97 06 6.7 1864,1853,1799
065 97 05 6.7 1693,1547,1382
065 97 01 6.7 1219,1075,960
065 97 00 6.7 855,756,651
065 97 00 6.7 542,417,267
065 97 00 6.7 164,343,845
065 97 02 6.7 1473,1879,1986
065 97 07 6.5 1777,1746,1747
065 97 06 6.5 1739,1702,1673
065 97 07 6.5 1663,1626,1537
065 97 07 6.5 1397,1233,1065
065 97 00 6.5 902,760,634
065 97 00 6.5 524,412,289
065 97 00 6.5 157,13,0
065 97 00 6.5 0,0,190
065 97 03 6.5 840,1371,1579
065 97 08 6.7 1570,1837,1847
065 97 06 6.7 1864,1837,1779
065 97 06 6.7 1735,1705,1642
065 97 06 6.7 1531,1380,1206
065 97 00 6.7 1035,875,739
065 97 00 6.7 625,514,392
065 97 00 6.7 253,100,0
065 97 00 6.7 0,0,0
065 97 00 6.7 0,0,0
065 97 00 6.7 36,758,1214
065 97 06 7.2 1332,2037,1974
065 97 07 7.2 1984,2014,2015
065 97 04 7.2 1987,1971,1949
065 97 04 7.2 1890,1778,1627
065 97 01 7.2 1457,1289,1136
065 97 00 7.2 1011,906,807
065 97 00 7.2 699,579,440
065 97 00 7.2 291,130,0
065 97 00 7.2 0,0,0
065 97 00 7.2 0,308,1055
065 97 03 7.3 1572,1734,2111
065 97 05 7.3 2006,1969,1978
065 97 05 7.3 1994,2003,2028
065 97 07 7.3 2047,2011,1912
065 97 05 7.3 1757,1585,1416
065 97 00 7.3 1273,1157,1064
065 97 00 7.3 976,880,768
065 97 00 7.3 637,489,324
065 97 00 7.3 158,0,0
065 97 00 7.3 0,457,1214
065 97 05 7.4 1817,2036,2152
065 97 06 7.4 2014,1930,1901
065 97 07 7.4 1907,1921,1964
065 97 06 7.4 1988,1951,1837
065 97 05 7.4 1671,1479,1293
065 97 00 7.4 1126,993,884
065 97 00 7.4 794,697,584
065 97 00 7.4 449,292,122
065 97 00 7.4 0,0,0
065 97 00 7.4 0,102,890
065 97 03 7.4 1644,1984,2009
065 97 05 8.1 2316,2219,2191
065 97 05 8.1 2205,2227,2261
065 97 08 8.1 2301,2298,2221
065 97 06 8.1 2080,1897,1708
065 97 00 8.1 1530,1386,1275
065 97 00 8.1 1184,1092,981
065 97 00 8.1 850,701,548
065 97 00 8.1 385,219,73
065 97 00 8.1 285,912,1753
065 97 05 8.1 2335,2520,2392
065 97 06 8.1 2275,2223,2231
065 97 06 8.1 2259,2280,2310
065 97 07 8.1 2326,2288,2178
065 97 07 8.1 2020,1834,1654
065 97 00 8.1 1486,1354,1243
065 97 01 8.1 1148,1046,926
065 97 00 8.1 793,645,496
065 97 00 8.1 330,241,548
065 97 00 8.1 1215,2000,2452
064 97 08 7.7 2551,2220,2107
064 97 06 7.7 2063,2064,2086
064 97 01 7.7 2117,2162,2175
064 97 08 7.7 2124,1999,1832
064 97 03 7.7 1644,1471,1320
064 97 00 7.7 1206,1122,1053
064 97 00 7.7 976,876,750
064 97 00 7.7 590,485,720
064 97 00 7.7 1302,2017,2454
064 97 07 7.0 2560,1982,1861
064 97 07 7.0 1793,1773,1784
064 97 08 7.0 1820,1867,1871
064 97 07 7.0 1795,1647,1457
064 97 01 7.0 1260,1083,938
064 97 00 7.0 821,724,635
064 97 00 7.0 551,443,299
064 97 00 7.0 223,502,1120
064 97 06 7.0 1829,2249,2355
064 97 06 7.3 2085,2026,2025
064 97 07 7.3 2040,2040,2037
064 97 04 7.3 2049,2040,1973
064 97 07 7.3 1850,1686,1506
064 97 00 7.3 1330,1173,1048
064 97 00 7.3 949,863,772
064 97 00 7.3 647,527,650
064 97 00 7.3 1134,1828,2364
064 97 06 7.2 2572,2562,1992
064 97 04 7.2 1993,2010,1997
064 97 06 7.2 1964,1948,1935
064 97 07 7.2 1879,1770,1614
064 97 02 7.2 1438,1264,1108
064 97 00 7.2 979,873,780
064 97 00 7.2 673,538,423
064 97 00 7.2 573,1039,1651

0!0!0!0
1!1!1!1!1!1!1!1!1!1!1!1!1!1!1!1!1!1!1!