176927!20190902_170148!1!3
2.76!2.86!3.02!2.98!3.01!3.07!
97!50!58!0!601
505.2 3.0 22 22

058 97 00 1.2 299,265,230
058 97 00 1.2 199,167,138
058 97 00 1.2 105,79,55
058 97 00 1.2 34,10,0
058 97 00 1.2 0,0,0
058 97 00 1.2 0,0,0
058 97 00 1.2 0,0,0
058 97 00 1.2 0,0,118
058 97 06 1.2 270,352,387
058 97 04 1.8 400,400,615
058 97 08 1.8 584,561,560
058 97 06 1.8 561,557,539
058 97 04 1.8 512,477,440
058 97 00 1.8 408,379,357
058 97 00 1.8 332,306,280
058 97 00 1.8 258,242,221
058 97 00 1.8 194,168,141
058 97 00 1.8 116,89,62
058 97 00 1.8 39,24,38
058 97 00 1.8 124,263,418
058 97 06 1.5 505,539,533
058 97 03 1.5 491,461,429
058 97 07 1.5 413,409,413
058 97 06 1.5 405,383,359
058 97 01 1.5 327,297,265
058 97 00 1.5 234,207,181
058 97 00 1.5 160,141,115
058 97 00 1.5 92,65,47
058 97 00 1.5 28,12,0
058 97 00 1.5 0,0,0
058 97 00 1.5 2,135,298
058 97 04 1.5 424,494,515
058 97 05 1.6 518,569,547
058 97 08 1.6 527,512,513
058 97 08 1.6 513,512,491
058 97 04 1.6 464,425,391
058 97 00 1.6 358,333,309
058 97 00 1.6 285,266,243
058 97 00 1.6 225,197,176
058 97 00 1.6 150,132,109
058 97 00 1.6 87,65,65
058 97 00 1.6 135,277,449
058 97 05 1.6 577,643,671
058 97 06 1.8 678,608,584
058 97 08 1.8 563,549,547
058 97 06 1.8 542,539,516
058 97 03 1.8 493,456,428
058 97 00 1.8 395,369,345
058 97 00 1.8 326,311,291
058 97 00 1.8 268,245,223
058 97 00 1.8 206,180,161
058 97 00 1.8 143,128,107
058 97 00 1.8 84,69,92
058 97 01 1.8 190,354,522
058 97 05 1.8 633,678,699
058 97 04 1.8 698,616,591
058 97 08 1.8 579,579,579
058 97 06 1.8 574,566,549
058 97 04 1.8 522,484,455
058 97 01 1.8 424,402,380
058 97 00 1.8 361,341,319
058 97 00 1.8 296,269,243
058 97 00 1.8 220,196,177
058 97 00 1.8 154,135,111
058 97 00 1.8 91,88,140
058 97 02 1.8 272,440,582
057 97 04 1.8 658,689,701
057 97 03 1.8 609,588,560
057 97 07 1.8 546,547,550
057 97 05 1.8 546,532,507
057 97 03 1.8 475,438,404
057 97 00 1.8 383,364,349
057 97 00 1.8 328,314,294
057 97 00 1.8 270,242,215
057 97 00 1.8 192,171,149
057 97 00 1.8 129,106,89
057 97 00 1.8 69,50,62
057 97 00 1.8 153,320,499
057 97 06 1.8 628,697,735
057 97 06 2.0 748,695,671
057 97 07 2.0 648,635,637
057 97 07 2.0 635,625,600
057 97 04 2.0 572,543,515
057 97 01 2.0 486,458,434
057 97 00 2.0 413,395,376
057 97 00 2.0 353,329,303
057 97 00 2.0 284,257,235
057 97 00 2.0 214,197,174
057 97 00 2.0 153,133,116
057 97 00 2.0 96,93,148
057 97 02 2.0 287,468,619
057 97 06 2.0 711,754,781
057 97 05 2.0 787,678,656
057 97 08 2.0 645,653,653
057 97 07 2.0 642,625,600
057 97 03 2.0 573,542,514
057 97 01 2.0 492,471,454
057 97 00 2.0 436,414,391
057 97 00 2.0 368,349,324
057 97 00 2.0 297,268,248
057 97 00 2.0 228,211,189
057 97 00 2.0 166,139,131
057 97 00 2.0 188,318,485
057 97 06 2.0 612,682,705
056 97 03 1.7 711,566,542
056 97 07 1.7 516,512,516
056 97 05 1.7 519,509,489
056 97 03 1.7 459,425,391
056 97 00 1.7 364,341,323
056 97 00 1.7 305,285,260
056 97 00 1.7 238,218,201
056 97 00 1.7 176,147,122
056 97 00 1.7 103,84,66
056 97 00 1.7 45,23,15
056 97 00 1.7 68,209,404
056 97 05 1.7 566,658,697
056 97 06 2.1 722,731,707
056 97 04 2.1 685,668,668
056 97 05 2.1 671,666,651
056 97 03 2.1 624,591,554
056 97 02 2.1 518,490,464
056 97 01 2.1 443,421,398
056 97 00 2.1 375,350,329
056 97 00 2.1 304,279,249
056 97 00 2.1 226,200,179
056 97 00 2.1 160,140,119
056 97 00 2.1 98,103,185
056 97 02 2.1 349,534,670
056 97 04 2.1 743,782,806
056 97 03 2.0 806,690,660
056 97 05 2.0 645,643,646
056 97 04 2.0 639,621,593
056 97 02 2.0 557,527,498
056 97 01 2.0 472,448,426
056 97 00 2.0 403,379,356
056 97 00 2.0 333,305,271
056 97 00 2.0 242,217,192
056 97 00 2.0 167,144,123
056 97 00 2.0 101,92,151
056 97 01 2.0 297,474,615
056 97 03 2.0 681,712,725
054 97 03 1.8 720,604,575
054 97 07 1.8 561,565,562
054 97 05 1.8 548,524,497
054 97 02 1.8 470,436,409
054 97 00 1.8 379,358,338
054 97 00 1.8 315,295,271
054 97 00 1.8 252,225,198
054 97 00 1.8 166,143,115
054 97 00 1.8 91,63,38
054 97 00 1.8 16,6,65
054 97 01 1.8 206,395,552
054 97 05 1.8 642,690,715
054 97 05 2.1 726,702,672
054 97 05 2.1 647,642,640
054 97 04 2.1 632,618,590
054 97 03 2.1 561,522,496
054 97 01 2.1 470,447,423
054 97 00 2.1 399,376,355
054 97 00 2.1 334,311,285
054 97 00 2.1 259,236,212
054 97 00 2.1 188,162,144
054 97 00 2.1 123,109,108
054 97 00 2.1 175,318,492
054 97 03 2.1 629,702,737
054 97 04 1.9 753,643,619
054 97 05 1.9 589,576,575
054 97 04 1.9 569,561,540
054 97 03 1.9 514,482,448
054 97 01 1.9 417,385,363
054 97 00 1.9 345,329,304
054 97 00 1.9 277,247,220
054 97 00 1.9 191,165,138
054 97 00 1.9 112,83,55
054 97 00 1.9 32,12,42
054 97 01 1.9 146,320,480
054 97 04 1.9 586,635,663
053 97 03 1.9 675,651,627
053 97 05 1.9 597,588,588
053 97 04 1.9 583,572,543
053 97 02 1.9 511,475,446
053 97 01 1.9 418,390,360
053 97 00 1.9 334,309,288
053 97 00 1.9 266,238,212
053 97 00 1.9 185,162,142
053 97 00 1.9 114,93,64
053 97 00 1.9 38,18,42
053 97 01 1.9 154,329,507
053 97 04 1.9 620,676,707
053 97 04 2.1 732,739,699
053 97 05 2.1 666,648,644
053 97 04 2.1 641,626,602
053 97 03 2.1 575,540,507
053 97 01 2.1 476,449,425
053 97 00 2.1 400,374,346
053 97 00 2.1 321,298,273
053 97 00 2.1 241,211,191
053 97 00 2.1 170,148,118
053 97 00 2.1 92,66,40
053 97 00 2.1 42,118,275
053 97 04 2.1 457,589,655
053 97 04 1.9 687,698,696
053 97 04 1.9 642,618,603
053 97 04 1.9 598,594,579
053 97 03 1.9 561,532,498
053 97 02 1.9 457,421,389
053 97 00 1.9 362,335,312
053 97 00 1.9 284,260,230
053 97 00 1.9 200,173,139
053 97 00 1.9 113,81,57
053 97 00 1.9 29,0,0
053 97 00 1.9 0,53,203
053 97 04 1.9 389,529,606
052 97 04 2.0 646,668,665
052 97 04 2.0 668,634,613
052 97 04 2.0 607,604,596
052 97 03 2.0 578,550,513
052 97 02 2.0 474,439,406
052 97 00 2.0 374,344,316
052 97 00 2.0 296,275,255
052 97 00 2.0 229,199,169
052 97 00 2.0 142,109,78
052 97 00 2.0 39,7,0
052 97 00 2.0 0,26,171
052 97 04 2.0 365,526,614
052 97 04 2.1 656,681,689
052 97 03 2.1 709,681,658
052 97 05 2.1 645,639,635
052 97 04 2.1 619,596,562
052 97 02 2.1 531,502,470
052 97 01 2.1 443,416,392
052 97 00 2.1 362,330,301
052 97 00 2.1 273,250,218
052 97 00 2.1 187,148,118
052 97 00 2.1 85,61,49
052 97 00 2.1 91,211,383
052 97 04 2.1 531,614,639
052 97 03 1.7 651,592,565
052 97 07 1.7 527,505,502
052 97 05 1.7 499,485,464
052 97 02 1.7 430,395,354
052 97 00 1.7 326,293,268
052 97 00 1.7 239,217,191
052 97 00 1.7 166,142,116
052 97 00 1.7 88,58,24
052 97 00 1.7 0,0,11
052 97 01 1.7 146,321,467
052 97 05 1.7 552,596,617
052 97 03 1.9 614,622,585
052 97 07 1.9 552,543,538
052 97 04 1.9 530,510,478
052 97 01 1.9 443,406,375
052 97 00 1.9 341,313,286
052 97 00 1.9 263,232,203
052 97 00 1.9 180,156,126
052 97 00 1.9 89,59,36
052 97 00 1.9 52,145,312
052 97 04 1.9 493,612,675
052 97 05 2.0 706,719,678
052 97 07 2.0 645,616,598
052 97 06 2.0 598,591,581
052 97 04 2.0 557,528,493
052 97 01 2.0 455,421,386
052 97 00 2.0 362,343,322
052 97 00 2.0 294,261,228
052 97 00 2.0 203,173,145
052 97 00 2.0 117,93,67
052 97 00 2.0 38,8,0
052 97 00 2.0 0,0,26
052 97 02 2.0 191,382,522
050 97 05 2.0 588,616,627
050 97 03 2.0 670,638,604
050 97 07 2.0 593,604,611
050 97 06 2.0 607,585,557
050 97 03 2.0 523,491,458
050 97 00 2.0 429,402,379
050 97 00 2.0 358,334,307
050 97 00 2.0 277,248,221
050 97 00 2.0 194,165,133
050 97 00 2.0 104,74,48
050 97 00 2.0 13,0,18
050 97 00 2.0 140,326,497
050 97 06 2.0 604,652,679
050 97 05 2.0 687,683,649
050 97 07 2.0 615,592,591
050 97 05 2.0 585,572,543
050 97 02 2.0 504,460,413
050 97 00 2.0 379,351,323
050 97 00 2.0 294,267,243
050 97 00 2.0 211,177,136
050 97 00 2.0 98,62,34
050 97 00 2.0 6,0,0
050 97 00 2.0 0,0,0
050 97 00 2.0 0,160,356
050 97 05 2.0 499,576,618
050 97 06 2.2 641,642,735
050 97 05 2.2 704,682,673
050 97 04 2.2 670,658,640
050 97 03 2.2 610,575,537
050 97 01 2.2 503,469,439
050 97 00 2.2 403,375,343
050 97 00 2.2 319,290,255
050 97 00 2.2 223,189,163
050 97 00 2.2 133,104,75
050 97 00 2.2 42,24,52
050 97 01 2.2 166,341,504
050 97 04 2.2 602,638,649
050 97 04 1.8 622,607,580
050 97 07 1.8 559,547,540
050 97 04 1.8 531,509,480
050 97 01 1.8 437,396,356
050 97 00 1.8 319,290,260
050 97 00 1.8 232,197,165
050 97 00 1.8 137,108,82
050 97 00 1.8 50,18,0
050 97 00 1.8 0,0,0
050 97 00 1.8 0,0,39
050 97 04 1.8 226,399,508
050 97 06 1.8 570,603,621
050 97 04 2.2 738,707,676
050 97 05 2.2 658,653,647
050 97 04 2.2 632,605,564
050 97 02 2.2 524,486,453
050 97 00 2.2 418,381,349
050 97 00 2.2 321,296,265
050 97 00 2.2 234,205,174
050 97 00 2.2 142,108,79
050 97 00 2.2 49,24,4
050 97 00 2.2 17,105,276
050 97 03 2.2 468,605,679
050 97 04 2.1 714,735,729
050 97 04 2.1 704,679,666
050 97 05 2.1 665,662,649
050 97 03 2.1 626,594,561
050 97 02 2.1 526,488,454
050 97 00 2.1 424,394,364
050 97 00 2.1 333,307,279
050 97 00 2.1 251,223,194
050 97 00 2.1 166,135,104
050 97 00 2.1 70,39,18
050 97 00 2.1 53,172,347
050 97 03 2.1 503,591,628
050 97 03 1.8 637,605,575
050 97 07 1.8 539,520,516
050 97 05 1.8 519,513,493
050 97 03 1.8 462,426,387
050 97 00 1.8 352,315,283
050 97 00 1.8 257,230,205
050 97 00 1.8 178,157,129
050 97 00 1.8 99,66,41
050 97 00 1.8 13,0,0
050 97 00 1.8 0,0,97
050 97 04 1.8 284,470,583
050 97 06 1.8 639,666,680
050 97 04 2.1 727,704,678
050 97 05 2.1 666,662,656
050 97 04 2.1 638,604,567
050 97 01 2.1 527,488,451
050 97 00 2.1 417,390,362
050 97 00 2.1 333,305,280
050 97 00 2.1 259,228,196
050 97 00 2.1 162,133,103
050 97 00 2.1 73,44,24
050 97 00 2.1 38,135,308
050 97 03 2.1 503,639,710
050 97 04 2.1 744,764,761
050 97 04 2.1 716,688,669
050 97 05 2.1 668,666,654
050 97 03 2.1 627,590,557
050 97 02 2.1 522,493,462
050 97 00 2.1 437,410,380
050 97 00 2.1 352,321,298
050 97 00 2.1 266,238,208
050 97 00 2.1 186,163,140
050 97 00 2.1 114,84,48
050 97 00 2.1 15,29,135
050 97 02 2.1 317,496,601
050 97 03 2.1 651,668,674
050 97 04 1.9 638,604,577
050 97 04 1.9 570,573,566
050 97 03 1.9 548,518,486
050 97 02 1.9 449,406,363
050 97 00 1.9 327,303,284
050 97 00 1.9 261,232,197
050 97 00 1.9 163,131,102
050 97 00 1.9 72,42,13
050 97 00 1.9 0,0,0
050 97 00 1.9 0,0,47
050 97 03 1.9 238,431,556
050 97 04 1.9 614,644,657
050 97 03 2.2 745,709,675
050 97 05 2.2 656,655,652
050 97 04 2.2 635,602,560
050 97 02 2.2 521,486,451
050 97 00 2.2 415,380,354
050 97 00 2.2 328,302,272
050 97 00 2.2 240,208,176
050 97 00 2.2 144,109,78
050 97 00 2.2 47,18,0
050 97 00 2.2 0,0,52
050 97 02 2.2 215,413,560
050 97 04 2.2 644,685,706
050 97 03 2.1 703,713,681
050 97 05 2.1 659,658,658
050 97 04 2.1 649,625,589
050 97 02 2.1 549,509,474
050 97 00 2.1 440,410,382
050 97 00 2.1 355,331,304
050 97 00 2.1 271,233,198
050 97 00 2.1 165,134,108
050 97 00 2.1 84,57,24
050 97 00 2.1 0,0,0
050 97 00 2.1 0,67,242
050 97 03 2.1 427,555,613
050 97 04 2.0 641,641,672
050 97 05 2.0 638,609,601
050 97 04 2.0 604,602,582
050 97 03 2.0 550,510,473
050 97 01 2.0 438,402,368
050 97 00 2.0 334,307,285
050 97 00 2.0 258,230,194
050 97 00 2.0 158,127,102
050 97 00 2.0 73,36,4
050 97 00 2.0 0,0,0
050 97 00 2.0 0,0,122
050 97 04 2.0 320,473,556
050 97 04 2.0 595,616,619
050 97 04 2.1 695,657,624
050 97 04 2.1 616,614,612
050 97 03 2.1 591,553,509
050 97 01 2.1 461,430,392
050 97 00 2.1 360,321,287
050 97 00 2.1 258,230,203
050 97 00 2.1 179,156,129
050 97 00 2.1 102,70,49
050 97 00 2.1 21,0,0
050 97 00 2.1 0,0,105
050 97 03 2.1 295,476,578
050 97 04 2.1 629,647,660
050 97 03 2.1 706,675,646
050 97 04 2.1 632,634,627
050 97 04 2.1 609,582,547
050 97 02 2.1 512,473,440
050 97 00 2.1 412,387,360
050 97 00 2.1 334,308,279
050 97 00 2.1 248,215,184
050 97 00 2.1 151,121,96
050 97 00 2.1 78,60,39
050 97 00 2.1 14,0,34
050 97 01 2.1 157,337,498
050 97 04 2.1 597,641,656
050 97 03 1.9 649,623,588
050 97 04 1.9 563,557,557
050 97 03 1.9 550,528,500
050 97 02 1.9 469,428,388
050 97 00 1.9 349,318,287
050 97 00 1.9 257,231,204
050 97 00 1.9 174,141,105
050 97 00 1.9 73,47,26
050 97 00 1.9 1,0,0
050 97 00 1.9 0,0,41
050 97 02 1.9 216,396,522
050 97 04 1.9 580,608,615
050 97 03 2.0 680,648,617
050 97 04 2.0 606,602,599
050 97 04 2.0 585,562,526
050 97 02 2.0 481,441,407
050 97 00 2.0 380,353,322
050 97 00 2.0 294,264,235
050 97 00 2.0 206,176,147
050 97 00 2.0 120,94,67
050 97 00 2.0 38,6,0
050 97 00 2.0 61,213,408
050 97 03 2.0 569,658,702
050 97 04 2.1 726,732,719
050 97 05 2.1 679,647,635
050 97 04 2.1 637,635,613
050 97 03 2.1 585,548,516
050 97 01 2.1 472,440,407
050 97 00 2.1 386,357,332
050 97 00 2.1 306,282,256
050 97 00 2.1 229,207,179
050 97 00 2.1 154,128,105
050 97 00 2.1 89,117,237
050 97 03 2.1 417,596,705
050 97 04 2.1 759,781,785
050 97 03 2.0 674,644,619
050 97 05 2.0 619,622,619
050 97 04 2.0 597,566,528
050 97 02 2.0 496,461,427
050 97 00 2.0 397,375,359
050 97 00 2.0 338,314,287
050 97 00 2.0 259,233,202
050 97 00 2.0 177,150,128
050 97 00 2.0 123,180,316
050 97 04 2.0 497,648,742
050 97 04 1.9 781,792,664
050 97 04 1.9 632,601,581
050 97 04 1.9 590,594,584
050 97 03 1.9 557,527,492
050 97 02 1.9 457,425,396
050 97 01 1.9 372,349,328
050 97 00 1.9 309,283,265
050 97 00 1.9 238,213,183
050 97 00 1.9 157,170,259
050 97 02 1.9 424,600,722
050 97 04 1.9 784,808,812
052 97 04 1.9 637,602,574
052 97 04 1.9 564,567,562
052 97 04 1.9 546,516,476
052 97 02 1.9 435,395,356
052 97 00 1.9 325,296,274
052 97 00 1.9 250,226,199
052 97 00 1.9 172,143,119
052 97 00 1.9 123,200,355
052 97 05 1.9 531,662,727
052 97 04 1.9 753,759,627
052 97 05 1.9 583,546,532
052 97 04 1.9 535,534,518
052 97 03 1.9 489,451,405
052 97 01 1.9 363,326,297
052 97 00 1.9 269,239,208
052 97 00 1.9 177,152,124
052 97 00 1.9 93,61,27
052 97 00 1.9 0,0,0
052 97 00 1.9 14,162,359
052 97 05 1.9 530,625,672
052 97 04 2.1 692,690,704
052 97 05 2.1 666,639,636
052 97 04 2.1 635,629,605
052 97 03 2.1 576,531,484
052 97 01 2.1 444,410,377
052 97 00 2.1 347,322,299
052 97 00 2.1 272,240,212
052 97 00 2.1 180,149,115
052 97 00 2.1 79,48,20
052 97 00 2.1 0,0,0
052 97 00 2.1 0,0,0
052 97 00 2.1 0,123,332
052 97 04 2.1 481,557,584
051 97 04 2.1 594,703,670
051 97 05 2.1 633,617,617
051 97 04 2.1 617,606,571
051 97 02 2.1 533,485,438
051 97 00 2.1 390,351,316
051 97 00 2.1 284,253,225
051 97 00 2.1 195,163,128
051 97 00 2.1 88,52,19
051 97 00 2.1 0,0,0
051 97 00 2.1 0,0,0
051 97 00 2.1 0,0,75
051 97 04 2.1 279,431,500
051 97 04 2.1 536,551,550
051 97 04 2.1 696,655,626
051 97 04 2.1 623,620,609
051 97 03 2.1 581,545,500
051 97 01 2.1 459,416,376
051 97 00 2.1 342,308,280
051 97 00 2.1 242,212,176
051 97 00 2.1 145,113,83
051 97 00 2.1 56,26,0
051 97 00 2.1 0,0,0
051 97 00 2.1 0,0,84
051 97 03 2.1 285,460,564
051 97 04 2.1 610,637,638
051 97 03 2.1 729,691,663
051 97 04 2.1 650,649,641
051 97 03 2.1 624,593,557
051 97 02 2.1 515,475,440
051 97 00 2.1 407,373,349
051 97 00 2.1 321,299,264
051 97 00 2.1 236,205,179
051 97 00 2.1 152,116,86
051 97 00 2.1 51,23,0
051 97 00 2.1 4,95,262
051 97 03 2.1 453,587,651
050 97 04 1.9 676,679,668
050 97 05 1.9 639,614,607
050 97 04 1.9 609,608,596
050 97 03 1.9 571,536,497
050 97 01 1.9 457,423,386
050 97 00 1.9 356,328,305
050 97 00 1.9 275,240,205
050 97 00 1.9 175,150,120
050 97 00 1.9 87,50,16
050 97 00 1.9 0,22,136
050 97 03 1.9 314,493,601
050 97 03 1.9 647,658,648
050 97 05 1.9 617,578,562
050 97 04 1.9 560,571,567
050 97 03 1.9 549,517,478
050 97 02 1.9 439,405,367
050 97 00 1.9 334,302,281
050 97 00 1.9 253,227,198
050 97 00 1.9 175,148,125
050 97 00 1.9 97,67,38
050 97 00 1.9 41,120,289
050 97 03 1.9 486,639,717
050 97 04 2.1 753,771,765
050 97 04 2.1 705,670,652
050 97 05 2.1 655,660,651

0!0!0!0
1!1!1!1!1!1!1!1!1!1!1!1!1!1!1!1!1!1!1!