177628!20190828_215943!1!0
2.49!2.39!2.43!2.39!2.39!2.48!
98!58!65!0!213
343.8 2.39 78 50

065 98 00 0.6 0,0,0
065 98 00 0.6 0,0,0
065 98 00 0.6 0,0,0
065 98 00 0.6 0,0,0
065 98 07 0.6 21,87,130
065 98 08 1.3 154,161,424
065 98 07 1.3 404,388,371
065 98 04 1.3 356,339,325
065 98 02 1.3 301,277,251
065 98 00 1.3 230,209,192
065 98 00 1.3 169,143,117
065 98 00 1.3 96,81,67
065 98 00 1.3 46,23,0
065 98 00 1.3 9,64,164
065 98 06 1.3 268,351,404
064 98 08 1.4 434,446,440
064 98 07 1.4 423,405,386
064 98 04 1.4 370,350,336
064 98 02 1.4 316,298,274
064 98 00 1.4 253,231,213
064 98 00 1.4 193,171,152
064 98 00 1.4 137,120,95
064 98 00 1.4 72,58,58
064 98 00 1.4 88,168,272
064 98 07 1.4 370,433,474
064 98 08 1.4 496,501,439
064 98 07 1.4 421,405,388
064 98 04 1.4 371,353,340
064 98 02 1.4 324,307,284
064 98 00 1.4 261,238,220
064 98 00 1.4 199,177,150
064 98 00 1.4 135,119,100
064 98 00 1.4 79,72,105
064 98 02 1.4 185,292,392
064 98 08 1.4 462,508,539
064 98 08 1.5 552,476,458
064 98 04 1.5 440,423,407
064 98 03 1.5 392,372,355
064 98 02 1.5 337,318,294
064 98 01 1.5 273,255,237
064 98 01 1.5 213,194,170
064 98 00 1.5 153,131,115
064 98 00 1.5 107,135,211
064 98 03 1.5 317,417,492
064 98 06 1.5 541,571,578
064 98 05 1.5 465,447,430
064 98 04 1.5 413,395,380
064 98 02 1.5 367,355,336
064 98 02 1.5 309,287,261
064 98 01 1.5 242,222,205
064 98 00 1.5 185,161,141
064 98 00 1.5 120,103,83
064 98 00 1.5 81,121,211
064 98 04 1.5 320,410,475
064 98 06 1.5 519,550,556
064 98 05 1.5 466,442,422
064 98 04 1.5 409,396,378
064 98 02 1.5 358,340,320
064 98 02 1.5 300,277,263
064 98 01 1.5 246,227,205
064 98 00 1.5 182,165,142
064 98 00 1.5 124,98,85
064 98 01 1.5 109,182,285
064 98 05 1.5 382,457,505
064 98 06 1.4 532,539,448
064 98 04 1.4 432,410,394
064 98 03 1.4 378,362,339
064 98 02 1.4 319,296,273
064 98 01 1.4 251,229,207
064 98 00 1.4 180,160,141
064 98 00 1.4 124,104,80
064 98 00 1.4 57,34,34
064 98 01 1.4 76,165,276
064 98 05 1.4 376,449,496
063 98 06 1.5 522,526,484
063 98 04 1.5 462,442,426
063 98 03 1.5 413,397,378
063 98 02 1.5 354,329,300
063 98 01 1.5 276,254,234
063 98 00 1.5 209,186,161
063 98 00 1.5 139,116,97
063 98 00 1.5 76,53,42
063 98 00 1.5 70,151,262
063 98 05 1.5 368,446,492
063 98 06 1.5 513,517,470
063 98 05 1.5 455,434,413
063 98 03 1.5 394,373,355
063 98 02 1.5 336,319,293
063 98 01 1.5 265,237,214
063 98 00 1.5 190,167,143
063 98 00 1.5 118,98,75
063 98 00 1.5 55,29,8
063 98 00 1.5 8,59,154
063 98 04 1.5 262,355,418
063 98 06 1.4 457,466,462
063 98 05 1.4 443,426,409
063 98 03 1.4 395,380,361
063 98 02 1.4 343,317,293
063 98 01 1.4 260,238,212
063 98 00 1.4 190,164,141
063 98 00 1.4 121,100,76
063 98 00 1.4 49,25,8
063 98 00 1.4 18,74,168
063 98 04 1.4 273,360,419
062 98 06 1.4 455,469,467
062 98 05 1.4 446,426,411
062 98 03 1.4 393,378,364
062 98 02 1.4 349,327,301
062 98 01 1.4 270,243,217
062 98 00 1.4 195,174,148
062 98 00 1.4 129,109,95
062 98 00 1.4 73,53,50
062 98 01 1.4 99,195,309
062 98 05 1.4 403,469,506
062 98 06 1.5 524,524,467
062 98 04 1.5 448,430,415
062 98 03 1.5 403,386,366
062 98 02 1.5 346,328,311
062 98 01 1.5 287,263,236
062 98 00 1.5 210,185,157
062 98 00 1.5 135,114,98
062 98 00 1.5 77,61,75
062 98 01 1.5 143,249,353
062 98 06 1.5 432,484,518
062 98 06 1.5 534,469,457
062 98 04 1.5 438,422,404
062 98 03 1.5 390,375,358
062 98 02 1.5 335,317,297
062 98 01 1.5 273,249,228
062 98 00 1.5 206,182,156
062 98 00 1.5 132,109,83
062 98 00 1.5 63,47,77
062 98 02 1.5 152,262,359
062 98 06 1.5 436,484,513
061 98 06 1.5 520,466,450
061 98 04 1.5 432,417,404
061 98 03 1.5 390,374,353
061 98 02 1.5 329,308,284
061 98 01 1.5 263,239,218
061 98 00 1.5 193,172,148
061 98 00 1.5 126,107,85
061 98 00 1.5 67,73,123
061 98 02 1.5 218,316,404
061 98 06 1.5 458,496,504
061 98 05 1.4 501,420,406
061 98 04 1.4 386,371,354
061 98 02 1.4 337,321,299
061 98 02 1.4 278,255,231
061 98 01 1.4 207,182,162
061 98 00 1.4 142,122,102
061 98 00 1.4 77,49,27
061 98 00 1.4 28,77,170
061 98 04 1.4 281,374,441
061 98 06 1.5 481,507,510
061 98 05 1.5 478,458,441
061 98 04 1.5 424,407,390
061 98 02 1.5 373,353,332
061 98 02 1.5 314,295,273
061 98 01 1.5 251,227,210
061 98 00 1.5 186,165,136
061 98 00 1.5 116,93,75
061 98 00 1.5 68,108,192
061 98 03 1.5 300,392,463
061 98 06 1.4 504,525,524
061 98 05 1.4 442,419,393
061 98 03 1.4 375,359,345
061 98 02 1.4 327,306,286
061 98 01 1.4 262,236,209
061 98 00 1.4 185,161,139
061 98 00 1.4 114,87,65
061 98 00 1.4 45,26,15
061 98 00 1.4 28,90,188
061 98 04 1.4 293,373,426
061 98 06 1.4 453,464,444
061 98 04 1.4 424,405,388
061 98 03 1.4 377,363,346
061 98 02 1.4 328,307,283
061 98 01 1.4 258,235,215
061 98 00 1.4 191,169,145
061 98 00 1.4 123,99,77
061 98 00 1.4 57,43,62
061 98 01 1.4 129,229,331
061 98 05 1.4 408,463,495
061 98 06 1.5 504,454,438
061 98 04 1.5 417,403,389
061 98 03 1.5 377,360,340
061 98 02 1.5 314,290,267
061 98 01 1.5 250,225,203
061 98 00 1.5 178,156,135
061 98 00 1.5 114,93,71
061 98 00 1.5 47,43,78
061 98 02 1.5 165,272,363
061 98 06 1.5 427,470,493
061 98 06 1.4 498,439,423
061 98 04 1.4 400,388,372
061 98 02 1.4 355,334,310
061 98 02 1.4 286,265,246
061 98 01 1.4 224,203,180
061 98 00 1.4 159,134,111
061 98 00 1.4 88,70,49
061 98 00 1.4 28,19,53
061 98 02 1.4 134,236,330
061 98 05 1.4 392,432,449
061 98 05 1.4 447,417,394
061 98 03 1.4 374,352,335
061 98 02 1.4 316,298,281
061 98 02 1.4 268,246,221
061 98 01 1.4 193,171,147
061 98 00 1.4 126,107,83
061 98 00 1.4 62,40,20
061 98 00 1.4 0,0,41
061 98 02 1.4 128,225,304
061 98 05 1.4 353,384,395
061 99 05 1.3 400,386,365
061 99 03 1.3 346,330,315
061 99 02 1.3 295,278,259
061 99 01 1.3 243,220,195
061 99 01 1.3 169,147,125
061 99 00 1.3 103,79,57
061 99 00 1.3 34,12,0
061 99 00 1.3 0,29,109
061 99 03 1.3 209,295,356
061 99 06 1.4 393,416,418
061 99 05 1.4 421,400,382
061 99 03 1.4 364,346,329
061 99 02 1.4 306,285,261
061 99 01 1.4 238,215,192
061 99 00 1.4 169,146,124
061 99 00 1.4 100,80,61
061 99 00 1.4 41,16,0
061 99 00 1.4 0,29,114
061 99 03 1.4 216,302,359
061 99 06 1.3 394,413,414
061 99 05 1.3 419,399,380
061 99 03 1.3 361,346,331
061 99 02 1.3 316,297,276
061 99 01 1.3 250,226,203
061 99 01 1.3 181,158,131
061 99 00 1.3 112,88,70
061 99 00 1.3 49,29,12
061 99 00 1.3 1,30,105
061 99 03 1.3 207,301,363
061 99 06 1.4 408,428,435
061 99 05 1.4 422,408,386
061 99 03 1.4 370,354,343
061 99 02 1.4 326,308,291
061 99 02 1.4 271,249,227
061 99 01 1.4 207,191,172
061 99 00 1.4 152,131,111
061 99 00 1.4 94,77,58
061 99 00 1.4 54,90,168
061 99 03 1.4 267,351,415
060 99 06 1.3 453,472,473
060 99 05 1.3 410,396,379
060 99 03 1.3 365,346,328
060 99 02 1.3 308,290,271
060 99 01 1.3 253,227,204
060 99 01 1.3 182,162,142
060 99 00 1.3 113,92,67
060 99 00 1.3 49,26,9
060 99 00 1.3 0,33,102
060 99 03 1.3 202,292,370
060 99 05 1.3 435,485,502
060 99 05 1.6 492,461,426
060 99 03 1.6 395,362,331
060 99 01 1.6 292,258,228
060 99 00 1.6 196,162,128
060 99 00 1.6 101,75,47
060 99 00 1.6 19,0,0
060 99 00 1.6 0,0,0
060 99 00 1.6 0,0,0
060 99 02 1.6 25,119,199
060 99 05 1.6 253,286,300
060 99 05 1.4 428,415,400
060 99 03 1.4 384,370,357
060 99 02 1.4 347,335,322
060 99 02 1.4 306,291,276
060 99 01 1.4 263,254,240
060 99 01 1.4 224,202,182
060 99 00 1.4 161,140,119
060 99 00 1.4 108,135,204
060 99 03 1.4 299,388,449
060 99 06 1.3 490,511,514
060 99 05 1.3 396,381,364
060 99 03 1.3 350,337,324
060 99 02 1.3 308,284,265
060 99 01 1.3 245,228,207
060 99 01 1.3 184,163,141
060 99 00 1.3 120,99,81
060 99 00 1.3 65,48,32
060 99 00 1.3 49,109,202
060 99 04 1.3 292,361,409
060 99 06 1.3 437,445,404
060 99 04 1.3 390,367,349
060 99 03 1.3 328,317,301
060 99 02 1.3 283,258,236
060 99 01 1.3 213,193,173
060 99 00 1.3 152,130,110
060 99 00 1.3 93,75,55
060 99 00 1.3 30,8,0
060 99 01 1.3 34,111,207
060 99 04 1.3 293,351,388
060 99 06 1.3 410,419,407
060 99 04 1.3 387,364,349
060 99 03 1.3 335,318,299
060 99 02 1.3 279,256,236
060 99 01 1.3 210,191,171
060 99 00 1.3 149,130,106
060 99 00 1.3 85,64,49
060 99 00 1.3 34,17,8
060 99 01 1.3 34,108,204
060 99 04 1.3 290,351,397
060 99 06 1.3 420,424,403
060 99 04 1.3 384,366,348
060 99 03 1.3 334,319,301
060 99 02 1.3 286,265,245
060 99 01 1.3 219,200,179
060 99 01 1.3 164,142,124
060 99 00 1.3 106,93,76
060 99 00 1.3 58,46,69
060 99 02 1.3 139,236,323
060 99 05 1.3 384,419,438
060 99 05 1.3 438,379,358
060 99 03 1.3 337,320,307
060 99 02 1.3 292,278,258
060 99 01 1.3 234,208,185
060 99 01 1.3 169,148,131
060 99 00 1.3 103,86,64
060 99 00 1.3 48,26,8
060 99 00 1.3 0,14,75
060 99 03 1.3 169,262,331
060 99 05 1.3 381,409,424
060 99 05 1.4 424,407,386
060 99 03 1.4 369,351,335
060 99 02 1.4 319,303,283
060 99 01 1.4 261,239,217
060 99 01 1.4 192,169,147
060 99 00 1.4 131,111,98
060 99 00 1.4 80,75,67
060 99 00 1.4 73,97,161
060 99 03 1.4 258,358,450
060 99 03 1.4 532,601,650
060 99 03 1.4 677,709,752
059 99 03 2.4 799,820,818
059 99 05 2.4 733,710,681
059 99 03 2.4 645,602,562
059 99 01 2.4 522,489,457
059 99 00 2.4 429,401,370
059 99 00 2.4 334,302,272
059 99 00 2.4 250,253,286
059 99 01 2.4 343,400,441
059 99 03 2.4 471,472,456
059 99 02 2.4 415,377,339
059 99 01 2.4 310,277,243
059 99 00 2.4 207,176,148
059 99 00 2.4 122,96,69
059 99 00 2.4 39,5,0
059 99 00 2.4 0,0,0
059 99 00 2.4 0,0,0
059 99 00 2.4 0,0,0
059 99 03 2.4 52,108,143
059 99 04 1.1 156,154,329
059 99 04 1.1 303,273,250
059 99 01 1.1 226,204,182
059 99 00 1.1 157,133,102
059 99 00 1.1 74,43,12
059 99 00 1.1 0,0,0
059 99 00 1.1 0,0,0
059 99 00 1.1 0,0,0
059 99 00 1.1 0,0,7
059 99 06 1.1 78,128,158
059 99 07 1.2 170,368,345
059 99 04 1.2 318,293,277
059 99 02 1.2 258,235,210
059 99 00 1.2 189,163,135
059 99 00 1.2 106,81,63
059 99 00 1.2 43,24,1
059 99 00 1.2 0,0,0
059 99 00 1.2 0,0,0
059 99 00 1.2 0,0,81
059 99 06 1.2 153,206,233
059 99 08 1.1 247,359,341
059 99 05 1.1 320,297,280
059 99 02 1.1 253,228,201
059 99 00 1.1 182,159,136
059 99 00 1.1 113,93,70
059 99 00 1.1 47,20,0
059 99 00 1.1 0,0,0
059 99 00 1.1 0,0,0
059 99 01 1.1 0,79,148
059 99 07 1.1 197,232,244
059 99 07 1.0 241,314,296
059 99 04 1.0 276,259,239
059 99 02 1.0 224,205,185
059 99 00 1.0 162,139,113
059 99 00 1.0 93,70,55
059 99 00 1.0 29,8,0
059 99 00 1.0 0,0,0
059 99 00 1.0 0,0,5
059 99 04 1.0 91,170,230
059 99 08 1.2 269,290,294
059 99 07 1.2 364,346,325
059 99 04 1.2 311,292,274
059 99 02 1.2 252,231,211
059 99 00 1.2 190,168,147
059 99 00 1.2 129,105,82
059 99 00 1.2 57,41,23
059 99 00 1.2 4,0,0
059 99 00 1.2 0,4,79
059 99 05 1.2 163,238,284
058 99 08 1.1 314,321,319
058 99 06 1.1 341,322,301
058 99 03 1.1 285,264,244
058 99 01 1.1 225,205,184
058 99 00 1.1 162,141,113
058 99 00 1.1 88,65,49
058 99 00 1.1 29,8,0
058 99 00 1.1 0,0,0
058 99 00 1.1 0,0,69
058 99 05 1.1 154,216,255
058 99 08 1.1 281,289,358
058 99 06 1.1 340,319,298
058 99 03 1.1 280,267,248
058 99 01 1.1 230,209,185
058 99 00 1.1 167,146,129
058 99 00 1.1 107,86,65
058 99 00 1.1 42,21,4
058 99 00 1.1 0,0,0
058 99 00 1.1 0,65,152
058 99 07 1.1 229,285,323
058 99 08 1.2 341,337,364
058 99 05 1.2 343,327,310
058 99 03 1.2 293,273,254
058 99 01 1.2 230,210,186
058 99 00 1.2 163,140,120
058 99 00 1.2 102,82,62
058 99 00 1.2 39,20,0
058 99 00 1.2 0,0,0
058 99 00 1.2 6,84,170
058 99 07 1.2 240,288,317
058 99 08 1.2 331,329,356
058 99 05 1.2 333,312,292
058 99 02 1.2 274,250,231
058 99 01 1.2 212,193,174
058 99 00 1.2 150,127,99
058 99 00 1.2 74,51,32
058 99 00 1.2 16,0,0
058 99 00 1.2 0,0,0
058 99 01 1.2 28,111,190
058 99 07 1.2 252,291,311
058 99 08 1.1 313,353,336
058 99 05 1.1 313,294,276
058 99 02 1.1 264,251,231
058 99 01 1.1 207,182,162
058 99 00 1.1 140,122,105
058 99 00 1.1 86,67,45
058 99 00 1.1 26,5,0
058 99 00 1.1 0,14,79
058 99 04 1.1 165,239,296
058 99 08 1.1 333,347,346
058 99 06 1.1 348,332,312
058 99 03 1.1 294,280,264
058 99 02 1.1 244,221,206
058 99 00 1.1 187,167,142
058 99 00 1.1 121,96,75
058 99 00 1.1 59,43,27
058 99 00 1.1 7,0,0
058 99 00 1.1 15,81,175
058 99 07 1.1 255,314,348
058 99 08 1.2 368,371,380
058 99 06 1.2 358,340,319
058 99 03 1.2 304,285,269
058 99 01 1.2 247,223,205
058 99 00 1.2 187,172,151
058 99 00 1.2 129,108,84
058 99 00 1.2 62,41,25
058 99 00 1.2 7,0,5
058 99 01 1.2 55,139,227
058 99 07 1.2 298,339,368
058 99 08 1.2 376,377,358
058 99 05 1.2 337,319,302
058 99 03 1.2 286,268,251
058 99 01 1.2 230,212,190
058 99 00 1.2 169,145,124
058 99 00 1.2 107,87,71
058 99 00 1.2 51,36,15
058 99 00 1.2 0,0,39
058 99 03 1.2 117,202,269
058 99 08 1.2 316,345,355
058 99 07 1.1 358,340,320
058 99 04 1.1 304,291,275
058 99 02 1.1 259,238,216
058 99 00 1.1 191,173,156
058 99 00 1.1 137,118,96
058 99 00 1.1 79,55,39
058 99 00 1.1 22,3,0
058 99 00 1.1 0,51,136
058 99 06 1.1 228,299,349
059 99 08 1.2 376,388,384
059 99 07 1.2 380,358,336
059 99 03 1.2 317,300,279
059 99 01 1.2 259,236,214
059 99 00 1.2 193,176,161
059 99 00 1.2 141,114,96
059 99 00 1.2 76,63,39
059 99 00 1.2 23,4,7
059 99 00 1.2 43,113,200
059 99 07 1.2 278,340,379
059 99 08 1.2 396,397,381
059 99 06 1.2 361,339,321
059 99 03 1.2 305,287,265
059 99 01 1.2 242,219,198
059 99 00 1.2 178,161,141
059 99 00 1.2 120,97,80
059 99 00 1.2 59,38,14
059 99 00 1.2 0,0,0
059 99 00 1.2 0,63,150
059 99 06 1.2 233,293,335
059 99 08 1.2 357,362,375
059 99 06 1.2 354,332,318
059 99 03 1.2 305,290,272
059 99 01 1.2 246,225,204
059 99 00 1.2 182,163,141
059 99 00 1.2 127,103,81
059 99 00 1.2 64,46,30
059 99 00 1.2 7,0,0
059 99 00 1.2 0,10,86
059 99 05 1.2 172,240,288
058 99 08 1.1 318,326,356
058 99 06 1.1 341,324,306
058 99 03 1.1 288,275,260
058 99 02 1.1 244,223,203
058 99 00 1.1 181,161,140
058 99 00 1.1 119,96,78
058 99 00 1.1 58,40,21
058 99 00 1.1 1,0,0
058 99 00 1.1 0,5,83
058 99 05 1.1 174,246,296
058 99 08 1.2 329,343,343
058 99 07 1.2 373,353,333
058 99 04 1.2 315,301,282
058 99 02 1.2 259,235,214
058 99 00 1.2 191,169,150
058 99 00 1.2 133,118,98
058 99 00 1.2 77,55,35
058 99 00 1.2 20,4,0
058 99 00 1.2 0,1,74
058 99 04 1.2 159,242,300
058 99 08 1.2 338,357,354
058 99 07 1.2 363,341,323
058 99 04 1.2 310,297,285
058 99 02 1.2 262,242,216
058 99 00 1.2 196,177,159
058 99 00 1.2 137,113,96
058 99 00 1.2 73,56,37
058 99 00 1.2 22,5,0
058 99 00 1.2 11,65,151
058 99 06 1.2 234,298,336
058 99 08 1.1 356,363,364
058 99 06 1.1 351,334,325
058 99 04 1.1 311,297,275
058 99 02 1.1 258,240,219
058 99 00 1.1 199,183,164
058 99 00 1.1 142,120,104
058 99 00 1.1 84,64,44
058 99 00 1.1 33,43,96
058 99 03 1.1 178,266,338
060 99 08 1.2 393,428,437
060 99 07 1.2 391,372,356
060 99 05 1.2 344,331,315
060 99 03 1.2 298,278,259
060 99 01 1.2 237,217,199
060 99 00 1.2 180,167,150
060 99 00 1.2 131,107,88
060 99 00 1.2 72,56,47
060 99 00 1.2 80,153,250
060 99 07 1.2 330,392,434
060 99 08 1.3 457,465,407
060 99 06 1.3 392,373,354
060 99 03 1.3 334,314,301
060 99 02 1.3 284,264,238
060 99 00 1.3 217,194,174
060 99 00 1.3 155,135,115
060 99 00 1.3 95,77,62
060 99 00 1.3 48,47,80
060 99 02 1.3 150,242,323
060 99 08 1.3 383,423,445
060 99 08 1.2 445,382,358
060 99 05 1.2 338,328,315
060 99 03 1.2 309,285,266
060 99 01 1.2 242,227,204
060 99 00 1.2 181,159,138
060 99 00 1.2 118,100,83
060 99 00 1.2 66,48,33
060 99 00 1.2 36,76,149
060 99 05 1.2 235,307,362
060 99 08 1.2 400,421,420
060 99 07 1.2 373,348,330
060 99 03 1.2 311,295,278
060 99 02 1.2 260,236,212
060 99 00 1.2 192,172,154

0!0!0!0
1!1!1!1!1!1!1!1!1!1!1!1!1!1!1!1!1!1!1!