100001!20190828_160806!1!1
1.23!1.25!1.62!1.67!2.3!1.52!
95!56!126!601!235
124.2 1.77 241 69

056 96 00 11.2 2552,2406,2403
056 96 01 11.2 2774,3492,4292
056 96 05 7.2 4797,4957,2531
056 96 07 7.2 2345,2112,1910
056 96 06 7.2 1807,1781,1758
056 96 06 7.2 1690,1586,1427
056 96 00 7.2 1244,1054,881
056 96 00 7.2 717,560,464
056 96 00 7.2 649,1211,1984
056 96 08 7.1 2625,2944,3013
056 96 08 7.1 2457,2292,2110
056 96 06 7.1 1968,1911,1906
056 96 08 7.1 1903,1829,1702
056 96 00 7.1 1530,1336,1136
056 96 00 7.1 973,845,716
056 96 00 7.1 598,695,1194
056 96 04 7.1 1973,2677,3049
061 96 07 7.3 3153,2520,2395
061 96 04 7.3 2216,2026,1924
061 96 07 7.3 1885,1865,1792
061 96 03 7.3 1666,1514,1333
061 96 00 7.3 1154,996,848
061 96 00 7.3 723,601,514
061 96 00 7.3 670,1229,2050
061 96 08 7.5 2753,3063,3113
061 96 05 7.5 2539,2448,2295
061 96 05 7.5 2122,2010,1944
061 96 08 7.5 1881,1721,1504
061 96 00 7.5 1273,1082,923
061 96 00 7.5 755,596,438
061 96 00 7.5 276,127,0
061 96 00 7.5 0,0,267
061 96 03 7.5 1011,1823,2342
061 96 08 7.8 2534,2539,2597
061 96 07 7.8 2437,2266,2140
061 96 05 7.8 2079,2040,2010
061 96 04 7.8 1937,1776,1544
061 96 00 7.8 1304,1092,903
061 96 00 7.8 693,470,226
061 96 00 7.8 0,0,0
061 96 00 7.8 0,0,0
061 96 01 7.8 0,691,1380
064 96 08 7.9 1679,1722,2740
064 96 05 7.9 2567,2382,2239
064 96 05 7.9 2171,2138,2071
064 96 03 7.9 1951,1766,1558
064 96 00 7.9 1339,1126,917
064 96 00 7.9 722,544,381
064 96 00 7.9 214,34,0
064 96 00 7.9 0,0,0
064 96 00 7.9 0,159,1165
064 96 06 7.9 1776,2000,2034
064 96 06 8.4 3075,2973,2866
064 96 07 8.4 2808,2808,2803
064 96 08 8.4 2742,2605,2408
064 96 02 8.4 2173,1922,1658
064 96 00 8.4 1383,1102,811
064 96 00 8.4 508,186,0
064 96 00 8.4 0,0,0
064 96 00 8.4 0,0,165
064 96 03 8.4 1199,1780,1877
064 96 04 8.3 3021,2797,2519
064 96 08 8.3 2263,2087,2004
064 96 00 8.3 1956,1853,1676
064 96 00 8.3 1417,1104,789
064 96 00 8.3 488,209,0
064 96 00 8.3 0,0,0
064 96 00 8.3 0,0,0
064 96 00 8.3 0,0,554
064 96 04 8.3 1650,2161,2290
064 96 07 10.0 3944,3810,3622
064 96 06 10.0 3443,3370,3376
064 96 08 10.0 3370,3269,3073
064 96 04 10.0 2823,2555,2297
064 96 00 10.0 2042,1803,1590
064 96 00 10.0 1400,1215,996
064 96 00 10.0 747,751,1375
064 96 02 10.0 2479,3529,4062
064 96 04 8.9 4178,3425,3244
064 96 08 8.9 3010,2818,2747
064 96 07 8.9 2769,2769,2684
064 96 06 8.9 2504,2254,1972
064 96 00 8.9 1685,1402,1121
064 96 00 8.9 848,595,339
064 96 00 8.9 172,432,1220
064 96 03 8.9 2241,2995,3315
064 96 06 8.2 3361,3086,2871
064 96 07 8.2 2638,2475,2441
064 96 07 8.2 2459,2425,2298
064 96 04 8.2 2093,1853,1612
064 96 00 8.2 1394,1195,999
064 96 00 8.2 852,1046,1689
064 96 03 8.2 2558,3226,3509
073 96 07 7.0 3537,2545,2315
073 96 03 7.0 2081,1959,1950
073 96 08 7.0 1967,1896,1722
073 96 02 7.0 1467,1186,915
073 96 01 7.0 666,426,212
073 96 00 7.0 341,1029,2056
073 96 04 7.0 2931,3355,3474
073 96 06 8.6 3449,3126,2940
073 96 05 8.6 2758,2670,2644
073 96 04 8.6 2602,2479,2273
073 96 02 8.6 2022,1753,1499
073 96 00 8.6 1260,1051,860
073 96 00 8.6 660,553,915
073 96 00 8.6 1778,2822,3523
073 96 04 8.8 3803,3855,3243
073 96 05 8.8 3094,2896,2739
073 96 04 8.8 2665,2627,2546
073 96 05 8.8 2383,2161,1902
073 96 00 8.8 1651,1410,1186
073 96 00 8.8 977,777,587
073 96 01 8.8 388,174,0
073 96 00 8.8 0,427,1448
073 96 05 8.8 2502,3097,3296
071 96 05 9.2 3309,3358,3173
071 96 03 9.2 2968,2830,2776
071 96 04 9.2 2729,2620,2425
071 96 02 9.2 2167,1887,1628
071 96 01 9.2 1396,1184,974
071 96 00 9.2 772,570,360
071 96 00 9.2 134,0,0
071 96 00 9.2 0,0,218
071 96 02 9.2 1399,2435,2910
071 96 03 9.6 3022,3644,3501
071 96 08 9.6 3296,3099,2990
071 96 06 9.6 2958,2909,2778
071 96 05 9.6 2557,2282,2002
071 96 00 9.6 1746,1540,1412
071 96 00 9.6 1423,1559,1683
071 96 00 9.6 1614,1267,702
071 96 00 9.6 93,0,523
071 96 00 9.6 1673,2740,3234
071 95 04 9.0 3338,3384,3172
071 95 08 9.0 2907,2690,2601
071 95 07 9.0 2588,2542,2394
071 95 02 9.0 2159,1865,1556
071 95 00 9.0 1249,969,709
071 95 00 9.0 474,233,0
071 95 00 9.0 0,0,0
071 95 01 9.0 137,1305,2378
071 95 06 9.1 2860,2898,3383
071 95 03 9.1 3117,2828,2610
071 95 04 9.1 2540,2565,2552
071 95 04 9.1 2432,2200,1905
071 95 00 9.1 1588,1290,1027
071 95 00 9.1 799,607,416
071 95 00 9.1 237,367,1060
071 95 01 9.1 2101,2969,3315
071 95 04 8.0 3284,2831,2499
071 95 06 8.0 2189,2020,2015
071 95 04 8.0 2061,2009,1825
071 95 01 8.0 1536,1216,909
071 95 00 8.0 624,359,94
071 95 00 8.0 0,139,1029
071 95 02 8.0 2228,3144,3482
071 95 06 9.3 3492,3464,3243
071 95 07 9.3 3002,2818,2766
071 95 07 9.3 2766,2718,2550
071 95 05 9.3 2285,1967,1655
071 95 00 9.3 1368,1113,877
071 95 00 9.3 636,549,1045
071 95 00 9.3 2074,3205,3850
073 95 07 9.1 4016,3428,3265
073 95 06 9.1 3040,2818,2677
073 95 05 9.1 2642,2615,2513
073 95 05 9.1 2297,2008,1690
073 95 00 9.1 1397,1129,888
073 95 00 9.1 659,444,207
073 95 00 9.1 101,555,1567
073 95 04 9.1 2703,3380,3555
073 95 04 9.0 3407,3241,3017
073 95 07 9.0 2797,2665,2635
073 95 05 9.0 2614,2509,2298
073 95 01 9.0 2011,1696,1390
073 95 00 9.0 1110,847,602
073 95 00 9.0 371,153,0
073 95 00 9.0 0,0,0
073 95 00 9.0 1055,2278,3003
073 95 05 9.4 3180,3597,3416
073 95 08 9.4 3191,2975,2853
073 95 05 9.4 2840,2880,2903
073 95 03 9.4 2865,2753,2562
073 95 01 9.4 2298,1954,1551
073 95 00 9.4 1117,719,388
073 95 01 9.4 121,0,0
073 95 00 9.4 0,962,2228
071 95 04 9.4 3084,3311,3566
071 95 08 9.4 3328,3021,2735
071 95 07 9.4 2570,2550,2563
071 95 05 9.4 2480,2264,1958
071 95 00 9.4 1604,1244,896
071 95 00 9.4 582,307,63
071 95 00 9.4 0,0,0
071 95 01 9.4 243,1374,2455
071 95 06 8.8 2962,2995,3281
071 95 05 8.8 2965,2643,2429
071 95 06 8.8 2375,2401,2363
071 95 03 8.8 2197,1916,1573
071 95 00 8.8 1234,916,636
071 95 00 8.8 367,115,87
071 95 00 8.8 707,1845,2994
071 95 05 9.2 3590,3670,3458
071 95 05 9.2 3135,2759,2433
071 95 05 9.2 2273,2216,2143
071 95 00 9.2 1920,1567,1136
071 95 00 9.2 707,332,17
071 95 00 9.2 0,0,257
071 95 00 9.2 1299,2380,3008
074 95 06 8.7 3167,3414,3192
074 95 04 8.7 2949,2805,2833
074 95 08 8.7 2956,3022,2965
074 95 06 8.7 2804,2613,2424
074 95 01 8.7 2250,2172,2463
074 95 01 8.7 3178,4039,4628
074 95 07 7.0 4814,2584,2380
074 95 06 7.0 2119,1940,1913
074 95 07 7.0 2008,2080,2070
074 95 06 7.0 1985,1889,1818
074 95 04 7.0 1762,1747,2059
074 95 05 7.0 2812,3770,4484
074 95 06 7.0 4846,5122,5425
074 95 08 11.2 5684,5779,5774
074 95 05 11.2 4037,4041,3955
074 95 05 11.2 3727,3379,3009
074 95 02 11.2 2655,2322,2068
074 95 00 11.2 2186,2689,3333
079 95 03 5.2 3730,3818,1689
079 95 04 5.2 1504,1226,930
079 95 02 5.2 714,608,516
079 95 00 5.2 360,133,0
079 95 00 5.2 0,0,0
079 95 00 5.2 0,0,0
079 95 00 5.2 0,0,0
079 95 00 5.2 0,0,447
079 95 04 8.9 862,966,3172
079 95 04 8.9 3039,2828,2603
079 95 05 8.9 2438,2312,2157
079 95 01 8.9 1907,1577,1195
079 95 00 8.9 846,547,304
079 95 01 8.9 94,0,0
079 95 01 8.9 0,3,80
079 95 00 8.9 306,863,1643
079 95 05 7.1 2234,2409,2447
079 95 04 7.1 2151,1734,1296
079 95 01 7.1 996,916,949
079 95 00 7.1 946,883,814
079 95 00 7.1 776,712,561
079 95 00 7.1 318,12,0
079 95 00 7.1 0,535,1532
079 95 05 7.1 2364,2756,2854
082 95 07 8.5 3064,2876,2634
082 95 02 8.5 2450,2413,2484
082 95 08 8.5 2501,2374,2098
082 95 03 8.5 1758,1418,1099
082 95 00 8.5 801,617,907
082 95 00 8.5 1698,2665,3258
082 95 06 7.6 3363,2586,2301
082 95 06 7.6 1917,1495,1109
082 95 00 7.6 845,646,402
082 95 01 7.6 35,0,0
082 95 01 7.6 0,0,0
082 95 01 7.6 0,0,0
082 95 00 7.6 0,0,586
082 95 05 11.0 1071,1073,4016
082 95 04 11.0 3639,3353,3265
082 95 06 11.0 3304,3271,3038
082 95 02 11.0 2658,2202,1720
082 95 02 11.0 1229,725,206
082 95 00 11.0 0,0,0
082 95 00 11.0 0,1415,2578
082 95 04 10.2 3013,3050,3978
082 95 06 10.2 3786,3577,3433
082 95 03 10.2 3319,3150,2839
082 95 00 10.2 2413,1912,1377
082 95 01 10.2 826,268,0
082 95 00 10.2 0,617,1997
082 95 02 9.3 3097,3400,3616
082 95 04 9.3 3330,3116,3090
082 95 05 9.3 3214,3289,3138
082 95 04 9.3 2763,2274,1755
082 95 01 9.3 1271,807,374
082 95 00 9.3 315,1100,2404
082 95 03 9.3 3564,3990,3903
082 95 04 9.3 3285,2747,2166
082 95 01 9.3 1709,1468,1342
082 95 01 9.3 1176,860,409
082 95 00 9.3 0,0,0
082 95 00 9.3 0,0,0
082 95 02 9.3 1807,3419,3994
085 95 05 13.8 3947,5407,4979
085 95 04 13.8 4662,4577,4621
085 95 04 13.8 4645,4527,4281
085 95 04 13.8 3942,3527,3010
085 95 00 13.8 2398,1968,2386
085 95 01 13.8 3540,4817,5460
085 95 04 8.9 5546,3438,3196
085 95 07 8.9 2961,2822,2796
085 95 04 8.9 2769,2655,2436
085 95 02 8.9 2142,1801,1417
085 95 00 8.9 1121,1393,2281
085 95 03 8.9 3391,4059,4155
085 95 05 7.8 2776,2283,1671
085 95 02 7.8 1110,765,666
085 95 01 7.8 673,644,500
085 95 00 7.8 292,88,0
085 95 00 7.8 0,347,1289
085 95 03 7.8 2355,2992,3124
088 95 03 8.3 3080,2693,2258
088 95 05 8.3 1966,1920,1996
088 95 03 8.3 2014,1874,1603
088 95 00 8.3 1256,912,596
088 95 01 8.3 547,1189,2330
088 95 02 8.3 3475,4019,4091
088 95 06 9.3 3399,3065,2730
088 95 08 9.3 2532,2511,2541
088 95 05 9.3 2491,2316,2056
088 95 00 9.3 1760,1479,1211
088 95 00 9.3 1014,1331,2190
088 95 04 9.3 3266,3930,4078
088 95 08 8.1 2919,2630,2346
088 95 05 8.1 2222,2286,2427
088 95 05 8.1 2449,2271,1921
088 95 02 8.1 1472,1061,791
088 95 00 8.1 684,624,745
088 95 00 8.1 1315,2194,2968
090 95 06 7.0 3222,2488,2160
090 95 06 7.0 1768,1449,1328
090 95 00 7.0 1348,1359,1255
090 95 00 7.0 1013,648,194
090 95 00 7.0 0,0,0
090 95 00 7.0 0,0,0
090 95 00 7.0 455,1399,1900
090 95 05 7.5 1916,2511,2079
090 95 08 7.5 1656,1408,1397
090 95 00 7.5 1508,1562,1480
090 95 00 7.5 1273,1012,724
090 95 00 7.5 430,134,0
090 95 00 7.5 0,48,985
090 95 00 7.5 2071,2705,2869
090 95 08 8.4 3119,2972,2979
090 95 07 8.4 3164,3373,3406
090 95 05 8.4 3216,2842,2325
090 95 02 8.4 1752,1265,955
090 95 00 8.4 798,795,1044
090 95 00 8.4 1556,2027,2117
090 95 05 8.4 1720,1045,225
090 95 00 8.4 0,0,0
090 95 00 8.4 0,0,0
090 95 00 8.4 0,0,0
090 95 00 8.4 0,0,0
090 95 03 8.4 453,1328,1687
084 95 05 10.2 3879,3232,2394
084 95 04 10.2 1561,832,291
084 95 00 10.2 0,0,0
084 95 00 10.2 264,1150,2148
084 95 04 10.2 2951,3548,4011
084 95 06 11.1 4275,4425,3944
084 95 08 11.1 3256,2585,2190
084 95 00 11.1 2303,2883,3617
084 95 05 5.7 4155,4369,4317
084 95 06 5.7 1884,1477,1456
084 95 07 5.7 2075,3109,3938
090 95 05 7.7 4246,4223,2610
090 95 06 7.7 2197,1650,1161
090 95 01 7.7 957,1100,1411
090 95 02 7.7 1703,1918,2140
090 95 04 7.7 2555,3169,3768
090 96 07 8.5 4068,4028,2902
090 96 06 8.5 2717,2497,2243
090 96 08 8.5 2066,2054,2116
090 96 08 8.5 2090,1898,1555
090 96 00 8.5 1138,829,1072
090 96 00 8.5 1813,2714,3232
090 96 06 7.1 3373,2510,2408
090 96 07 7.1 2266,2189,2236
090 96 06 7.1 2345,2302,2003
090 96 05 7.1 1501,933,431
090 96 00 7.1 44,0,0
090 96 00 7.1 0,0,0
090 96 00 7.1 643,1493,1915
087 96 07 7.7 2040,2045,2696
087 96 05 7.7 2534,2347,2216
087 96 05 7.7 2160,2108,2003
087 96 01 7.7 1822,1584,1323
087 96 00 7.7 1058,818,612
087 96 00 7.7 439,375,740
087 96 00 7.7 1562,2623,3452
087 96 06 10.0 3887,3977,3421
087 96 05 10.0 3052,2612,2235
087 96 04 10.0 2000,1851,1682
087 96 00 10.0 1443,1158,856
087 96 00 10.0 535,177,0
087 96 00 10.0 0,0,0
087 96 00 10.0 154,454,990
087 96 04 10.0 1638,2133,2306
087 96 07 7.3 2302,2572,2432
087 96 07 7.3 2185,1889,1649
087 96 01 7.3 1534,1538,1627
087 96 00 7.3 1782,1943,2069
087 96 06 7.3 2114,2081,1990
087 96 06 7.3 1842,1621,1309
087 96 00 7.3 1036,1190,1821
087 96 02 7.3 2695,3364,3733
085 96 05 8.1 3881,3853,2653
085 96 07 8.1 2416,2263,2244
085 96 08 8.1 2281,2269,2182
085 96 05 8.1 2035,1827,1571
085 96 00 8.1 1288,984,692
085 96 00 8.1 440,240,79
085 96 00 8.1 0,68,607
085 96 03 8.1 1426,2123,2439
085 96 04 7.2 2483,2494,2364
085 96 05 7.2 2155,1924,1759
085 96 03 7.2 1685,1620,1505
085 96 00 7.2 1299,1027,719
085 96 00 7.2 433,181,0
085 96 00 7.2 0,0,0
085 96 00 7.2 0,0,0
085 96 00 7.2 0,0,0
085 96 02 7.2 225,1096,1419
085 96 06 8.4 1413,2950,2775
085 96 05 8.4 2592,2435,2337
085 96 07 8.4 2281,2180,1970
085 96 00 8.4 1603,1078,426
085 96 00 8.4 0,0,0
085 96 00 8.4 0,0,0
085 96 00 8.4 0,0,0
085 96 00 8.4 0,0,0
083 96 03 10.4 0,202,179
083 96 06 10.4 3911,3451,2933
083 96 01 10.4 2493,2234,2140
083 96 00 10.4 2051,1873,1623
083 96 00 10.4 1381,1207,1102
083 96 00 10.4 1079,1142,1258
083 96 00 10.4 1299,1113,639
083 96 00 10.4 5,0,779
083 96 01 10.4 2082,3018,3134
083 96 04 8.0 2968,2465,2008
083 96 03 8.0 1791,1831,1928
083 96 01 8.0 1896,1605,1143
083 96 00 8.0 598,122,0
083 96 01 8.0 0,0,0
083 96 01 8.0 0,0,0
083 96 00 8.0 74,1943,3224
083 96 05 13.0 3589,5376,4690
083 96 05 13.0 3809,3042,2645
083 96 00 13.0 2673,2843,2835
083 96 00 13.0 2524,1947,1193
083 96 00 13.0 350,0,0
083 96 00 13.0 0,0,405
083 96 02 13.0 2196,3416,3624
083 96 06 11.3 4700,4178,3696
083 96 04 11.3 3379,3288,3388
083 96 02 11.3 3529,3531,3329
083 96 01 11.3 2975,2575,2189
083 96 00 11.3 1839,1713,2435
083 96 01 11.3 3884,5452,6317
083 96 02 11.1 6480,4617,4244
083 96 05 11.1 3757,3258,2878
083 96 02 11.1 2707,2663,2590
083 96 00 11.1 2381,2036,1631
083 96 00 11.1 1210,1064,1903
083 96 02 11.1 3537,5391,6605
083 96 05 15.1 7209,7376,6107
083 96 04 15.1 5531,4815,4288
083 96 03 15.1 4233,4526,4767
083 96 05 15.1 4623,4104,3414
083 96 01 15.1 2819,2879,3876
083 96 02 15.1 5269,6316,6593
084 96 05 9.8 3718,3350,2842
084 96 06 9.8 2254,1691,1283
084 96 01 9.8 1042,831,495
084 96 00 9.8 0,0,0
084 96 00 9.8 0,0,0
084 96 00 9.8 0,1375,3109
084 96 07 17.2 3884,4184,4109
084 96 07 17.2 6885,6570,6564
084 96 06 17.2 6836,7083,7066
084 96 07 17.2 6818,6467,6126
084 96 05 17.2 5812,5565,5663
084 96 00 17.2 6206,6993,7516
084 96 04 17.2 7532,7139,6529
084 96 05 17.2 5827,5122,4498
084 96 01 17.2 4067,3800,3568
084 96 00 17.2 3279,2914,2493
084 96 00 17.2 2020,1536,1058
084 96 00 17.2 697,908,1911
084 96 00 17.2 3338,4467,4969
084 96 08 10.4 5006,4074,3717
084 96 03 10.4 3471,3422,3419
084 96 05 10.4 3215,2755,2130
084 96 00 10.4 1491,928,457
084 96 00 10.4 47,0,762
084 96 00 10.4 2259,3751,4442
084 96 07 11.0 4452,4212,3665
084 96 07 11.0 2980,2295,1790
084 96 00 11.0 1602,1681,1906
084 96 00 11.0 2138,2375,2580
084 96 06 11.0 2646,2692,3024
084 96 08 11.0 3635,4146,4150
084 96 05 6.5 2173,1674,1299
084 96 02 6.5 1266,1707,2465
084 96 03 6.0 3182,3546,3491
084 96 08 6.0 1891,1322,727
084 96 00 6.0 247,456,1481
084 96 04 6.0 2892,3906,4203
099 96 02 10.3 3841,3443,2916
099 96 08 10.3 2377,1954,1775
099 96 00 10.3 1776,1779,1634
099 96 00 10.3 1325,929,501
099 96 00 10.3 167,526,1612
099 96 02 10.3 2962,3772,3894
099 96 08 9.7 3458,2947,2307
099 96 01 9.7 1684,1246,1036
099 96 00 9.7 955,837,606
099 96 00 9.7 272,0,0
099 96 00 9.7 0,0,0
099 96 00 9.7 726,1983,2387
099 96 07 9.2 3400,2788,2040
099 96 02 9.2 1332,831,525
099 96 00 9.2 321,101,0
099 96 00 9.2 0,0,0
099 96 01 9.2 0,0,0
099 96 00 9.2 0,1314,3231
093 96 07 15.6 3897,3785,6014
093 96 04 15.6 5392,4978,4954
093 96 05 15.6 5301,5753,6162
093 96 05 15.6 6385,6440,6302
093 96 04 15.6 6013,5823,6179
093 96 04 15.6 6997,7854,8177
093 96 04 8.6 3089,2542,1745
093 96 03 8.6 834,0,0
093 96 00 8.6 0,0,0
093 96 00 8.6 0,0,0
093 96 00 8.6 0,0,0
093 96 01 8.6 0,0,0
093 96 05 8.9 3392,2415,1444
093 96 00 8.9 892,1187,2240
 96 02 7.5 3451,4076,3948
 96 07 7.5 2367,1340,258
 96 00 7.5 0,0,47
 96 00 7.5 1867,3490,3812
 96 06 11.1 4245,3196,2021
 96 00 11.1 982,223,0
 96 00 11.1 141,579,865
 96 00 11.1 760,406,177
 96 00 11.1 833,2339,4037
 96 08 11.7 4974,5081,4760
 96 04 11.7 4114,3366,2752
 96 01 11.7 2482,2635,3089
 96 03 11.7 3671,4114,4254
 96 04 11.7 4407,5056,6172
 96 04 11.7 7223,7773,7953
 96 04 13.2 7907,5165,4710
 96 03 13.2 4254,3983,3939
 96 06 13.2 3947,3826,3439
 96 01 13.2 2799,2141,2230
 96 00 13.2 3178,4440,5159
 96 05 8.0 5159,2734,2146
 96 05 8.0 1438,721,147
 96 00 8.0 0,0,0
 96 00 8.0 0,0,0
 96 00 8.0 0,0,463
 96 04 8.0 1152,1322,1335
 96 05 8.0 1479,1766,2014
 96 08 9.2 2126,3754,3632
 96 04 9.2 3478,3309,3123
 96 04 9.2 3127,3728,4772
 96 04 8.4 5791,6231,6192
 96 04 8.4 2829,2390,1952
 96 04 8.4 1649,1562,1563
 96 03 8.4 1424,1032,381
 96 00 8.4 0,0,0
 96 00 8.4 362,1769,2605
 96 06 9.8 2773,3665,3224
 96 06 9.8 2683,2201,1917
 96 00 9.8 1828,1795,1694
 96 00 9.8 1458,1138,936
 96 00 9.8 1332,2290,3376
 96 08 8.2 3978,4045,2834
 96 06 8.2 2357,1871,1617
 96 01 8.2 1652,1819,1895
 96 07 8.2 1816,1585,1291
 96 00 8.2 1345,2103,3306
 96 08 8.2 4355,4825,4892
 96 05 9.9 3496,3211,2931
 96 07 9.9 2733,2619,2499
 96 07 9.9 2297,1994,1633
 96 00 9.9 1295,1136,1563
 96 03 9.9 2472,3468,3924
 96 06 7.8 2668,2209,1603
 96 05 7.8 1017,582,357
 96 00 7.8 245,72,0
 96 00 7.8 0,0,0
 96 00 7.8 0,0,581
 96 02 11.4 1991,2670,2638
 96 05 11.4 3747,3132,2614
 96 03 11.4 2436,2577,2790
 96 06 11.4 2826,2659,2394

1!0!1!0
1!2!1!1!1!1!1!1!1!1!1!1!2!1!1!1!1!1!1!