176927!20190909_174641!1!2
2.89!3.23!3.31!3.37!3.42!3.32!
95!61!66!601!601
514.2 3.34 43 129

063 95 00 9.2 0,0,0
063 95 02 9.2 0,1206,2357
063 95 04 11.8 2736,4324,4054
063 95 07 11.8 3668,3253,2962
063 95 07 11.8 2887,2974,3055
063 95 06 11.8 3017,2836,2560
063 95 00 11.8 2225,1875,1532
063 95 00 11.8 1221,952,747
063 95 01 11.8 592,451,295
063 95 00 11.8 121,89,736
063 95 02 11.8 2079,3552,4407
063 95 07 12.1 4564,4350,4038
063 95 07 12.1 3630,3262,3097
063 95 04 12.1 3166,3320,3388
063 95 06 12.1 3296,3073,2772
063 95 01 12.1 2428,2066,1718
063 95 00 12.1 1411,1170,992
063 95 00 12.1 877,768,634
063 95 00 12.1 456,368,857
063 95 03 12.1 2046,3426,4304
064 95 07 11.1 4481,3968,3650
064 95 07 11.1 3256,2914,2787
064 95 03 11.1 2877,3028,3077
064 95 06 11.1 2973,2753,2460
064 95 00 11.1 2125,1783,1454
064 95 00 11.1 1169,940,772
064 95 00 11.1 649,532,383
064 95 00 11.1 193,55,421
064 95 03 11.1 1523,2909,3887
064 95 05 11.0 4141,3947,3628
064 95 06 11.0 3222,2866,2712
064 95 07 11.0 2780,2932,3007
064 95 05 11.0 2946,2754,2488
064 95 00 11.0 2172,1855,1552
064 95 01 11.0 1288,1086,945
064 95 00 11.0 847,726,567
064 95 00 11.0 387,413,1097
064 95 05 11.0 2312,3516,4106
064 95 08 10.4 4138,3563,3190
064 95 03 10.4 2781,2494,2454
064 95 05 10.4 2589,2737,2757
064 95 04 10.4 2635,2406,2109
064 95 00 10.4 1789,1470,1190
064 95 00 10.4 967,815,714
064 95 01 10.4 610,481,395
064 95 00 10.4 693,1605,2793
065 95 03 9.9 3686,3971,3467
065 95 04 9.9 3176,2780,2432
065 95 06 9.9 2270,2332,2478
065 95 04 9.9 2559,2500,2320
065 95 02 9.9 2056,1745,1416
065 95 01 9.9 1109,860,692
065 95 01 9.9 578,472,339
065 95 00 9.9 218,346,1095
065 95 02 9.9 2253,3297,3746
065 95 03 9.9 3735,3291,2934
065 95 04 9.9 2554,2314,2291
065 95 05 9.9 2409,2501,2477
065 95 04 9.9 2320,2082,1793
065 95 00 9.9 1486,1185,919
065 95 00 9.9 718,582,475
065 95 01 9.9 363,247,327
065 95 00 9.9 971,2077,3156
065 95 04 9.9 3701,3753,3329
065 95 05 9.9 2998,2616,2339
065 95 04 9.9 2277,2374,2486
065 95 05 9.9 2479,2352,2116
065 95 00 9.9 1839,1537,1247
065 95 00 9.9 978,754,585
065 95 01 9.9 459,347,226
065 95 01 9.9 134,324,1096
065 95 03 9.9 2210,3145,3493
065 95 05 9.4 3271,2967,2554
065 95 07 9.4 2160,1952,1972
065 95 04 9.4 2112,2202,2157
065 95 04 9.4 1984,1722,1415
065 95 00 9.4 1085,769,495
065 95 00 9.4 293,154,46
065 95 00 9.4 0,0,0
065 95 00 9.4 449,1601,2779
065 95 07 10.4 3421,3509,3565
065 95 06 10.4 3252,2872,2566
065 95 08 10.4 2463,2541,2650
065 95 03 10.4 2659,2530,2301
065 95 00 10.4 2008,1689,1369
065 95 00 10.4 1078,846,678
065 95 00 10.4 561,445,313
065 95 00 10.4 258,678,1715
065 95 04 10.4 2949,3781,4008
065 95 04 10.6 3672,3429,3084
065 95 07 10.6 2746,2576,2607
065 95 04 10.6 2726,2767,2673
065 95 04 10.6 2466,2191,1886
065 95 00 10.6 1568,1269,1003
065 95 00 10.6 801,660,567
065 95 01 10.6 469,329,158
065 95 00 10.6 139,739,1904
066 95 05 10.7 3126,3787,3888
066 95 06 10.7 3636,3345,2975
066 95 04 10.7 2665,2559,2641
066 95 03 10.7 2755,2767,2637
066 95 03 10.7 2409,2123,1815
066 95 01 10.7 1510,1229,991
066 95 01 10.7 803,673,577
066 95 01 10.7 481,346,166
066 95 01 10.7 0,0,509
066 95 03 10.7 1675,2906,3564
066 95 05 10.5 3628,3509,3145
066 95 03 10.5 2736,2451,2414
066 95 04 10.5 2556,2702,2716
066 95 04 10.5 2582,2353,2071
066 95 00 10.5 1764,1455,1171
066 95 00 10.5 939,766,644
066 95 02 10.5 554,458,330
066 95 00 10.5 150,0,0
066 95 01 10.5 540,1713,2928
066 95 05 10.5 3564,3613,3492
066 95 05 10.5 3131,2723,2410
066 95 04 10.5 2325,2424,2549
066 95 04 10.5 2560,2421,2183
066 95 00 10.5 1879,1546,1202
066 95 01 10.5 895,636,441
066 95 00 10.5 302,199,102
066 95 00 10.5 0,0,0
066 95 00 10.5 0,910,2285
066 95 04 11.4 3367,3731,3689
066 95 06 11.4 3837,3505,3138
066 95 04 11.4 2898,2873,2973
066 95 05 11.4 3047,2993,2814
066 95 03 11.4 2552,2242,1918
066 95 00 11.4 1606,1331,1102
066 95 00 11.4 923,777,664
066 95 00 11.4 547,405,218
066 95 00 11.4 14,0,650
066 95 03 11.4 1944,3293,4039
066 95 05 11.7 4167,4081,3793
066 95 05 11.7 3430,3124,3016
066 95 06 11.7 3088,3197,3214
066 95 07 11.7 3091,2871,2588
066 95 00 11.7 2276,1959,1662
066 95 00 11.7 1413,1209,1056
066 95 00 11.7 934,831,711
066 95 01 11.7 552,352,151
066 95 00 11.7 175,880,2145
066 95 07 11.0 3389,4010,4058
066 95 07 11.0 3746,3396,3003
066 95 04 11.0 2732,2694,2818
066 95 05 11.0 2934,2919,2774
066 95 03 11.0 2537,2256,1947
066 95 00 11.0 1645,1368,1141
066 95 00 11.0 967,835,734
066 95 01 11.0 626,483,284
066 95 00 11.0 55,0,120
066 95 03 11.0 1112,2475,3548
066 95 04 11.2 3913,3855,3734
066 95 05 11.2 3378,3018,2826
066 95 03 11.2 2842,2956,3014
066 95 05 11.2 2936,2748,2480
066 95 01 11.2 2181,1861,1560
066 95 01 11.2 1281,1052,869
066 95 00 11.2 733,624,499
066 95 01 11.2 337,126,0
066 95 01 11.2 253,1310,2710
066 95 03 11.7 3799,4182,4177
066 95 05 11.7 4029,3721,3381
066 95 06 11.7 3174,3167,3264
066 95 05 11.7 3318,3250,3080
066 95 03 11.7 2835,2548,2251
066 95 01 11.7 1957,1699,1467
066 95 01 11.7 1272,1102,956
066 95 00 11.7 808,635,419
066 95 00 11.7 204,248,1026
066 95 02 11.7 2360,3642,4273
066 95 04 11.7 4367,4081,3816
066 95 07 11.7 3480,3219,3154
066 95 08 11.7 3249,3338,3304
066 95 07 11.7 3142,2894,2603
066 95 00 11.7 2288,1987,1721
066 95 01 11.7 1502,1331,1192
066 95 01 11.7 1081,966,832
066 95 01 11.7 660,464,296
066 95 00 11.7 442,1270,2511
065 95 07 10.5 3588,4022,3996
065 95 06 10.5 3463,3087,2698
065 95 06 10.5 2477,2478,2593
065 95 04 10.5 2655,2581,2388
065 95 02 10.5 2114,1792,1454
065 95 00 10.5 1131,846,604
065 95 00 10.5 408,248,113
065 95 00 10.5 0,0,0
065 95 01 10.5 0,0,89
065 95 03 10.5 1432,2805,3547
065 95 06 12.0 3699,4278,4023
065 95 04 12.0 3682,3392,3288
065 95 06 12.0 3345,3422,3397
065 95 08 12.0 3241,2991,2681
065 95 00 12.0 2346,2015,1712
065 95 00 12.0 1451,1235,1060
065 95 00 12.0 912,769,612
065 95 00 12.0 423,202,3
065 95 01 12.0 144,1078,2507
065 95 05 12.1 3780,4338,4399
065 95 08 12.1 4272,3992,3651
065 95 06 12.1 3389,3319,3380
065 95 08 12.1 3430,3361,3172
065 95 02 12.1 2904,2587,2252
065 95 00 12.1 1925,1626,1382
065 95 00 12.1 1173,1002,843
065 95 00 12.1 697,545,362
065 95 00 12.1 152,0,0
065 95 00 12.1 212,1367,2809
065 95 07 11.9 3844,4172,4106
065 95 06 11.9 4044,3679,3325
065 95 06 11.9 3148,3164,3270
065 95 08 11.9 3300,3202,2988
065 95 01 11.9 2705,2395,2086
065 95 00 11.9 1805,1563,1370
065 95 00 11.9 1213,1083,962
065 95 00 11.9 840,688,503
065 95 00 11.9 286,81,73
065 95 00 11.9 719,1973,3279
065 95 08 11.2 4009,4122,3907
065 95 08 11.2 3557,3148,2834
065 95 05 11.2 2742,2822,2920
065 95 04 11.2 2898,2738,2483
065 95 00 11.2 2172,1839,1514
065 95 00 11.2 1222,976,768
065 95 00 11.2 599,447,310
065 95 00 11.2 162,0,0
065 95 00 11.2 0,0,239
065 95 03 11.2 1618,3091,3961
065 95 05 12.6 4172,4583,4334
065 95 07 12.6 3989,3674,3532
065 95 03 12.6 3570,3647,3638
065 95 04 12.6 3491,3249,2940
065 95 00 12.6 2604,2275,1975
065 95 00 12.6 1719,1498,1319
065 95 00 12.6 1154,999,834
065 95 00 12.6 659,463,245
065 95 00 12.6 62,187,1090
065 95 01 12.6 2527,3870,4520
064 95 07 12.4 4625,4449,4171
064 95 07 12.4 3828,3568,3493
064 95 05 12.4 3561,3622,3580
064 95 07 12.4 3408,3155,2853
064 95 00 12.4 2541,2242,1980
064 95 00 12.4 1758,1578,1427
064 95 00 12.4 1297,1175,1033
064 95 01 12.4 871,675,473
064 95 00 12.4 304,458,1324
064 95 05 12.4 2649,3828,4335
064 95 03 11.1 4333,3794,3424
064 95 04 11.1 3042,2828,2822
064 95 03 11.1 2936,2999,2939
064 95 05 11.1 2760,2496,2186
064 95 01 11.1 1868,1574,1316
064 95 01 11.1 1098,925,784
064 95 01 11.1 656,519,357
064 95 00 11.1 164,0,0
064 95 00 11.1 8,1008,2442
064 95 04 11.9 3647,4147,4187
064 95 05 11.9 4248,3964,3641
064 95 05 11.9 3433,3411,3490
064 95 03 11.9 3528,3443,3250
064 95 02 11.9 2984,2675,2356
064 95 00 11.9 2052,1793,1578
064 95 00 11.9 1401,1254,1124
064 95 00 11.9 992,833,633
064 95 00 11.9 422,369,948
064 95 01 11.9 2204,3599,4489
064 95 05 12.1 4759,4743,4215
064 95 07 12.1 3918,3624,3481
064 95 05 12.1 3499,3565,3553
064 95 05 12.1 3426,3202,2920
064 95 00 12.1 2610,2307,2026
064 95 00 12.1 1774,1567,1396
064 95 00 12.1 1254,1115,976
064 95 00 12.1 819,639,430
064 95 00 12.1 230,216,858
064 95 01 12.1 2119,3462,4252
064 95 05 11.7 4446,4183,3934
064 95 05 11.7 3598,3326,3238
064 95 07 11.7 3314,3402,3388
064 95 05 11.7 3246,3017,2744
064 95 00 11.7 2454,2173,1910
064 95 00 11.7 1687,1505,1351
064 95 01 11.7 1211,1073,929
064 95 01 11.7 762,567,351
064 95 00 11.7 157,230,1004
064 95 04 11.7 2306,3555,4184
064 95 06 11.4 4290,4039,3769
064 95 06 11.4 3424,3158,3086
064 95 08 11.4 3157,3221,3169
064 95 05 11.4 2999,2745,2455
064 95 00 11.4 2140,1835,1547
064 95 01 11.4 1314,1117,952
064 95 00 11.4 796,650,503
064 95 00 11.4 329,121,0
064 95 00 11.4 0,78,1182
064 95 04 11.4 2641,3771,4202
063 95 07 12.3 4239,4353,4074
063 95 07 12.3 3751,3531,3485
063 95 07 12.3 3543,3567,3486
063 95 05 12.3 3294,3028,2727
063 95 00 12.3 2414,2122,1854
063 95 00 12.3 1629,1435,1270
063 95 00 12.3 1114,958,797
063 95 00 12.3 621,416,196
063 95 00 12.3 0,0,688
063 95 02 12.3 2032,3437,4211
063 95 07 12.1 4359,4297,4012
063 95 06 12.1 3648,3350,3251
063 95 08 12.1 3318,3414,3401
063 95 07 12.1 3265,3034,2759
063 95 00 12.1 2460,2162,1881
063 95 00 12.1 1639,1439,1279
063 95 00 12.1 1137,996,845
063 95 00 12.1 676,481,258
063 95 00 12.1 41,0,552
063 95 03 12.1 1824,3258,4151
063 95 04 12.0 4374,4328,4073
063 95 05 12.0 3722,3410,3277
063 95 07 12.0 3331,3433,3445
063 95 06 12.0 3323,3100,2817
063 95 00 12.0 2502,2181,1876
063 95 00 12.0 1605,1380,1190
063 95 00 12.0 1026,870,718
063 95 00 12.0 547,351,133
063 95 00 12.0 0,0,512
063 95 01 12.0 1875,3368,4281
061 95 06 12.7 4521,4473,4427
061 95 05 12.7 4117,3813,3661
061 95 05 12.7 3688,3763,3764
061 95 06 12.7 3639,3423,3147
061 95 00 12.7 2843,2535,2243
061 95 00 12.7 1991,1776,1602
061 95 00 12.7 1440,1288,1141
061 95 00 12.7 991,824,621
061 95 00 12.7 399,243,512
061 95 03 12.7 1535,2934,4063
061 95 07 11.7 4489,4476,4018
061 95 05 11.7 3676,3315,3095
061 95 05 11.7 3079,3177,3238
061 95 06 11.7 3181,3008,2753
061 95 00 11.7 2459,2159,1877
061 95 00 11.7 1627,1416,1243
061 95 01 11.7 1097,954,810
061 95 00 11.7 643,447,228
061 95 00 11.7 14,0,472
061 95 03 11.7 1685,3071,3957
061 95 06 11.6 4187,4170,3916
061 95 07 11.6 3569,3254,3115
061 95 07 11.6 3166,3275,3305
061 95 06 11.6 3202,2997,2728
061 95 01 11.6 2421,2096,1786
061 95 00 11.6 1500,1263,1073
061 95 00 11.6 934,814,692
061 95 00 11.6 531,331,108
061 95 00 11.6 11,515,1741
061 95 05 11.6 3179,4135,4416
061 95 05 12.0 4368,4153,3838
061 95 06 12.0 3526,3370,3395
061 95 06 12.0 3492,3515,3408
061 95 05 12.0 3202,2935,2644
061 95 00 12.0 2339,2054,1798
061 95 00 12.0 1579,1384,1208
061 95 00 12.0 1041,870,685
061 95 00 12.0 476,247,34
061 95 00 12.0 86,900,2290
061 95 06 12.0 3640,4307,4400
061 95 07 12.0 4249,3936,3555
061 95 07 12.0 3265,3198,3297
061 95 07 12.0 3406,3389,3246
061 95 04 12.0 3006,2719,2399
061 95 00 12.0 2088,1801,1561
061 95 00 12.0 1375,1236,1131
061 95 01 12.0 1028,904,748
061 95 00 12.0 562,400,537
061 95 01 12.0 1358,2618,3731
061 95 07 10.5 4182,4132,3447
061 95 05 10.5 3030,2614,2372
061 95 04 10.5 2361,2485,2568
061 95 06 10.5 2531,2359,2102
061 95 00 10.5 1786,1453,1130
061 95 00 10.5 843,600,406
061 95 00 10.5 239,92,0
061 95 00 10.5 0,0,0
061 95 00 10.5 0,585,2031
061 95 05 12.0 3272,3779,3784
061 95 03 12.0 4194,3865,3501
061 95 07 12.0 3252,3204,3289
061 95 07 12.0 3364,3325,3159
061 95 04 12.0 2907,2604,2286
061 95 00 12.0 1968,1685,1437
061 95 00 12.0 1243,1095,977
061 95 00 12.0 848,679,501
061 95 01 12.0 498,1173,2459
061 95 05 11.7 3810,4574,4739
061 95 08 11.7 4185,3921,3561
061 95 06 11.7 3243,3113,3169
061 95 08 11.7 3280,3299,3188
061 95 06 11.7 2966,2685,2378
061 95 00 11.7 2075,1800,1560
061 95 00 11.7 1370,1225,1115
061 95 01 11.7 1015,900,747
061 95 01 11.7 560,398,584
061 95 02 11.7 1489,2810,3934
061 95 04 11.1 4388,4376,3765
061 95 06 11.1 3417,3049,2830
061 95 05 11.1 2825,2948,3031
061 95 06 11.1 2987,2820,2576
061 95 00 11.1 2293,2000,1716
061 95 00 11.1 1464,1254,1100
061 95 00 11.1 985,892,786
061 95 00 11.1 642,466,322
061 95 00 11.1 532,1411,2663
061 95 05 10.8 3713,4139,4154
061 95 06 10.8 3641,3324,2974
061 95 07 10.8 2759,2746,2844
061 95 08 10.8 2904,2844,2673
061 95 03 10.8 2423,2137,1839
061 95 00 10.8 1557,1314,1112
061 95 00 10.8 958,842,745
061 95 00 10.8 634,481,290
061 95 00 10.8 150,420,1397
061 95 06 10.8 2704,3740,4128
061 95 04 11.2 4145,3832,3544
061 95 07 11.2 3213,2996,2975
061 95 08 11.2 3064,3118,3051
061 95 05 11.2 2866,2609,2314
061 95 00 11.2 2016,1734,1489
061 95 00 11.2 1283,1120,990
061 95 02 11.2 877,756,598
061 95 00 11.2 398,188,152
061 95 00 11.2 751,1948,3218
061 95 05 11.2 3946,4103,3888
061 95 07 11.2 3638,3297,2996
061 95 07 11.2 2890,2965,3078
061 95 07 11.2 3084,2951,2719
061 95 02 11.2 2443,2148,1857
061 95 01 11.2 1587,1358,1172
061 95 01 11.2 1025,919,840
061 95 00 11.2 761,637,468
061 95 00 11.2 279,251,804
061 95 03 11.2 1894,3043,3666
061 95 05 10.0 3737,3300,2930
061 95 04 10.0 2508,2197,2110
061 95 03 10.0 2197,2302,2301
061 95 04 10.0 2161,1928,1632
061 95 01 10.0 1311,988,698
061 95 00 10.0 453,267,127
061 95 00 10.0 27,0,0
061 95 01 10.0 0,0,0
061 95 00 10.0 0,1024,2376
061 95 05 11.5 3247,3463,4039
061 95 05 11.5 3776,3419,3084
061 95 07 11.5 2922,2955,3056
061 95 06 11.5 3086,2985,2780
061 95 01 11.5 2503,2184,1853
061 95 00 11.5 1537,1263,1046
061 95 00 11.5 895,784,670
061 95 00 11.5 520,325,199
061 95 00 11.5 540,1577,2883
061 95 08 11.0 3829,4119,3849
061 95 06 11.0 3591,3207,2808
061 95 06 11.0 2560,2534,2626
061 95 08 11.0 2683,2610,2418
061 95 00 11.0 2145,1836,1509
061 95 00 11.0 1189,901,665
061 95 00 11.0 486,346,206
061 95 00 11.0 51,0,22
061 95 00 11.0 837,2127,3303
063 95 05 11.1 3826,3842,3741
063 95 05 11.1 3379,2958,2639
063 95 06 11.1 2548,2635,2737
063 95 08 11.1 2718,2558,2292
063 95 00 11.1 1977,1637,1311
063 95 00 11.1 1010,775,603
063 95 00 11.1 482,361,203
063 95 00 11.1 22,0,542
063 95 03 11.1 1728,3006,3732
063 95 05 10.8 3826,3680,3321
063 95 07 10.8 2890,2530,2391
063 95 06 10.8 2459,2583,2613
063 95 06 10.8 2494,2260,1951
063 95 00 10.8 1606,1250,910
063 95 00 10.8 613,377,202
063 95 00 10.8 62,0,0
063 95 00 10.8 0,0,943
063 95 05 10.8 2336,3386,3682
063 95 06 11.2 3927,3573,3103
063 95 07 11.2 2659,2414,2419
063 95 03 11.2 2559,2650,2601
063 95 04 11.2 2410,2131,1801
063 95 00 11.2 1461,1135,846
063 95 00 11.2 604,417,267
063 95 00 11.2 135,0,0
063 95 00 11.2 0,168,1293
063 95 04 11.0 2662,3596,3779
063 95 06 11.0 3777,3338,2824
063 95 05 11.0 2405,2243,2331
063 95 05 11.0 2513,2614,2560
063 95 05 11.0 2374,2093,1750
063 95 00 11.0 1393,1055,764
063 95 00 11.0 534,367,234
063 95 00 11.0 108,0,0
063 95 00 11.0 80,1072,2477
063 95 06 11.3 3628,4000,4011
063 95 08 11.3 3653,3192,2749
063 95 04 11.3 2499,2512,2679
063 95 05 11.3 2810,2792,2622
063 95 03 11.3 2356,2032,1685
063 95 00 11.3 1345,1042,795
063 95 00 11.3 612,474,350
063 95 00 11.3 211,84,268
063 95 03 11.3 1240,2687,3942
063 95 04 11.9 4421,4372,4042
063 95 08 11.9 3668,3264,2986
063 95 03 11.9 2948,3078,3208
063 95 08 11.9 3209,3068,2824
063 95 01 11.9 2523,2191,1856
063 95 00 11.9 1545,1288,1105
063 95 00 11.9 994,908,797
063 95 00 11.9 647,583,1071
063 95 03 11.9 2228,3557,4396
064 95 08 11.0 4554,3815,3490
064 95 05 11.0 3080,2721,2571
064 95 08 11.0 2657,2825,2914
064 95 05 11.0 2848,2671,2420
064 95 00 11.0 2137,1845,1573
064 95 00 11.0 1340,1169,1073
064 95 00 11.0 1019,964,873
064 95 00 11.0 757,749,1250
064 95 03 11.0 2285,3409,4044
064 95 06 9.6 4106,3149,2760
064 95 06 9.6 2325,2006,1929
064 95 04 9.6 2047,2198,2241
064 95 06 9.6 2147,1944,1676
064 95 00 9.6 1376,1070,786
064 95 00 9.6 547,378,271
064 95 01 9.6 186,86,0
064 95 00 9.6 0,106,1044
064 95 05 9.6 2288,3246,3555
064 95 05 10.5 3638,3373,2998
064 95 07 10.5 2617,2406,2426
064 95 06 10.5 2570,2669,2630
064 95 06 10.5 2465,2217,1925
064 95 00 10.5 1624,1331,1075
064 95 00 10.5 877,748,669
064 95 00 10.5 590,472,318
064 95 00 10.5 257,735,1830
064 95 08 10.5 3080,3867,4049
065 95 04 10.8 3693,3424,3062
065 95 05 10.8 2732,2596,2659
065 95 04 10.8 2795,2846,2754
065 95 04 10.8 2556,2292,2008
065 95 00 10.8 1719,1461,1239
065 95 00 10.8 1077,969,901
065 95 00 10.8 831,724,569
065 95 00 10.8 409,458,1120
065 95 04 10.8 2251,3344,3867
065 95 03 10.1 3889,3288,2927
065 95 05 10.1 2545,2312,2326
065 95 05 10.1 2482,2613,2607
065 95 04 10.1 2475,2259,2000
065 95 00 10.1 1725,1461,1232
065 95 00 10.1 1054,939,867
065 95 01 10.1 801,699,546
065 95 01 10.1 377,377,945
065 95 03 10.1 2003,3084,3660
065 95 05 9.9 3735,3227,2904
065 95 05 9.9 2526,2254,2198
065 95 08 9.9 2302,2411,2404
065 95 06 9.9 2269,2039,1760
065 95 00 9.9 1466,1180,924
065 95 00 9.9 710,554,447
065 95 00 9.9 365,273,134
065 95 00 9.9 0,0,26
065 95 03 9.9 941,2204,3231
065 95 07 11.1 3619,3620,3644
065 95 07 11.1 3351,3026,2817
065 95 07 11.1 2802,2900,2957
065 95 07 11.1 2894,2713,2464
065 95 00 11.1 2178,1894,1634
065 95 00 11.1 1410,1222,1078
065 95 00 11.1 972,887,785
065 95 00 11.1 638,444,237
065 95 00 11.1 227,825,1965
065 95 04 10.7 3133,3770,3870
065 95 06 10.7 3533,3223,2844
065 95 04 10.7 2552,2489,2603
065 95 05 10.7 2724,2727,2591
065 95 04 10.7 2372,2097,1817
065 95 00 10.7 1544,1307,1111
065 95 00 10.7 966,863,782
065 95 00 10.7 696,576,407
065 95 00 10.7 199,25,202
065 95 02 10.7 1049,2263,3267
065 95 05 10.5 3635,3588,3328
065 95 04 10.5 2974,2606,2391
065 95 07 10.5 2398,2520,2591

0!0!0!0
1!1!1!1!1!1!1!1!1!1!1!1!1!1!1!1!1!1!1!