177628!20190830_152530!1!2
2.46!2.48!2.53!2.51!2.51!2.52!
99!59!65!0!601
382.2 2.5 65 48

065 99 00 2.3 533,482,429
065 99 00 2.3 376,330,282
065 99 00 2.3 235,190,147
065 99 02 2.3 108,65,29
065 99 02 2.3 0,0,0
065 99 00 2.3 0,44,229
065 99 03 2.3 460,630,710
060 99 05 1.9 732,729,745
060 99 05 1.9 712,672,649
060 99 06 1.9 624,596,555
060 99 02 1.9 509,461,406
060 99 00 1.9 351,300,253
060 99 00 1.9 205,155,109
060 99 01 1.9 74,44,20
060 99 00 1.9 0,0,0
060 99 00 1.9 0,0,1
060 99 02 1.9 172,379,523
060 99 05 1.7 586,599,660
060 99 05 1.7 628,598,583
060 99 06 1.7 580,588,593
060 99 05 1.7 588,565,529
060 99 02 1.7 481,424,361
060 99 00 1.7 298,234,185
060 99 00 1.7 141,113,89
060 99 00 1.7 76,59,45
060 99 00 1.7 30,47,153
060 99 03 1.7 348,561,695
060 99 07 1.8 749,759,731
060 99 03 1.8 724,722,727
060 99 06 1.8 731,734,727
060 99 04 1.8 713,688,666
060 99 03 1.8 641,614,583
060 99 02 1.8 561,545,523
060 99 01 1.8 494,464,441
060 99 00 1.8 419,394,366
060 99 00 1.8 361,440,597
060 99 03 1.8 782,916,987
060 99 04 1.6 1013,1009,636
060 99 05 1.6 615,595,581
060 99 04 1.6 571,556,540
060 99 03 1.6 522,494,473
060 99 02 1.6 444,421,397
060 99 01 1.6 376,363,340
060 99 00 1.6 318,295,272
060 99 00 1.6 252,230,217
060 99 00 1.6 240,344,499
060 99 04 1.6 643,727,766
060 99 03 1.4 787,788,557
060 99 08 1.4 535,517,510
060 99 06 1.4 505,496,481
060 99 03 1.4 459,433,409
060 99 01 1.4 385,364,344
060 99 00 1.4 322,301,276
060 99 00 1.4 255,231,201
060 99 00 1.4 174,149,162
060 99 00 1.4 240,368,496
060 99 08 1.4 573,613,622
060 99 07 1.2 460,435,413
060 99 04 1.2 401,395,388
060 99 03 1.2 379,364,346
060 99 02 1.2 325,306,280
060 99 01 1.2 261,242,229
060 99 01 1.2 213,192,167
060 99 00 1.2 144,120,96
060 99 00 1.2 102,175,305
060 99 04 1.2 436,531,576
060 99 02 1.3 596,495,479
060 99 05 1.3 454,438,430
060 99 03 1.3 430,424,407
060 99 03 1.3 382,356,331
060 99 01 1.3 302,275,255
060 99 01 1.3 239,220,201
060 99 00 1.3 180,161,143
060 99 00 1.3 124,120,175
060 99 02 1.3 299,453,571
060 99 03 1.3 641,675,688
060 99 04 1.4 565,545,527
060 99 07 1.4 519,514,513
060 99 05 1.4 500,485,459
060 99 02 1.4 435,412,398
060 99 00 1.4 383,365,342
060 99 00 1.4 318,302,280
060 99 00 1.4 256,223,198
060 99 00 1.4 197,264,391
060 99 06 1.4 543,660,726
060 99 04 1.4 755,763,567
060 99 03 1.4 552,534,524
060 99 08 1.4 516,510,498
060 99 06 1.4 482,463,439
060 99 01 1.4 420,396,378
060 99 00 1.4 355,339,320
060 99 00 1.4 305,277,254
060 99 00 1.4 226,208,198
060 99 00 1.4 249,366,516
060 99 06 1.4 630,698,725
059 99 03 1.4 736,530,511
059 99 08 1.4 492,483,478
059 99 08 1.4 467,447,433
059 99 03 1.4 412,395,371
059 99 00 1.4 348,325,299
059 99 00 1.4 278,254,234
059 99 00 1.4 215,197,176
059 99 00 1.4 151,151,214
059 99 03 1.4 341,476,577
059 99 03 1.2 623,635,475
059 99 06 1.2 453,431,417
059 99 05 1.2 412,409,404
059 99 04 1.2 386,364,338
059 99 01 1.2 317,295,272
059 99 00 1.2 253,238,228
059 99 00 1.2 208,194,168
059 99 00 1.2 144,127,165
059 99 01 1.2 270,416,550
059 99 05 1.2 635,681,693
059 99 03 1.4 561,547,530
059 99 08 1.4 518,508,502
059 99 08 1.4 494,482,462
059 99 04 1.4 438,413,392
059 99 00 1.4 365,338,318
059 99 00 1.4 300,288,262
059 99 00 1.4 242,210,211
059 99 00 1.4 268,400,551
059 99 04 1.4 669,736,769
059 99 05 1.5 781,569,551
059 99 06 1.5 529,514,506
059 99 08 1.5 498,484,467
059 99 04 1.5 450,427,401
059 99 00 1.5 378,353,330
059 99 00 1.5 296,279,255
059 99 00 1.5 239,212,200
059 99 00 1.5 238,349,503
059 99 06 1.5 640,730,779
059 99 07 1.6 802,802,591
059 99 03 1.6 570,557,546
059 99 08 1.6 540,525,504
059 99 05 1.6 476,443,414
059 99 00 1.6 388,368,342
059 99 00 1.6 318,293,275
059 99 00 1.6 251,223,200
059 99 00 1.6 214,300,443
059 99 05 1.6 592,698,752
059 99 06 1.5 777,573,555
059 99 06 1.5 531,515,504
059 99 08 1.5 495,479,460
059 99 04 1.5 433,404,378
059 99 00 1.5 351,327,304
059 99 00 1.5 278,250,225
059 99 00 1.5 200,183,163
059 99 00 1.5 185,272,409
059 99 04 1.5 537,616,650
059 99 02 1.3 658,477,449
059 99 07 1.3 420,402,392
059 99 04 1.3 389,376,354
059 99 02 1.3 322,287,264
059 99 00 1.3 235,210,180
059 99 00 1.3 162,142,122
059 99 00 1.3 93,63,50
059 99 00 1.3 106,236,402
059 99 06 1.3 521,592,624
059 99 04 1.5 638,584,559
059 99 08 1.5 534,518,506
059 99 05 1.5 491,469,447
059 99 02 1.5 421,393,371
059 99 00 1.5 346,318,288
059 99 00 1.5 261,242,217
059 99 00 1.5 193,165,153
059 99 00 1.5 202,322,472
059 99 05 1.5 594,659,692
059 99 03 1.4 701,540,516
059 99 08 1.4 488,471,462
059 99 07 1.4 452,432,406
059 99 02 1.4 377,349,318
059 99 00 1.4 289,259,237
059 99 00 1.4 218,195,168
059 99 00 1.4 137,108,80
059 99 00 1.4 59,103,218
059 99 05 1.4 371,492,551
059 99 03 1.4 571,568,498
059 99 08 1.4 473,447,424
059 99 06 1.4 410,398,378
059 99 02 1.4 348,312,276
059 99 00 1.4 249,225,204
059 99 00 1.4 176,148,120
059 99 00 1.4 96,66,35
059 99 00 1.4 0,0,0
059 99 00 1.4 58,201,339
059 99 06 1.4 423,454,455
059 99 06 1.3 474,445,415
059 99 05 1.3 393,384,375
059 99 03 1.3 355,330,305
059 99 01 1.3 278,247,211
059 99 00 1.3 181,154,131
059 99 00 1.3 107,85,57
059 99 00 1.3 26,0,0
059 99 00 1.3 0,77,221
059 99 06 1.3 357,431,457
059 99 07 1.3 457,474,445
059 99 04 1.3 414,392,378
059 99 03 1.3 364,348,326
059 99 02 1.3 296,254,222
059 99 00 1.3 193,171,145
059 99 00 1.3 118,88,61
059 99 00 1.3 35,8,0
059 99 00 1.3 0,0,58
059 99 02 1.3 205,342,421
059 99 03 1.3 453,462,506
059 99 07 1.3 481,447,425
059 99 04 1.3 409,395,370
059 99 02 1.3 345,320,297
059 99 00 1.3 269,237,203
059 99 00 1.3 178,152,130
059 99 00 1.3 103,76,47
059 99 00 1.3 18,0,0
059 99 00 1.3 78,221,350
059 99 08 1.3 428,453,458
059 99 07 1.2 466,442,414
059 99 03 1.2 389,375,361
059 99 02 1.2 342,319,290
059 99 01 1.2 255,223,192
059 99 00 1.2 166,140,111
059 99 00 1.2 80,46,19
059 99 00 1.2 0,0,0
059 99 00 1.2 0,3,140
059 99 04 1.2 278,361,395
059 99 06 1.3 397,466,438
059 99 04 1.3 402,381,365
059 99 02 1.3 359,345,326
059 99 02 1.3 300,267,232
059 99 00 1.3 199,176,152
059 99 00 1.3 136,111,88
059 99 00 1.3 55,28,2
059 99 00 1.3 0,28,131
059 99 03 1.3 272,380,437
064 99 06 1.2 446,448,420
064 99 04 1.2 392,360,346
064 99 03 1.2 334,324,302
064 99 02 1.2 277,253,226
064 99 01 1.2 201,172,147
064 99 00 1.2 119,91,68
064 99 00 1.2 51,30,3
064 99 00 1.2 0,0,87
064 99 02 1.2 233,369,451
064 99 02 1.4 488,502,521
064 99 07 1.4 494,461,438
064 99 05 1.4 429,426,415
064 99 03 1.4 397,374,349
064 99 01 1.4 323,295,270
064 99 00 1.4 244,217,195
064 99 00 1.4 170,150,118
064 99 00 1.4 86,66,113
064 99 01 1.4 229,375,486
064 99 06 1.3 547,571,571
064 99 06 1.3 483,455,427
064 99 04 1.3 412,398,384
064 99 02 1.3 364,342,317
064 99 01 1.3 289,254,222
064 99 00 1.3 192,169,143
064 99 00 1.3 118,92,70
064 99 00 1.3 40,5,0
064 99 00 1.3 27,147,294
064 99 05 1.3 414,469,489
064 99 05 1.3 497,479,446
064 99 04 1.3 419,401,393
064 99 03 1.3 387,374,348
064 99 02 1.3 318,286,264
064 99 01 1.3 234,206,176
064 99 00 1.3 152,133,112
064 99 00 1.3 88,62,30
064 99 00 1.3 12,45,150
064 99 03 1.3 288,399,450
064 99 06 1.2 460,428,403
064 99 04 1.2 368,350,334
064 99 03 1.2 326,309,290
064 99 02 1.2 269,241,211
064 99 01 1.2 179,152,127
064 99 00 1.2 95,70,42
064 99 00 1.2 20,0,0
064 99 00 1.2 0,0,0
064 99 01 1.2 94,257,396
064 99 04 1.2 473,506,511
064 99 04 1.6 580,560,530
064 99 07 1.6 513,496,483
064 99 04 1.6 463,443,418
064 99 01 1.6 388,353,323
064 99 00 1.6 298,279,258
064 99 00 1.6 230,203,177
064 99 00 1.6 155,118,84
064 99 00 1.6 95,194,357
064 99 06 1.6 511,605,642
064 99 03 1.5 649,562,537
064 99 08 1.5 511,486,472
064 99 07 1.5 458,442,419
064 99 02 1.5 397,369,342
064 99 00 1.5 309,283,249
064 99 00 1.5 219,192,170
064 99 00 1.5 151,126,98
064 99 00 1.5 64,46,89
064 99 01 1.5 209,368,495
064 99 03 1.5 563,586,587
064 99 04 1.4 521,488,463
064 99 08 1.4 448,440,421
064 99 04 1.4 401,371,341
064 99 00 1.4 312,281,254
064 99 00 1.4 227,208,183
064 99 00 1.4 156,126,97
064 99 00 1.4 70,43,13
064 99 00 1.4 19,92,235
064 99 06 1.4 383,483,524
064 99 02 1.4 527,502,471
064 99 08 1.4 440,418,407
064 99 05 1.4 402,393,379
064 99 02 1.4 351,320,287
064 99 00 1.4 264,240,221
064 99 00 1.4 194,172,148
064 99 00 1.4 128,102,72
064 99 00 1.4 47,67,157
064 99 04 1.4 300,424,489
065 99 01 1.2 498,436,412
065 99 07 1.2 383,362,348
065 99 04 1.2 345,337,319
065 99 02 1.2 291,259,234
065 99 00 1.2 206,179,151
065 99 00 1.2 125,102,76
065 99 00 1.2 54,27,2
065 99 00 1.2 0,8,119
065 99 04 1.2 288,448,544
065 99 05 1.7 594,614,614
065 99 05 1.7 609,578,557
065 99 06 1.7 547,535,520
065 99 04 1.7 501,481,454
065 99 01 1.7 421,395,364
065 99 00 1.7 337,309,285
065 99 00 1.7 267,242,215
065 99 00 1.7 183,180,251
065 99 02 1.7 396,565,692
065 99 04 1.7 758,790,798
065 99 03 1.6 615,592,566
065 99 07 1.6 549,542,538
065 99 05 1.6 521,497,471
065 99 02 1.6 441,407,373
065 99 00 1.6 341,316,294
065 99 00 1.6 269,244,212
065 99 00 1.6 183,151,135
065 99 00 1.6 188,318,493
065 99 06 1.6 628,706,733
065 99 04 1.6 733,583,562
065 99 07 1.6 541,526,510
065 99 05 1.6 502,485,463
065 99 02 1.6 429,397,366
065 99 00 1.6 337,309,278
065 99 00 1.6 251,215,184
065 99 00 1.6 153,127,95
065 99 00 1.6 64,72,157
065 99 02 1.6 312,467,574
065 99 03 1.5 617,632,556
065 99 03 1.5 532,503,486
065 99 08 1.5 480,465,451
065 99 04 1.5 427,399,368
065 99 00 1.5 335,307,272
065 99 00 1.5 249,223,201
065 99 00 1.5 169,144,116
065 99 00 1.5 91,55,39
065 99 00 1.5 86,213,367
065 99 05 1.5 483,531,539
065 99 03 1.3 480,445,415
065 99 05 1.3 390,386,374
065 99 03 1.3 360,337,308
065 99 01 1.3 273,239,208
065 99 00 1.3 180,145,112
065 99 00 1.3 80,50,16
065 99 00 1.3 0,0,0
065 99 00 1.3 0,0,133
065 99 05 1.3 321,467,538
064 99 05 1.7 560,557,634
064 99 07 1.7 615,588,566
064 99 06 1.7 550,541,523
064 99 03 1.7 501,469,437
064 99 00 1.7 402,368,339
064 99 00 1.7 303,271,240
064 99 00 1.7 214,180,143
064 99 00 1.7 105,80,95
064 99 00 1.7 198,367,542
064 99 05 1.7 652,709,725
064 99 04 1.7 641,615,588
064 99 07 1.7 567,551,534
064 99 04 1.7 514,493,465
064 99 01 1.7 435,403,369
064 99 00 1.7 342,306,277
064 99 00 1.7 246,219,188
064 99 00 1.7 157,126,94
064 99 00 1.7 61,76,184
064 99 03 1.7 353,521,611
064 99 04 1.6 659,660,595
064 99 07 1.6 565,541,520
064 99 05 1.6 506,488,465
064 99 03 1.6 436,407,377
064 99 00 1.6 346,310,275
064 99 00 1.6 241,210,181
064 99 00 1.6 153,124,90
064 99 00 1.6 53,11,0
064 99 00 1.6 0,94,259
064 99 06 1.6 421,524,563
064 99 03 1.6 571,576,549
064 99 07 1.6 516,495,478
064 99 04 1.6 468,449,428
064 99 02 1.6 398,370,335
064 99 00 1.6 301,266,239
064 99 00 1.6 216,195,170
064 99 00 1.6 141,106,65
064 99 00 1.6 29,15,62
064 99 01 1.6 187,343,472
064 99 04 1.4 528,539,503
064 99 06 1.4 469,436,417
064 99 06 1.4 407,396,383
064 99 03 1.4 361,334,295
064 99 00 1.4 260,223,188
064 99 00 1.4 151,123,100
064 99 00 1.4 72,39,4
064 99 00 1.4 0,0,0
064 99 00 1.4 0,94,291
064 99 04 1.4 458,558,599
064 99 08 1.9 612,696,674
064 99 07 1.9 648,624,614
064 99 06 1.9 606,594,568
064 99 03 1.9 538,504,472
064 99 00 1.9 439,408,381
064 99 00 1.9 351,321,288
064 99 00 1.9 256,222,192
064 99 00 1.9 154,142,210
064 99 01 1.9 369,567,713
064 99 05 1.9 794,827,834
064 99 04 1.8 678,651,627
064 99 07 1.8 609,598,583
064 99 04 1.8 568,541,516
064 99 01 1.8 483,452,423
064 99 00 1.8 391,364,329
064 99 00 1.8 300,263,234
064 99 00 1.8 202,173,138
064 99 00 1.8 113,147,275
064 99 04 1.8 463,634,735
064 99 05 1.8 778,790,665
064 99 05 1.8 641,614,595
064 99 06 1.8 586,575,560
064 99 04 1.8 533,503,470
064 99 01 1.8 442,415,391
064 99 00 1.8 364,332,303
064 99 00 1.8 278,251,222
064 99 00 1.8 186,154,118
064 99 00 1.8 125,214,381
064 99 06 1.8 554,669,714
064 99 04 1.6 726,599,576
064 99 08 1.6 546,528,516
064 99 05 1.6 508,496,472
064 99 02 1.6 441,406,378
064 99 00 1.6 348,315,286
064 99 00 1.6 259,232,197
064 99 00 1.6 168,135,101
064 99 00 1.6 66,46,83
064 99 01 1.6 209,396,567
064 99 06 1.6 667,711,720
063 99 04 1.8 660,630,604
063 99 07 1.8 590,584,578
063 99 05 1.8 556,535,505
063 99 02 1.8 472,434,402
063 99 00 1.8 372,344,306
063 99 00 1.8 281,252,224
063 99 00 1.8 189,153,121
063 99 00 1.8 105,170,321
063 99 05 1.8 518,671,758
063 99 06 1.9 794,806,684
063 99 05 1.9 660,637,631
063 99 07 1.9 622,608,585
063 99 04 1.9 562,535,506
063 99 01 1.9 470,440,409
063 99 00 1.9 384,354,327
063 99 00 1.9 297,267,234
063 99 00 1.9 202,172,172
063 99 00 1.9 258,427,623
063 99 05 1.9 757,819,843
063 99 05 1.8 846,669,643
063 99 08 1.8 625,609,601
063 99 06 1.8 583,567,538
063 99 03 1.8 511,477,446
063 99 00 1.8 420,397,370
063 99 00 1.8 338,309,281
063 99 00 1.8 255,217,181
063 99 00 1.8 142,159,262
063 99 03 1.8 438,613,715
063 99 05 1.7 760,771,619
063 99 07 1.7 592,561,546
063 99 06 1.7 538,531,514
063 99 04 1.7 493,465,436
063 99 01 1.7 401,372,342
063 99 00 1.7 318,289,260
063 99 00 1.7 234,211,181
063 99 00 1.7 146,114,128
063 99 00 1.7 225,374,522
063 99 06 1.4 604,637,631
063 99 03 1.4 490,457,427
063 99 07 1.4 417,406,397
063 99 04 1.4 373,346,311
063 99 00 1.4 278,241,208
063 99 00 1.4 175,142,112
063 99 00 1.4 81,57,26
063 99 00 1.4 0,0,0
063 99 00 1.4 34,209,395
063 99 06 1.4 522,587,609
063 99 06 1.8 607,642,619
063 99 08 1.8 598,588,570
063 99 05 1.8 549,523,493
063 99 02 1.8 465,432,403
063 99 00 1.8 368,336,304
063 99 00 1.8 277,247,216
063 99 00 1.8 184,149,118
063 99 00 1.8 149,269,455
063 99 05 1.8 616,713,753
063 99 04 1.7 759,627,594
063 99 08 1.7 569,545,532
063 99 04 1.7 513,492,463
063 99 02 1.7 430,394,364
063 99 00 1.7 333,301,263
063 99 00 1.7 231,201,175
063 99 00 1.7 145,114,76
063 99 00 1.7 48,82,206
063 99 04 1.7 385,539,623
063 99 04 1.7 657,658,597
063 99 07 1.7 565,533,507
063 99 05 1.7 493,477,454
063 99 02 1.7 429,397,364
063 99 00 1.7 325,294,258
063 99 00 1.7 227,194,168
063 99 00 1.7 136,104,72
063 99 00 1.7 39,7,19
063 99 00 1.7 124,297,461
063 99 04 1.7 555,585,585
063 99 04 1.6 560,531,500
063 99 06 1.6 476,463,448
063 99 03 1.6 434,413,383
063 99 01 1.6 347,311,278
063 99 00 1.6 247,221,198
063 99 00 1.6 173,142,102
063 99 00 1.6 66,24,11
063 99 00 1.6 61,194,354
063 99 05 1.6 474,528,538
063 99 06 1.4 509,474,434
063 99 07 1.4 410,398,384
063 99 03 1.4 363,335,306
063 99 00 1.4 272,235,203
063 99 00 1.4 165,132,98
063 99 00 1.4 67,37,8
063 99 00 1.4 0,0,0
063 99 00 1.4 0,39,220
063 99 05 1.4 396,500,546
063 99 07 1.8 561,649,624
063 99 08 1.8 590,567,544
063 99 04 1.8 531,511,486
063 99 02 1.8 450,414,381
063 99 00 1.8 341,303,264
063 99 00 1.8 235,202,172
063 99 00 1.8 138,103,68
063 99 00 1.8 46,100,241
063 99 04 1.8 425,574,650
063 99 04 1.7 679,675,606
063 99 08 1.7 574,544,522
063 99 05 1.7 504,480,450
063 99 02 1.7 416,383,350
063 99 00 1.7 315,281,244
063 99 00 1.7 206,173,141
063 99 00 1.7 107,70,32
063 99 00 1.7 0,0,17
063 99 00 1.7 152,346,495
063 99 05 1.7 569,594,587
063 99 05 1.7 598,561,533
063 99 06 1.7 514,500,481
063 99 03 1.7 454,421,386
063 99 00 1.7 352,318,285
063 99 00 1.7 250,215,190
063 99 00 1.7 162,139,106
063 99 00 1.7 72,34,11
063 99 00 1.7 55,186,356
063 99 05 1.7 482,535,545
063 99 06 1.4 522,489,449
063 99 07 1.4 420,410,404
063 99 04 1.4 389,363,324
063 99 00 1.4 288,248,216
063 99 00 1.4 186,151,124
063 99 00 1.4 87,61,29
063 99 00 1.4 0,0,0
063 99 00 1.4 0,45,237
063 99 06 1.4 422,532,584
063 99 08 1.8 597,593,648
063 99 07 1.8 617,587,570
063 99 05 1.8 554,531,503
063 99 02 1.8 471,443,413
063 99 00 1.8 376,340,305
063 99 00 1.8 273,241,211
063 99 00 1.8 183,154,119
063 99 00 1.8 84,82,172
063 99 02 1.8 343,526,652
063 99 05 1.8 709,731,725
063 99 05 1.8 630,594,562

0!0!0!0
1!1!1!1!1!1!1!1!1!1!1!1!1!1!1!1!1!1!1!