100001!20190823_182749!1!3
1.57!0.74!0.61!0.63!0.8!0.87!
99!58!61!0!601
93.0 0.82 101 12

059 99 00 0.7 0,0,0
059 99 01 0.7 0,0,0
059 99 03 0.7 0,5,22
059 99 04 0.7 32,33,30
059 99 03 0.7 221,213,204
059 99 02 0.7 197,188,177
059 99 02 0.7 163,149,136
059 99 01 0.7 121,115,104
059 99 01 0.7 96,79,71
059 99 01 0.7 57,47,38
059 99 01 0.7 25,15,10
059 99 01 0.7 30,69,117
059 99 03 0.7 160,191,214
059 99 04 0.6 223,225,210
059 99 03 0.6 204,199,196
059 99 03 0.6 187,177,161
059 99 02 0.6 147,133,121
059 99 02 0.6 117,102,92
059 99 01 0.6 78,68,53
059 99 01 0.6 37,27,14
059 99 01 0.6 8,0,0
059 99 01 0.6 0,10,56
059 99 02 0.6 104,143,171
059 99 04 0.6 190,201,217
059 99 03 0.6 212,201,194
059 99 03 0.6 191,185,174
059 99 02 0.6 158,144,132
059 99 02 0.6 117,107,97
059 99 01 0.6 84,68,55
059 99 01 0.6 42,28,12
059 99 01 0.6 6,0,0
059 99 01 0.6 0,0,42
059 99 02 0.6 96,138,166
059 99 04 0.6 185,194,195
059 99 04 0.6 204,201,193
059 99 03 0.6 189,181,172
059 99 02 0.6 165,152,140
059 99 02 0.6 126,116,103
059 99 01 0.6 90,78,65
059 99 01 0.6 52,36,29
059 99 01 0.6 17,12,1
059 99 01 0.6 10,30,71
059 99 02 0.6 122,165,198
059 99 04 0.6 214,223,220
059 99 04 0.6 212,203,194
059 99 03 0.6 187,178,174
059 99 02 0.6 164,151,134
059 99 02 0.6 119,109,98
059 99 01 0.6 83,71,64
059 99 01 0.6 51,38,22
059 99 01 0.6 17,6,0
059 99 01 0.6 2,19,58
059 99 02 0.6 107,154,188
059 99 04 0.6 211,224,231
059 99 04 0.7 227,220,211
059 99 03 0.7 204,197,184
059 99 02 0.7 170,157,144
059 99 02 0.7 132,118,108
059 99 01 0.7 95,84,68
059 99 01 0.7 61,48,36
059 99 01 0.7 21,9,3
059 99 01 0.7 0,3,22
059 99 02 0.7 63,112,154
059 99 04 0.7 182,201,213
059 99 04 0.6 212,207,199
059 99 03 0.6 197,188,177
059 99 02 0.6 168,156,145
059 99 02 0.6 134,119,102
059 99 01 0.6 84,72,65
059 99 01 0.6 55,44,29
059 99 01 0.6 13,1,0
059 99 01 0.6 0,0,0
059 99 01 0.6 0,46,96
059 99 03 0.6 132,159,174
059 99 04 0.6 182,216,209
059 99 03 0.6 199,192,184
059 99 02 0.6 173,167,155
059 99 02 0.6 151,132,122
059 99 01 0.6 104,94,82
059 99 01 0.6 69,60,48
059 99 01 0.6 39,28,16
059 99 01 0.6 2,0,0
059 99 01 0.6 23,65,114
059 99 03 0.6 151,177,189
059 99 04 0.6 196,200,200
059 99 03 0.6 184,187,177
059 99 02 0.6 177,161,150
059 99 02 0.6 135,123,110
059 99 02 0.6 100,90,74
059 99 01 0.6 61,49,39
059 99 01 0.6 28,12,3
059 99 01 0.6 0,0,0
059 99 01 0.6 0,22,65
059 99 03 0.6 112,144,173
059 99 04 0.6 187,193,219
059 99 03 0.6 212,205,200
059 99 03 0.6 193,185,176
059 99 02 0.6 163,152,135
059 99 01 0.6 122,105,93
059 99 01 0.6 83,73,57
059 99 01 0.6 36,25,16
059 99 01 0.6 12,0,0
059 99 01 0.6 0,13,50
059 99 02 0.6 96,137,166
059 99 04 0.6 182,198,201
059 99 04 0.6 203,201,197
059 99 03 0.6 185,176,166
059 99 02 0.6 160,147,133
059 99 02 0.6 120,107,98
059 99 01 0.6 83,73,56
059 99 01 0.6 43,30,19
059 99 01 0.6 7,0,0
059 99 01 0.6 0,0,5
059 99 02 0.6 45,91,131
059 99 03 0.6 160,179,188
060 99 04 0.6 210,206,198
060 99 03 0.6 193,185,176
060 99 02 0.6 168,162,158
060 99 02 0.6 146,130,108
060 99 01 0.6 100,90,85
060 99 01 0.6 72,61,51
060 99 01 0.6 38,30,16
060 99 01 0.6 11,8,30
060 99 02 0.6 66,113,151
060 99 03 0.5 178,191,194
060 99 03 0.5 185,182,181
060 99 03 0.5 175,172,164
060 99 02 0.5 151,137,124
060 99 02 0.5 115,103,90
060 99 01 0.5 80,70,67
060 99 01 0.5 51,36,17
060 99 01 0.5 11,0,0
060 99 01 0.5 0,0,28
060 99 02 0.5 75,125,161
060 99 04 0.5 189,200,208
060 99 04 0.7 205,223,217
060 99 03 0.7 210,200,187
060 99 02 0.7 178,168,159
060 99 02 0.7 145,132,120
060 99 01 0.7 110,103,88
060 99 01 0.7 75,65,56
060 99 01 0.7 46,31,18
060 99 01 0.7 11,21,50
060 99 02 0.7 101,146,187
060 99 04 0.6 209,223,231
060 99 04 0.6 215,211,199
060 99 03 0.6 198,186,177
060 99 02 0.6 164,151,140
060 99 02 0.6 122,117,105
060 99 01 0.6 100,87,76
060 99 01 0.6 61,51,46
060 99 01 0.6 37,31,21
060 99 01 0.6 29,57,103
060 99 03 0.6 144,171,182
060 99 03 0.5 180,153,142
060 99 03 0.5 138,125,119
060 99 02 0.5 105,97,84
060 99 02 0.5 70,58,42
060 99 01 0.5 35,19,9
060 99 01 0.5 0,0,0
060 99 01 0.5 0,0,0
060 99 01 0.5 0,0,19
060 99 02 0.5 58,87,105
060 99 03 0.5 109,157,148
060 99 03 0.5 146,140,134
060 99 02 0.5 121,112,102
060 99 02 0.5 95,83,72
060 99 01 0.5 58,47,34
060 99 01 0.5 22,10,0
060 99 01 0.5 0,0,0
060 99 01 0.5 0,0,9
060 99 02 0.5 58,102,140
060 99 04 0.6 163,181,186
060 99 04 0.6 216,205,195
060 99 03 0.6 189,183,172
060 99 02 0.6 161,149,143
060 99 02 0.6 133,118,102
060 99 01 0.6 86,80,69
060 99 01 0.6 56,42,28
060 99 01 0.6 16,2,7
060 99 01 0.6 33,79,131
060 99 03 0.6 169,202,223
061 99 04 0.7 238,238,229
061 99 03 0.7 219,209,202
061 99 02 0.7 187,177,165
061 99 02 0.7 161,143,133
061 99 02 0.7 114,104,90
061 99 01 0.7 78,72,57
061 99 01 0.7 44,26,9
061 99 01 0.7 0,0,16
061 99 01 0.7 50,98,136
061 99 03 0.7 174,200,216
061 99 04 0.6 220,220,216
061 99 03 0.6 209,207,198
061 99 02 0.6 189,173,162
061 99 02 0.6 143,129,116
061 99 01 0.6 105,98,79
061 99 01 0.6 63,47,35
061 99 01 0.6 23,13,4
061 99 01 0.6 0,0,0
061 99 01 0.6 6,47,98
061 99 03 0.6 133,162,178
061 99 04 0.6 188,191,214
061 99 03 0.6 207,195,186
061 99 02 0.6 173,160,147
061 99 02 0.6 133,120,106
061 99 01 0.6 96,81,67
061 99 01 0.6 53,38,26
061 99 01 0.6 15,5,0
061 99 01 0.6 0,0,0
061 99 01 0.6 0,0,28
061 99 02 0.6 67,104,125
061 99 03 0.5 141,144,184
061 99 03 0.5 180,171,168
061 99 02 0.5 152,148,136
061 99 02 0.5 135,118,105
061 99 02 0.5 86,73,57
061 99 01 0.5 45,32,20
061 99 01 0.5 4,0,0
061 99 01 0.5 0,0,0
061 99 01 0.5 0,0,24
061 99 02 0.5 67,98,115
061 99 03 0.5 123,127,172
061 99 03 0.5 166,157,153
061 99 02 0.5 148,140,125
061 99 02 0.5 111,97,84
061 99 02 0.5 70,57,48
061 99 01 0.5 36,24,5
061 99 01 0.5 0,0,0
061 99 01 0.5 0,0,0
061 99 01 0.5 0,0,0
061 99 02 0.5 26,71,102
061 99 04 0.6 122,132,132
061 99 03 0.6 195,185,177
061 99 03 0.6 167,160,148
061 99 02 0.6 139,126,114
061 99 02 0.6 98,80,64
061 99 01 0.6 51,44,36
061 99 01 0.6 27,17,2
061 99 01 0.6 0,0,0
061 99 01 0.6 0,0,0
061 99 02 0.6 33,82,116
061 99 03 0.6 141,154,158
061 99 03 0.6 197,185,178
061 99 03 0.6 168,165,153
061 99 02 0.6 147,132,126
061 99 02 0.6 111,101,89
061 99 01 0.6 75,60,40
061 99 01 0.6 33,19,7
061 99 01 0.6 0,0,0
061 99 01 0.6 0,0,0
061 99 01 0.6 0,42,82
061 99 03 0.6 113,132,142
061 99 03 0.5 184,182,176
061 99 03 0.5 173,160,147
061 99 02 0.5 131,124,116
061 99 02 0.5 106,92,71
061 99 01 0.5 59,43,35
061 99 01 0.5 20,12,4
061 99 01 0.5 0,0,0
061 99 01 0.5 0,0,0
061 99 02 0.5 22,63,101
061 99 03 0.5 125,138,140
061 99 03 0.5 180,177,172
061 99 03 0.5 164,152,143
061 99 02 0.5 134,128,119
061 99 02 0.5 110,94,85
061 99 01 0.5 74,62,50
061 99 01 0.5 35,30,14
061 99 01 0.5 3,0,0
061 99 01 0.5 0,0,31
061 99 02 0.5 80,125,158
061 99 04 0.6 183,193,196
061 99 04 0.6 218,215,211
061 99 03 0.6 203,197,183
061 99 02 0.6 171,158,146
061 99 02 0.6 134,119,110
061 99 01 0.6 99,92,80
061 99 01 0.6 69,59,47
061 99 01 0.6 33,14,6
061 99 01 0.6 10,41,91
061 99 03 0.6 143,177,199
061 99 04 0.6 213,223,223
061 99 03 0.6 216,207,201
061 99 03 0.6 193,184,175
061 99 02 0.6 167,160,145
061 99 02 0.6 131,116,109
061 99 01 0.6 95,86,74
061 99 01 0.6 63,50,33
061 99 01 0.6 22,6,0
061 99 01 0.6 0,10,47
061 99 02 0.6 92,136,170
061 99 04 0.6 193,204,211
061 99 03 0.6 211,201,192
061 99 03 0.6 181,174,169
061 99 02 0.6 160,147,133
061 99 02 0.6 127,120,108
061 99 01 0.6 91,74,61
061 99 01 0.6 47,34,20
061 99 01 0.6 4,0,0
061 99 01 0.6 0,0,11
061 99 02 0.6 54,99,136
061 99 03 0.6 160,172,175
061 99 03 0.6 196,184,178
061 99 03 0.6 171,171,163
061 99 02 0.6 153,139,125
061 99 02 0.6 115,100,89
061 99 01 0.6 75,67,56
061 99 01 0.6 41,25,15
061 99 01 0.6 7,0,0
061 99 01 0.6 0,0,37
061 99 02 0.6 87,132,166
061 99 04 0.6 183,190,195
061 99 03 0.6 198,211,199
061 99 03 0.6 188,181,172
061 99 02 0.6 158,146,135
061 99 02 0.6 125,111,98
061 99 01 0.6 84,73,55
061 99 01 0.6 41,31,23
061 99 01 0.6 10,0,0
061 99 01 0.6 0,0,31
061 99 02 0.6 76,125,160
061 99 04 0.6 187,205,214
061 99 04 0.7 217,229,223
061 99 03 0.7 211,201,193
061 99 02 0.7 183,177,163
061 99 02 0.7 149,132,117
061 99 01 0.7 103,93,77
061 99 01 0.7 68,54,43
061 99 01 0.7 32,20,10
061 99 01 0.7 0,0,4
061 99 01 0.7 35,80,128
061 99 03 0.7 172,196,214
061 99 04 0.6 219,227,218
061 99 03 0.6 203,197,189
061 99 02 0.6 183,171,159
061 99 02 0.6 145,130,114
061 99 01 0.6 103,91,79
061 99 01 0.6 72,60,48
061 99 01 0.6 31,15,3
061 99 01 0.6 0,0,0
061 99 01 0.6 0,31,84
061 99 03 0.6 133,171,192
060 99 04 0.6 197,198,218
060 99 03 0.6 216,207,201
060 99 03 0.6 192,183,173
060 99 02 0.6 160,146,131
060 99 01 0.6 119,109,102
060 99 01 0.6 90,77,61
060 99 01 0.6 48,39,29
060 99 01 0.6 20,5,0
060 99 01 0.6 0,21,70
060 99 02 0.6 114,153,174
060 99 03 0.6 186,189,197
060 99 03 0.6 194,186,179
060 99 02 0.6 167,158,151
060 99 02 0.6 145,134,120
060 99 02 0.6 104,97,82
060 99 01 0.6 72,61,49
060 99 01 0.6 39,22,15
060 99 01 0.6 3,0,0
060 99 01 0.6 0,15,56
060 99 02 0.6 108,151,185
060 99 04 0.7 208,217,220
060 99 04 0.7 233,227,222
060 99 03 0.7 219,214,204
060 99 02 0.7 189,171,156
060 99 02 0.7 142,137,127
060 99 01 0.7 117,101,88
060 99 01 0.7 76,66,57
060 99 01 0.7 47,39,28
060 99 01 0.7 20,22,50
060 99 02 0.7 99,153,198
060 99 04 0.7 222,239,245
059 99 04 0.6 248,228,223
059 99 03 0.6 216,207,196
059 99 02 0.6 187,181,169
059 99 02 0.6 155,137,128
059 99 01 0.6 110,97,82
059 99 01 0.6 75,68,58
059 99 01 0.6 48,33,19
059 99 01 0.6 6,0,10
059 99 01 0.6 49,99,150
059 99 03 0.6 186,212,225
059 99 04 0.6 229,225,222
059 99 03 0.6 214,208,202
059 99 02 0.6 196,184,169
059 99 02 0.6 154,143,131
059 99 02 0.6 116,106,94
059 99 01 0.6 85,72,62
059 99 01 0.6 49,40,25
059 99 01 0.6 12,2,0
059 99 01 0.6 18,52,99
059 99 03 0.6 146,183,210
059 99 04 0.6 222,226,224
059 99 03 0.6 221,220,209
059 99 03 0.6 199,192,187
059 99 02 0.6 177,159,143
059 99 02 0.6 135,126,117
059 99 01 0.6 104,97,84
059 99 01 0.6 73,66,57
059 99 01 0.6 44,28,16
059 99 01 0.6 22,45,94
059 99 03 0.6 143,185,210
059 99 04 0.6 230,236,239
059 99 04 0.6 211,208,198
059 99 03 0.6 192,184,178
059 99 02 0.6 170,155,142
059 99 02 0.6 126,116,101
059 99 01 0.6 89,76,66
059 99 01 0.6 56,41,28
059 99 01 0.6 18,9,0
059 99 01 0.6 0,4,37
059 99 02 0.6 90,146,190
059 99 04 0.7 220,237,240
059 99 04 0.7 241,235,232
059 99 03 0.7 225,219,210
059 99 02 0.7 201,189,179
059 99 02 0.7 166,152,135
059 99 01 0.7 123,110,96
059 99 01 0.7 82,72,66
059 99 01 0.7 55,42,31
059 99 01 0.7 21,13,15
059 99 01 0.7 44,94,147
059 99 03 0.7 192,220,241
059 99 04 0.7 253,259,248
059 99 04 0.7 239,225,213
059 99 02 0.7 204,197,189
059 99 02 0.7 179,168,153
059 99 02 0.7 138,119,103
059 99 01 0.7 89,80,65
059 99 01 0.7 53,45,36
059 99 01 0.7 24,8,0
059 99 01 0.7 0,21,67
059 99 02 0.7 119,168,199
059 99 04 0.6 213,221,234
059 99 04 0.6 232,226,217
059 99 03 0.6 210,199,193
059 99 02 0.6 185,175,159
059 99 02 0.6 142,123,109
059 99 01 0.6 96,84,73
059 99 01 0.6 62,55,43
059 99 01 0.6 33,16,7
059 99 01 0.6 3,16,49
059 99 02 0.6 97,145,182
059 99 04 0.6 210,220,220
059 99 04 0.6 210,204,201
059 99 03 0.6 193,189,181
059 99 02 0.6 175,162,147
059 99 02 0.6 129,117,107
059 99 01 0.6 99,85,71
059 99 01 0.6 54,40,30
059 99 01 0.6 18,8,0
059 99 01 0.6 0,0,6
059 99 02 0.6 47,103,152
059 99 04 0.6 193,217,232
059 99 04 0.7 237,246,237
059 99 03 0.7 227,221,215
059 99 03 0.7 207,198,192
059 99 02 0.7 179,165,146
059 99 02 0.7 131,115,105
059 99 01 0.7 99,89,77
059 99 01 0.7 61,53,41
059 99 01 0.7 29,18,15
059 99 01 0.7 36,74,127
059 99 03 0.7 175,213,236
059 99 04 0.7 246,249,251
059 99 04 0.7 233,224,215
059 99 03 0.7 206,197,189
059 99 02 0.7 175,164,147
059 99 02 0.7 136,124,106
059 99 01 0.7 92,77,68
059 99 01 0.7 59,49,35
059 99 01 0.7 20,6,0
059 99 01 0.7 0,2,37
059 99 02 0.7 86,137,176
059 99 04 0.7 201,213,218
059 99 04 0.6 218,224,215
059 99 03 0.6 209,203,199
059 99 02 0.6 190,179,166
059 99 02 0.6 151,136,127
059 99 02 0.6 116,101,82
059 99 01 0.6 69,57,49
059 99 01 0.6 35,22,6
059 99 01 0.6 0,0,9
059 99 01 0.6 43,85,130
059 99 03 0.6 164,190,199
059 99 04 0.6 207,206,204
059 99 03 0.6 195,186,176
059 99 02 0.6 166,157,146
059 99 02 0.6 136,118,105
059 99 01 0.6 93,85,73
059 99 01 0.6 60,47,32
059 99 01 0.6 23,11,1
059 99 01 0.6 0,0,0
059 99 01 0.6 1,44,99
059 99 03 0.6 150,181,204
059 99 04 0.7 213,218,230
059 99 04 0.7 225,222,217
059 99 03 0.7 207,192,183
059 99 02 0.7 171,160,144
059 99 02 0.7 129,116,107
059 99 01 0.7 98,87,75
059 99 01 0.7 60,47,34
059 99 01 0.7 23,16,11
059 99 01 0.7 11,34,75
059 99 02 0.7 126,171,205
058 99 04 0.7 234,245,251
058 99 04 0.7 234,227,216
058 99 03 0.7 212,208,201
058 99 02 0.7 186,171,161
058 99 02 0.7 149,139,127
058 99 01 0.7 117,108,94
058 99 01 0.7 84,66,54
058 99 01 0.7 45,37,26
058 99 01 0.7 12,9,21
058 99 01 0.7 63,111,163
058 99 03 0.7 198,226,240
058 99 04 0.7 246,246,233
058 99 03 0.7 227,216,204
058 99 02 0.7 192,184,168
058 99 02 0.7 159,146,134
058 99 01 0.7 118,108,99
058 99 01 0.7 89,74,63
058 99 01 0.7 51,38,30
058 99 01 0.7 16,8,0
058 99 01 0.7 9,38,90
058 99 03 0.7 140,182,210
058 99 04 0.6 224,227,228
058 99 04 0.6 225,220,210
058 99 03 0.6 205,195,186
058 99 02 0.6 171,159,148
058 99 02 0.6 139,133,124
058 99 01 0.6 114,99,85
058 99 01 0.6 72,62,56
058 99 01 0.6 48,35,22
058 99 01 0.6 20,36,70
058 99 02 0.6 116,163,198
058 99 04 0.6 216,224,228
058 99 04 0.6 206,203,195
058 99 03 0.6 194,188,180
058 99 02 0.6 168,151,137
058 99 02 0.6 124,117,105
058 99 01 0.6 92,80,67
058 99 01 0.6 60,47,40
058 99 01 0.6 29,16,3
058 99 01 0.6 0,0,22
058 99 02 0.6 66,119,160
058 99 04 0.6 196,220,233
058 99 04 0.7 236,236,241
058 99 03 0.7 239,230,224
058 99 03 0.7 212,203,190
058 99 02 0.7 175,158,149
058 99 01 0.7 137,126,114
058 99 01 0.7 107,94,82
058 99 01 0.7 67,60,46
058 99 01 0.7 34,22,25
058 99 01 0.7 47,92,145
058 99 03 0.7 193,229,251
058 99 04 0.7 263,265,237
058 99 03 0.7 231,225,223
058 99 03 0.7 219,211,199
058 99 02 0.7 185,170,157
058 99 02 0.7 140,128,117
058 99 01 0.7 110,98,82
058 99 01 0.7 69,56,46
058 99 01 0.7 36,24,18
058 99 01 0.7 21,54,99
058 99 03 0.7 152,193,225
058 99 04 0.7 243,250,252
058 99 04 0.7 233,228,222
058 99 03 0.7 219,212,201
058 99 02 0.7 188,177,166
058 99 02 0.7 152,136,119
058 99 01 0.7 105,95,86
058 99 01 0.7 82,69,59
058 99 01 0.7 44,37,32
058 99 01 0.7 41,71,120
058 99 03 0.7 171,207,230
058 99 04 0.6 242,245,210
058 99 03 0.6 205,199,196
058 99 03 0.6 187,180,166
058 99 02 0.6 154,141,132
058 99 02 0.6 126,118,105
058 99 01 0.6 87,70,53
058 99 01 0.6 38,30,19
058 99 01 0.6 12,0,0
058 99 01 0.6 8,46,98
058 99 03 0.6 150,189,220
058 99 04 0.7 234,243,243
058 99 04 0.7 246,242,233
058 99 03 0.7 225,216,209
058 99 02 0.7 198,188,171
058 99 02 0.7 158,143,133
058 99 01 0.7 120,105,91
058 99 01 0.7 80,67,55
058 99 01 0.7 39,29,20
058 99 01 0.7 30,66,118
058 99 03 0.7 174,216,250
058 99 04 0.7 272,281,257
058 99 05 0.7 251,246,243

1!0!0!0
2!2!2!2!1!1!1!1!1!1!1!1!1!1!1!1!1!1!1!