100001!20190823_175857!1!1
1.41!0.76!0.72!1.0!0.71!0.59!
99!52!67!0!601
119.4 0.58 104 0

067 99 02 0.7 115,104,93
067 99 01 0.7 73,48,29
067 99 01 0.7 26,26,18
067 99 01 0.7 0,0,0
067 99 01 0.7 0,0,0
067 99 01 0.7 0,0,0
067 99 00 0.7 0,0,0
067 99 01 0.7 0,0,0
067 99 00 0.7 0,0,0
067 99 00 0.7 0,0,0
067 99 00 0.7 0,0,0
067 99 02 0.7 0,0,0
067 99 03 0.6 0,0,186
067 99 02 0.6 176,168,151
067 99 02 0.6 112,50,0
067 99 00 0.6 0,0,0
067 99 00 0.6 0,0,0
067 99 00 0.6 0,0,0
067 99 00 0.6 0,0,0
067 99 00 0.6 0,0,0
067 99 01 0.6 0,0,0
065 99 02 0.5 0,0,156
065 99 02 0.5 146,132,115
065 99 02 0.5 98,85,72
065 99 01 0.5 57,41,24
065 99 01 0.5 17,10,0
065 99 01 0.5 0,0,0
065 99 01 0.5 0,0,0
065 99 01 0.5 0,0,0
065 99 01 0.5 0,3,54
065 99 03 0.5 82,96,103
065 99 03 0.6 105,195,175
065 99 02 0.6 154,139,127
065 99 02 0.6 114,108,98
065 99 01 0.6 87,67,54
065 99 01 0.6 39,24,6
065 99 01 0.6 0,0,0
065 99 01 0.6 0,0,0
065 99 01 0.6 0,0,17
065 99 03 0.6 75,124,152
065 99 04 0.7 168,175,242
065 99 04 0.7 235,218,199
065 99 02 0.7 184,170,160
065 99 02 0.7 141,126,110
065 99 01 0.7 100,89,76
065 99 01 0.7 64,53,39
065 99 01 0.7 23,9,0
065 99 01 0.7 0,0,0
065 99 01 0.7 0,0,49
065 99 03 0.7 110,157,187
064 99 04 0.8 205,215,212
064 99 05 0.8 252,233,217
064 99 03 0.8 201,193,179
064 99 01 0.8 166,152,139
064 99 00 0.8 124,107,93
064 99 00 0.8 79,63,50
064 99 00 0.8 35,22,9
064 99 00 0.8 2,0,0
064 99 00 0.8 0,28,86
064 99 04 0.8 142,184,210
064 99 06 0.7 224,224,241
064 99 03 0.7 234,220,209
064 99 02 0.7 193,183,167
064 99 02 0.7 154,141,127
064 99 01 0.7 112,92,75
064 99 01 0.7 59,44,32
064 99 01 0.7 17,4,0
064 99 01 0.7 0,0,0
064 99 01 0.7 0,0,17
064 99 03 0.7 82,129,166
064 99 04 0.8 189,203,200
064 99 05 0.8 251,237,225
064 99 03 0.8 214,207,199
064 99 02 0.8 190,174,162
064 99 01 0.8 150,142,130
064 99 00 0.8 114,103,90
064 99 00 0.8 77,61,47
064 99 00 0.8 38,31,24
064 99 00 0.8 15,18,42
064 99 02 0.8 94,157,213
064 99 06 0.8 248,267,272
063 99 06 0.8 272,254,244
063 99 07 0.8 233,221,211
063 99 03 0.8 196,182,164
063 99 00 0.8 147,133,120
063 99 00 0.8 110,94,84
063 99 00 0.8 70,58,45
063 99 00 0.8 31,18,0
063 99 00 0.8 0,0,3
063 99 01 0.8 43,100,150
063 99 08 0.8 187,211,228
063 99 08 0.7 238,238,239
063 99 06 0.7 220,203,197
063 99 03 0.7 187,179,166
063 99 01 0.7 157,144,129
063 99 00 0.7 112,93,84
063 99 00 0.7 75,68,55
063 99 00 0.7 40,30,15
063 99 00 0.7 4,0,0
063 99 00 0.7 1,39,100
063 99 06 0.7 160,211,241
063 99 08 0.8 260,266,266
063 99 08 0.8 270,256,246
063 99 05 0.8 234,224,213
063 99 02 0.8 204,199,185
063 99 01 0.8 170,153,142
063 99 00 0.8 126,110,90
063 99 00 0.8 80,68,55
063 99 00 0.8 38,19,7
063 99 00 0.8 0,14,48
063 99 03 0.8 103,157,207
061 99 08 0.8 239,257,262
061 99 08 0.8 257,247,237
061 99 06 0.8 230,221,208
061 99 03 0.8 196,183,172
061 99 00 0.8 155,143,129
061 99 00 0.8 114,96,78
061 99 00 0.8 68,60,50
061 99 00 0.8 38,25,15
061 99 00 0.8 2,0,7
061 99 00 0.8 48,106,157
061 99 08 0.8 199,226,247
061 99 08 0.7 253,252,245
061 99 07 0.7 233,221,212
061 99 03 0.7 200,195,186
061 99 02 0.7 176,159,148
061 99 00 0.7 133,122,109
061 99 00 0.7 103,94,83
061 99 00 0.7 63,43,24
061 99 00 0.7 13,3,11
061 99 00 0.7 41,97,149
061 99 08 0.7 189,212,230
061 99 08 0.7 240,242,233
061 99 05 0.7 220,210,203
061 99 03 0.7 196,187,179
061 99 02 0.7 169,154,140
061 99 01 0.7 124,108,87
061 99 00 0.7 70,51,39
061 99 00 0.7 24,16,3
061 99 00 0.7 0,0,0
061 99 00 0.7 0,46,98
061 99 04 0.7 146,174,193
061 99 06 0.6 197,217,213
061 99 03 0.6 201,196,187
061 99 02 0.6 182,173,164
061 99 02 0.6 154,136,124
061 99 02 0.6 114,107,94
061 99 01 0.6 79,66,56
061 99 01 0.6 47,38,28
061 99 01 0.6 18,10,10
061 99 01 0.6 33,79,133
061 99 03 0.6 173,196,214
061 99 04 0.6 227,231,219
061 99 03 0.6 210,202,189
061 99 02 0.6 174,163,154
061 99 02 0.6 149,137,126
061 99 02 0.6 111,100,90
061 99 01 0.6 82,75,70
061 99 01 0.6 57,45,29
061 99 01 0.6 20,13,29
061 99 02 0.6 62,116,159
061 99 04 0.6 192,209,216
061 99 04 0.6 217,201,197
061 99 03 0.6 190,179,161
061 99 02 0.6 143,46,0
061 99 01 0.6 0,0,0
061 99 00 0.6 0,0,0
061 99 02 0.6 0,0,0
061 99 01 0.6 0,0,0
061 99 02 0.6 0,0,0
061 99 00 0.6 0,0,0
061 99 01 0.3 0,0,0
061 99 01 0.3 0,0,0
061 99 01 0.3 0,0,0
061 99 02 0.3 0,0,0
061 99 01 0.3 0,0,0
061 99 01 0.3 0,0,0
061 99 01 0.3 0,0,0
061 99 00 0.3 0,0,0
061 99 01 0.3 0,0,0
061 99 03 0.3 0,0,0
053 99 03 0.6 214,203,184
053 99 02 0.6 170,160,155
053 99 02 0.6 148,138,125
053 99 01 0.6 113,105,93
053 99 01 0.6 84,76,70
053 99 01 0.6 61,46,27
053 99 01 0.6 10,0,3
053 99 01 0.6 22,66,118
053 99 03 0.6 157,182,198
053 99 04 0.6 206,195,172
053 99 02 0.6 159,157,157
053 99 02 0.6 140,109,80
053 99 01 0.6 71,64,50
053 99 01 0.6 18,0,0
053 99 01 0.6 0,0,0
053 99 01 0.6 0,0,0
053 99 01 0.6 0,0,0
053 99 02 0.6 18,67,105
053 99 04 0.6 129,143,147
053 99 04 0.7 222,212,197
053 99 03 0.7 190,177,162
053 99 02 0.7 150,131,116
053 99 01 0.7 100,88,75
053 99 01 0.7 62,47,30
053 99 01 0.7 14,0,0
053 99 01 0.7 0,0,0
053 99 01 0.7 0,0,31
053 99 03 0.7 87,128,160
052 99 04 0.7 182,192,192
052 99 04 0.7 242,236,226
052 99 03 0.7 208,195,174
052 99 02 0.7 161,142,131
052 99 01 0.7 117,106,93
052 99 01 0.7 84,72,61
052 99 01 0.7 45,30,7
052 99 00 0.7 0,0,0
052 99 01 0.7 11,78,118
052 99 03 0.6 127,166,126
052 99 02 0.6 94,85,79
052 99 01 0.6 72,56,40
052 99 01 0.6 28,29,29
052 99 01 0.6 31,14,2
052 99 01 0.6 0,0,0
052 99 01 0.6 0,0,0
052 99 01 0.6 0,0,0
052 99 01 0.6 0,0,0
052 99 03 0.6 47,97,124
052 99 04 0.7 135,132,257
052 99 05 0.7 251,242,239
052 99 04 0.7 252,270,287
052 99 04 0.7 285,281,267
052 99 02 0.7 220,162,116
052 99 00 0.7 107,111,104
052 99 00 0.7 86,60,35
052 99 00 0.7 14,1,7
052 99 00 0.7 44,103,166
054 99 05 0.7 211,236,239
054 99 04 0.7 236,224,214
054 99 03 0.7 204,198,191
054 99 02 0.7 176,157,136
054 99 01 0.7 114,97,82
054 99 01 0.7 69,54,35
054 99 01 0.7 17,0,0
054 99 00 0.7 0,0,0
054 99 00 0.7 0,0,0
054 99 02 0.7 0,22,66
054 99 03 0.7 108,146,171
054 99 04 0.7 189,198,250
054 99 04 0.7 222,186,159
054 99 01 0.7 135,120,111
054 99 00 0.7 117,135,141
054 99 02 0.7 124,85,47
054 99 00 0.7 29,17,14
054 99 00 0.7 8,18,17
054 99 00 0.7 12,0,0
054 99 00 0.7 0,26,92
054 99 05 0.7 148,196,232
054 99 07 0.8 258,257,264
054 99 07 0.8 239,222,216
054 99 04 0.8 214,206,191
054 99 01 0.8 172,153,136
054 99 00 0.8 115,99,79
054 99 00 0.8 61,41,29
054 99 00 0.8 15,0,0
054 99 00 0.8 0,0,0
054 99 00 0.8 0,39,99
054 99 07 0.8 165,225,273
054 99 08 0.8 302,319,325
054 99 08 1.0 326,375,368
054 99 05 1.0 360,351,346
054 99 04 1.0 333,313,293
054 99 02 1.0 281,274,266
054 99 01 1.0 254,243,232
054 99 00 1.0 216,206,192
054 99 00 1.0 185,170,170
054 99 01 1.0 192,236,291
054 99 05 1.0 341,378,399
054 99 06 0.7 408,410,235
054 99 04 0.7 223,208,199
054 99 02 0.7 187,175,165
054 99 02 0.7 152,133,115
054 99 01 0.7 95,88,73
054 99 01 0.7 70,57,50
054 99 01 0.7 34,28,16
054 99 01 0.7 6,4,20
054 99 02 0.7 63,117,175
054 99 04 0.7 212,238,250
054 99 04 0.7 257,248,235
054 99 03 0.7 223,211,203
054 99 02 0.7 196,188,173
054 99 02 0.7 152,131,115
054 99 01 0.7 104,96,85
054 99 01 0.7 74,60,42
054 99 01 0.7 32,19,11
054 99 01 0.7 4,20,52
054 99 02 0.7 103,152,200
054 99 04 0.7 224,241,239
054 99 04 0.7 232,219,207
054 99 03 0.7 195,183,175
054 99 02 0.7 167,155,137
054 99 01 0.7 116,102,89
054 99 01 0.7 82,70,60
054 99 01 0.7 50,38,24
054 99 01 0.7 9,0,0
054 99 01 0.7 21,65,117
054 99 03 0.7 164,196,214
054 99 04 0.6 222,222,219
054 99 03 0.6 208,205,195
054 99 02 0.6 189,174,156
054 99 02 0.6 134,119,108
054 99 01 0.6 98,89,75
054 99 01 0.6 64,48,37
054 99 01 0.6 21,7,0
054 99 01 0.6 0,0,6
054 99 02 0.6 50,109,157
054 99 04 0.6 197,213,225
054 99 04 0.7 245,244,230
054 99 03 0.7 221,212,205
054 99 02 0.7 191,170,155
054 99 02 0.7 141,126,109
054 99 01 0.7 94,84,70
054 99 01 0.7 57,44,29
054 99 01 0.7 22,10,3
054 99 01 0.7 3,35,84
054 99 03 0.7 143,187,221
054 99 04 0.7 235,241,237
054 99 04 0.7 230,219,218
054 99 03 0.7 213,207,190
054 99 02 0.7 172,150,140
054 99 02 0.7 130,121,104
054 99 01 0.7 86,73,64
054 99 01 0.7 59,48,32
054 99 01 0.7 13,0,0
054 99 01 0.7 20,67,120
054 99 03 0.7 173,209,233
054 99 04 0.7 243,245,247
054 99 03 0.7 239,229,220
054 99 03 0.7 211,204,195
054 99 02 0.7 180,166,147
054 99 02 0.7 132,115,103
054 99 01 0.7 88,77,61
054 99 01 0.7 47,32,21
054 99 01 0.7 12,12,31
054 99 02 0.7 73,135,189
054 99 04 0.7 223,239,250
054 99 04 0.7 253,239,229
054 99 03 0.7 217,206,197
054 99 02 0.7 190,181,173
054 99 02 0.7 158,146,130
054 99 02 0.7 123,107,98
054 99 01 0.7 86,73,63
054 99 01 0.7 49,43,38
054 99 01 0.7 63,109,169
054 99 03 0.7 215,247,260
055 99 04 0.6 269,228,216
055 99 03 0.6 204,191,185
055 99 02 0.6 176,171,162
055 99 02 0.6 150,132,120
055 99 01 0.6 107,101,87
055 99 01 0.6 70,54,44
055 99 01 0.6 38,30,21
055 99 01 0.6 8,13,41
055 99 02 0.6 99,155,204
055 99 04 0.6 237,261,269
055 99 05 0.7 267,248,234
055 99 04 0.7 225,221,216
055 99 03 0.7 201,185,170
055 99 01 0.7 155,145,127
055 99 00 0.7 110,94,78
055 99 00 0.7 66,50,42
055 99 00 0.7 35,32,20
055 99 00 0.7 15,27,69
055 99 03 0.7 131,192,243
055 99 07 0.7 277,295,302
055 99 07 0.8 302,280,267
055 99 07 0.8 254,243,231
055 99 03 0.8 218,206,192
055 99 01 0.8 176,161,149
055 99 00 0.8 133,115,100
055 99 00 0.8 93,85,71
055 99 00 0.8 58,44,32
055 99 00 0.8 29,44,86
055 99 04 0.8 138,193,231
055 99 08 0.8 256,272,277
055 99 07 0.7 246,233,222
055 99 03 0.7 210,199,187
055 99 02 0.7 168,156,145
055 99 01 0.7 136,124,105
055 99 00 0.7 94,76,63
055 99 00 0.7 42,28,20
055 99 00 0.7 13,6,0
055 99 00 0.7 0,0,20
055 99 02 0.7 81,140,186
055 99 06 0.7 208,220,226
055 99 06 0.7 228,241,226
055 99 03 0.7 211,200,188
055 99 02 0.7 176,164,152
055 99 02 0.7 135,117,103
055 99 01 0.7 86,77,61
055 99 01 0.7 53,34,19
055 99 01 0.7 4,0,0
055 99 01 0.7 0,0,0
055 99 02 0.7 40,99,145
055 99 04 0.7 167,184,185
055 99 04 0.6 187,205,199
055 99 03 0.6 189,173,162
055 99 02 0.6 147,133,113
055 99 01 0.6 99,83,70
055 99 01 0.6 53,38,23
055 99 01 0.6 10,0,0
055 99 01 0.6 0,0,0
055 99 01 0.6 0,0,0
055 99 01 0.6 0,3,50
055 99 03 0.6 90,118,137
061 99 04 0.6 141,210,199
061 99 03 0.6 182,170,160
061 99 02 0.6 152,144,133
061 99 02 0.6 117,100,90
061 99 01 0.6 79,66,47
061 99 01 0.6 32,22,13
061 99 01 0.6 4,0,0
061 99 01 0.6 0,0,0
061 99 01 0.6 0,0,28
061 99 03 0.6 69,105,129
061 99 03 0.6 142,139,192
061 99 03 0.6 184,174,161
061 99 02 0.6 147,139,135
061 99 02 0.6 125,111,94
061 99 01 0.6 79,70,54
061 99 01 0.6 46,32,21
061 99 01 0.6 10,0,0
061 99 01 0.6 0,0,0
061 99 01 0.6 0,38,83
061 99 03 0.6 113,130,138
061 99 03 0.5 136,163,151
061 99 02 0.5 144,137,133
061 99 02 0.5 121,111,97
061 99 02 0.5 90,76,65
061 99 01 0.5 51,41,31
061 99 01 0.5 21,13,0
061 99 01 0.5 0,0,0
061 99 01 0.5 0,35,88
061 99 03 0.5 131,153,165
061 99 03 0.5 169,189,179
061 99 03 0.5 167,160,148
061 99 02 0.5 143,138,134
061 99 02 0.5 125,110,95
061 99 02 0.5 80,70,61
061 99 01 0.5 54,50,38
061 99 01 0.5 30,27,54
061 99 02 0.5 95,145,188
061 99 04 0.5 220,242,251
061 99 04 0.6 252,218,200
061 99 03 0.6 180,167,161
061 99 02 0.6 158,143,130
061 99 02 0.6 117,105,92
061 99 01 0.6 75,66,53
061 99 01 0.6 44,34,27
061 99 01 0.6 18,14,20
061 99 02 0.6 49,98,152
061 99 04 0.6 193,227,251
061 99 04 0.7 272,273,254
061 99 05 0.7 237,220,204
061 99 03 0.7 195,191,185
061 99 02 0.7 178,162,147
061 99 01 0.7 128,117,104
061 99 00 0.7 94,85,70
061 99 00 0.7 58,43,36
061 99 00 0.7 24,16,25
061 99 01 0.7 57,116,172
061 99 06 0.7 219,252,280
061 99 07 0.8 299,302,279
061 99 08 0.8 265,247,233
061 99 04 0.8 217,210,203
061 99 02 0.8 194,182,160
061 99 00 0.8 146,129,120
061 99 00 0.8 107,101,88
061 99 00 0.8 74,56,42
061 99 00 0.8 36,25,19
061 99 00 0.8 28,65,122
061 99 06 0.8 178,224,259
061 99 08 0.8 282,294,294
061 99 08 0.8 268,255,240
061 99 05 0.8 225,210,194
061 99 02 0.8 181,170,159
061 99 00 0.8 145,132,119
061 99 00 0.8 107,90,75
061 99 00 0.8 56,43,31
061 99 00 0.8 22,11,1
061 99 00 0.8 1,20,60
061 99 04 0.8 113,164,207
061 99 08 0.8 238,260,274
061 99 08 0.8 278,271,256
061 99 06 0.8 239,225,216
061 99 03 0.8 204,196,178
061 99 01 0.8 166,153,142
061 99 00 0.8 129,112,98
061 99 00 0.8 83,73,63
061 99 00 0.8 49,39,52
061 99 00 0.8 86,139,184
061 99 07 0.8 224,250,268
063 99 08 0.6 272,227,212
063 99 04 0.6 196,180,168
063 99 02 0.6 158,146,133
063 99 01 0.6 114,97,87
063 99 00 0.6 76,64,50
063 99 00 0.6 38,31,19
063 99 00 0.6 6,0,0
063 99 00 0.6 0,34,88
063 99 04 0.6 132,160,170
063 99 05 0.5 174,188,177
063 99 03 0.5 163,147,137
063 99 02 0.5 131,121,112
063 99 01 0.5 99,92,76
063 99 00 0.5 59,43,33
063 99 00 0.5 26,12,0
063 99 00 0.5 0,0,0
063 99 00 0.5 0,0,0
063 99 00 0.5 0,1,55
063 99 04 0.5 102,131,147
063 99 06 0.6 158,161,219
063 99 03 0.6 203,187,174
063 99 02 0.6 159,149,134
063 99 02 0.6 127,111,99
063 99 01 0.6 81,69,53
063 99 01 0.6 38,22,8
063 99 01 0.6 0,0,0
063 99 01 0.6 0,0,0
063 99 01 0.6 0,0,0
063 99 02 0.6 4,56,102
063 99 04 0.6 130,147,152
061 99 04 0.6 218,212,200
061 99 03 0.6 189,174,158
061 99 02 0.6 140,126,118
061 99 01 0.6 109,96,78
061 99 01 0.6 59,39,29
061 99 01 0.6 21,17,1
061 99 01 0.6 0,0,0
061 99 01 0.6 0,0,0
061 99 01 0.6 0,0,19
061 99 03 0.6 73,110,132
061 99 04 0.6 140,141,206
061 99 03 0.6 198,190,178
061 99 02 0.6 162,150,137
061 99 02 0.6 126,111,99
061 99 01 0.6 86,71,55
061 99 01 0.6 39,27,15
061 99 01 0.6 8,0,0
061 99 01 0.6 0,0,0
061 99 01 0.6 0,0,0
061 99 01 0.6 0,28,76
061 99 04 0.6 114,135,147
061 99 04 0.6 149,150,221
061 99 03 0.6 215,203,194
061 99 02 0.6 183,173,157
061 99 02 0.6 140,127,114
061 99 01 0.6 101,93,87
061 99 01 0.6 80,60,45
061 99 01 0.6 30,20,9
061 99 01 0.6 0,0,0
061 99 01 0.6 3,38,86
061 99 03 0.6 124,158,177
061 99 04 0.6 186,203,195
061 99 03 0.6 188,179,171
061 99 02 0.6 162,154,148
061 99 02 0.6 135,123,110
061 99 02 0.6 101,90,75
061 99 01 0.6 63,48,38
061 99 01 0.6 24,17,2
061 99 01 0.6 0,0,0
061 99 01 0.6 8,59,105
061 99 03 0.6 144,167,187
061 99 04 0.6 194,194,209
061 99 03 0.6 197,184,175
061 99 02 0.6 162,155,140
061 99 02 0.6 134,116,104
061 99 01 0.6 89,83,75
061 99 01 0.6 69,60,47
061 99 01 0.6 30,17,8
061 99 01 0.6 2,0,0
061 99 01 0.6 24,66,122
061 99 03 0.6 162,196,214
061 99 04 0.6 224,222,220
061 99 03 0.6 207,191,179
061 99 02 0.6 166,159,141
061 99 02 0.6 127,111,97
061 99 01 0.6 87,72,64
061 99 01 0.6 52,43,28
061 99 01 0.6 15,0,0
061 99 01 0.6 0,0,0
061 99 01 0.6 0,30,87
061 99 03 0.6 135,161,179
061 99 04 0.6 185,188,208
061 99 03 0.6 198,183,171
061 99 02 0.6 164,155,144
061 99 02 0.6 134,122,111
061 99 01 0.6 95,83,72
061 99 01 0.6 60,48,30
061 99 01 0.6 17,5,0
061 99 01 0.6 0,0,0

1!0!0!0
2!2!2!2!1!1!1!1!1!1!1!1!1!1!1!1!1!1!1!