177628!20190824_231333!1!1
3.05!3.5!3.27!3.51!3.57!3.53!
92!30!99!601!108
301.8 3.32 176 100

030 70 02 1.0 550,571,571
030 70 08 1.0 554,511,469
030 70 05 1.0 448,453,459
030 70 04 1.0 460,456,468
030 70 05 1.0 491,521,534
030 70 07 0.6 535,196,192
030 70 03 0.6 186,190,198
030 70 04 0.6 225,287,386
030 70 06 0.6 485,549,571
030 70 07 1.1 570,374,365
030 70 07 1.1 363,371,377
030 70 06 1.1 380,374,360
030 70 04 1.1 350,342,338
030 70 03 1.1 338,345,351
030 70 03 1.1 341,318,300
030 70 02 1.1 297,321,379
030 70 06 1.1 472,557,612
030 70 08 0.9 620,620,312
030 70 07 0.9 300,290,291
030 70 05 0.9 302,308,309
030 70 04 0.9 302,285,265
030 70 02 0.9 240,215,190
030 70 00 0.9 173,158,150
030 70 00 0.9 140,146,180
030 70 03 0.9 263,361,441
097 92 08 1.1 491,516,518
097 92 08 1.1 369,353,347
097 92 06 1.1 340,339,339
097 92 04 1.1 337,324,304
097 92 02 1.1 278,252,224
097 92 00 1.1 195,167,148
097 92 00 1.1 123,88,58
097 92 00 1.1 65,119,188
097 92 03 0.6 239,252,187
097 92 03 0.6 156,120,79
097 92 00 0.6 42,22,3
097 92 00 0.6 0,0,0
097 92 00 0.6 0,0,0
097 92 00 0.6 0,0,0
097 92 00 0.6 0,0,0
097 92 00 0.6 0,0,0
097 92 06 0.6 44,133,184
097 92 08 1.2 207,214,214
097 92 08 1.2 420,421,435
097 92 07 1.2 451,461,464
097 92 06 1.2 461,461,457
097 92 04 1.2 451,446,446
097 92 03 1.2 439,433,423
097 92 02 1.2 420,427,475
097 92 06 1.2 568,683,778
098 92 04 1.3 836,866,872
098 92 07 1.3 446,436,433
098 92 08 1.3 443,452,455
098 92 06 1.3 450,436,426
098 92 04 1.3 405,388,369
098 92 02 1.3 355,345,335
098 92 01 1.3 325,313,313
098 92 02 1.3 358,445,552
098 92 08 1.3 630,677,696
098 92 08 1.1 384,366,345
098 92 06 1.1 334,332,329
098 92 04 1.1 322,313,298
098 92 02 1.1 281,261,248
098 92 01 1.1 231,211,180
098 92 00 1.1 158,137,132
098 92 00 1.1 132,171,241
098 92 05 1.1 337,403,442
098 92 08 0.9 451,452,303
098 92 05 0.9 284,270,270
098 92 04 0.9 273,272,262
098 92 03 0.9 247,220,196
098 92 01 0.9 168,145,124
098 92 00 0.9 105,90,73
098 92 00 0.9 59,62,111
098 92 03 0.9 201,300,363
099 92 08 1.0 391,394,332
099 92 06 1.0 311,294,284
099 92 04 1.0 285,284,281
099 92 03 1.0 270,257,239
099 92 01 1.0 214,190,170
099 92 00 1.0 154,134,110
099 92 00 1.0 87,81,108
099 92 02 1.0 191,302,403
099 92 08 1.0 468,499,514
099 92 08 1.3 432,424,410
099 92 06 1.3 404,410,414
099 92 05 1.3 412,394,379
099 92 03 1.3 356,335,308
099 92 01 1.3 285,263,237
099 92 00 1.3 217,201,206
099 92 01 1.3 249,338,451
099 92 07 1.3 545,606,631
099 92 08 1.3 634,418,396
099 92 06 1.3 378,369,368
099 92 04 1.3 362,351,332
099 92 02 1.3 311,284,258
099 92 00 1.3 236,220,206
099 92 00 1.3 187,172,153
099 92 00 1.3 159,204,306
099 92 06 1.3 418,497,537
090 92 08 1.2 548,547,381
090 92 07 1.2 370,360,357
090 92 05 1.2 360,365,360
090 92 03 1.2 341,315,292
090 92 01 1.2 268,245,223
090 92 00 1.2 202,184,160
090 92 00 1.2 137,143,199
090 92 03 1.2 295,390,452
090 92 08 1.0 480,480,329
090 92 06 1.0 307,291,281
090 92 04 1.0 280,271,259
090 92 02 1.0 234,208,176
090 92 00 1.0 149,120,95
090 92 00 1.0 72,54,38
090 92 00 1.0 11,0,28
090 92 01 1.0 90,21,0
090 92 01 1.0 0,0,0
090 92 00 1.0 0,0,0
090 92 00 1.0 0,0,0
090 92 00 1.0 0,0,0
090 92 00 1.0 0,0,0
090 92 02 1.0 0,0,464
090 92 07 1.0 2999,4614,5891
090 92 07 22.2 6204,7072,5602
090 92 03 22.2 3899,3974,4067
090 92 02 22.2 3617,2831,1851
090 92 00 22.2 855,14,0
090 92 00 22.2 0,0,0
090 92 00 22.2 0,0,0
090 92 00 22.2 0,0,0
090 92 00 22.2 0,0,0
090 92 00 22.2 0,0,0
090 92 03 22.2 0,0,80
081 93 07 8.1 154,3055,2851
081 93 06 8.1 2643,2516,2479
081 93 08 8.1 2469,2432,2348
081 93 01 8.1 2226,2076,1928
081 93 00 8.1 1797,1699,1605
081 93 00 8.1 1491,1357,1209
081 93 00 8.1 1130,1282,1723
081 93 04 8.1 2293,2734,2938
081 93 07 4.8 2963,1737,1568
081 93 06 4.8 1393,1286,1250
081 93 06 4.8 1245,1203,1120
081 93 00 4.8 1003,884,756
081 93 00 4.8 630,511,409
081 93 01 4.8 324,237,153
081 93 00 4.8 99,279,797
081 93 03 4.8 1529,2190,2608
081 93 05 7.3 2823,2861,2661
081 93 06 7.3 2486,2341,2278
081 93 07 7.3 2283,2287,2239
081 93 07 7.3 2133,1980,1805
081 93 00 7.3 1622,1465,1350
081 93 00 7.3 1266,1188,1097
081 93 01 7.3 1016,1072,1433
081 93 06 7.3 2067,2723,3148
078 93 05 6.5 3339,3404,3386
078 93 06 6.5 2270,2106,1968
078 93 05 6.5 1895,1863,1818
078 93 05 6.5 1724,1590,1423
078 93 00 6.5 1257,1087,942
078 93 00 6.5 810,702,590
078 93 00 6.5 493,516,812
078 93 04 6.5 1332,1864,2193
078 93 08 5.1 2315,2307,1731
078 93 06 5.1 1577,1410,1299
078 93 06 5.1 1256,1238,1198
078 93 00 5.1 1107,983,833
078 93 00 5.1 677,524,383
078 93 00 5.1 252,124,0
078 93 00 5.1 0,0,358
078 93 05 5.1 930,1434,1707
078 93 08 5.3 1803,1806,1848
078 93 06 5.3 1726,1582,1475
078 93 06 5.3 1419,1385,1336
078 93 01 5.3 1248,1128,986
078 93 00 5.3 840,698,567
078 93 00 5.3 446,330,214
078 93 00 5.3 153,317,753
078 93 04 5.3 1306,1732,1943
076 93 07 5.2 2021,2016,1791
076 93 06 5.2 1660,1528,1442
076 93 06 5.2 1406,1380,1321
076 93 01 5.2 1221,1094,952
076 93 00 5.2 807,665,531
076 93 00 5.2 406,287,179
076 93 01 5.2 189,462,974
076 93 06 5.2 1508,1856,2016
076 93 07 5.3 2065,1882,1781
076 93 06 5.3 1641,1525,1462
076 93 07 5.3 1441,1401,1335
076 93 00 5.3 1224,1092,947
076 93 00 5.3 805,674,550
076 93 00 5.3 429,310,207
076 93 00 5.3 264,607,1146
076 93 06 5.3 1651,1938,2061
076 94 06 5.3 2089,1836,1711
076 94 05 5.3 1564,1460,1417
076 94 05 5.3 1390,1348,1260
076 94 00 5.3 1145,997,845
076 94 00 5.3 690,549,417
076 94 00 5.3 295,177,87
076 94 00 5.3 181,562,1123
076 94 06 5.3 1610,1874,1970
076 94 05 5.3 1960,1781,1628
076 94 06 5.3 1482,1386,1351
076 94 04 5.3 1320,1263,1160
076 94 00 5.3 1022,867,710
076 94 00 5.3 568,436,314
076 94 00 5.3 190,64,0
076 94 00 5.3 9,345,877
076 94 04 5.3 1375,1636,1701
076 94 04 4.9 1695,1565,1387
076 94 04 4.9 1225,1133,1107
076 94 02 4.9 1093,1050,963
076 94 00 4.9 838,690,528
076 94 00 4.9 371,223,84
076 94 00 4.9 0,0,0
076 94 01 4.9 0,125,649
076 94 04 4.6 1110,1330,1364
076 94 04 4.6 1589,1442,1273
076 94 04 4.6 1134,1061,1024
076 94 01 4.6 969,867,716
076 94 00 4.6 558,393,243
076 94 00 4.6 87,0,0
076 94 01 4.6 0,0,0
076 94 01 4.6 0,0,618
076 94 05 4.6 1152,1436,1542
072 95 04 6.0 1535,2085,1933
072 95 03 6.0 1788,1706,1684
072 95 04 6.0 1671,1624,1531
072 95 01 6.0 1409,1263,1106
072 95 00 6.0 947,793,654
072 95 00 6.0 517,390,273
072 95 00 6.0 293,640,1252
072 95 05 6.0 1898,2303,2489
072 95 04 6.2 2530,2224,2091
072 95 04 6.2 1924,1794,1735
072 95 05 6.2 1722,1692,1610
072 95 01 6.2 1482,1326,1155
072 95 00 6.2 983,820,673
072 95 00 6.2 540,405,271
072 95 00 6.2 170,306,777
072 95 03 6.2 1446,2013,2311
072 95 04 6.2 2408,2209,2083
072 95 04 6.2 1902,1731,1632
072 95 04 6.2 1600,1586,1540
072 95 01 6.2 1445,1304,1142
072 95 00 6.2 962,796,642
072 95 00 6.2 514,391,274
072 95 00 6.2 156,123,362
072 95 01 6.2 900,1533,1967
072 95 03 5.6 2136,2123,1886
072 95 04 5.6 1696,1514,1403
072 95 03 5.6 1367,1360,1329
072 95 01 5.6 1256,1143,1004
072 95 00 5.6 843,678,517
072 95 00 5.6 376,251,133
072 95 00 5.6 17,0,177
072 95 01 5.6 717,1403,1931
072 95 05 6.4 2193,2267,2265
072 95 06 6.4 2132,1956,1811
072 95 07 6.4 1742,1727,1710
072 95 05 6.4 1649,1544,1403
072 95 00 6.4 1244,1077,912
072 95 00 6.4 758,621,487
072 95 00 6.4 353,226,260
072 95 00 6.4 638,1308,2005
072 95 06 6.4 2464,2684,2745
072 95 06 7.0 2491,2349,2176
072 95 04 7.0 2049,2014,2031
072 95 02 7.0 2057,2054,1988
072 95 03 7.0 1830,1631,1479
072 95 00 7.0 1374,1258,1115
072 95 00 7.0 963,816,706
072 95 00 7.0 812,1260,1928
072 95 04 7.0 2534,2855,2936
072 95 04 6.3 2175,2044,1876
072 95 05 6.3 1708,1613,1589
072 95 04 6.3 1599,1589,1526
072 95 01 6.3 1398,1222,1022
072 95 00 6.3 830,658,515
072 95 00 6.3 381,237,94
072 95 01 6.3 7,158,616
072 95 04 6.3 1237,1737,1965
072 95 05 5.6 1999,1898,1736
072 95 04 5.6 1557,1436,1403
072 95 03 5.6 1400,1368,1281
072 95 00 5.6 1151,999,828
072 95 00 5.6 653,499,370
072 95 00 5.6 261,152,36
072 95 00 5.6 0,74,517
072 95 03 5.6 1166,1738,2057
074 96 04 6.3 2171,2152,2093
074 96 05 6.3 1921,1766,1674
074 96 05 6.3 1644,1616,1555
074 96 02 6.3 1450,1311,1148
074 96 00 6.3 982,820,675
074 96 00 6.3 547,432,317
074 96 00 6.3 202,183,450
074 96 02 6.3 1019,1681,2164
074 96 05 6.6 2411,2500,2493
074 96 07 6.6 2221,2068,1928
074 96 06 6.6 1858,1832,1794
074 96 06 6.6 1722,1602,1456
074 96 00 6.6 1292,1129,979
074 96 00 6.6 856,763,701
074 96 00 6.6 604,466,414
074 96 00 6.6 689,1255,1861
074 96 07 6.6 2261,2458,2530
074 96 06 6.1 2084,1949,1787
074 96 07 6.1 1671,1623,1598
074 96 06 6.1 1537,1430,1266
074 96 01 6.1 1084,885,702
074 96 00 6.1 531,384,247
074 96 01 6.1 116,0,0
074 96 00 6.1 35,488,1128
074 96 05 6.1 1679,1979,2085
074 96 06 6.3 2060,2036,1853
074 96 07 6.3 1682,1579,1541
074 96 04 6.3 1514,1441,1327
074 96 00 6.3 1172,1010,836
074 96 00 6.3 674,529,411
074 96 00 6.3 300,189,64
074 96 00 6.3 0,143,592
074 96 03 6.3 1199,1687,1924
074 96 06 5.6 1958,1863,1667
074 96 05 5.6 1451,1303,1242
074 96 01 5.6 1231,1190,1109
074 96 00 5.6 975,817,632
074 96 00 5.6 452,290,148
074 96 01 5.6 17,0,0
074 96 00 5.6 0,0,141
074 96 04 5.6 782,1380,1730
074 96 06 6.3 1863,1859,2121
074 96 07 6.3 1950,1779,1678
074 96 07 6.3 1642,1618,1556
074 96 01 6.3 1449,1299,1128
074 96 00 6.3 944,775,619
074 96 00 6.3 494,378,268
074 96 00 6.3 140,69,243
074 96 03 6.3 752,1428,1980
074 96 08 6.5 2270,2371,2273
074 96 07 6.5 2150,1967,1807
074 96 05 6.5 1714,1677,1639
074 96 04 6.5 1567,1451,1300
074 96 00 6.5 1128,941,763
074 96 00 6.5 597,454,313
074 96 00 6.5 173,35,14
074 96 00 6.5 299,884,1547
074 96 08 6.5 2010,2223,2261
073 96 06 6.4 2191,2026,1841
073 96 06 6.4 1698,1638,1622
073 96 04 6.4 1591,1509,1374
073 96 00 6.4 1207,1028,848
073 96 00 6.4 678,522,376
073 96 01 6.4 238,103,0
073 96 01 6.4 57,436,1053
073 96 07 6.4 1645,1979,2079
073 96 06 5.9 2035,1882,1679
073 96 05 5.9 1514,1440,1435
073 96 06 5.9 1428,1377,1272
073 96 00 5.9 1129,966,795
073 96 00 5.9 637,490,363
073 96 00 5.9 242,122,13
073 96 00 5.9 34,355,938
073 96 08 5.9 1548,1930,2065
073 96 05 5.9 2043,1894,1646
073 96 04 5.9 1396,1288,1330
073 96 06 5.9 1425,1496,1519
073 96 08 5.9 1478,1355,1192
073 96 00 5.9 1065,966,862
073 96 00 5.9 734,605,508
073 96 00 5.9 526,847,1453
073 96 05 5.9 2122,2562,2735
073 96 04 6.5 2753,2195,2054
073 96 05 6.5 1843,1664,1563
073 96 05 6.5 1541,1506,1419
073 96 00 6.5 1293,1142,985
073 96 00 6.5 829,687,575
073 96 00 6.5 480,384,272
073 96 00 6.5 180,288,725
073 96 04 6.5 1382,1978,2322
073 96 08 6.6 2453,2460,2179
073 96 04 6.6 2004,1813,1688
073 96 05 6.6 1636,1613,1556
073 96 01 6.6 1447,1297,1125
073 96 00 6.6 941,766,600
073 96 00 6.6 460,322,191
073 96 02 6.6 66,54,344
073 96 02 6.6 920,1572,2004
073 96 03 6.2 2178,2166,2008
073 96 06 6.2 1816,1627,1506
073 96 05 6.2 1462,1452,1411
073 96 01 6.2 1322,1186,1025
073 96 00 6.2 845,666,498
073 96 00 6.2 350,213,72
073 96 01 6.2 0,0,174
073 96 02 6.2 784,1495,2014
073 96 04 7.1 2266,2347,2423
073 96 07 7.1 2282,2096,1941
073 96 07 7.1 1868,1838,1801
073 96 04 7.1 1717,1590,1422
073 96 00 7.1 1240,1048,880
073 96 00 7.1 730,601,469
073 96 01 7.1 329,260,466
073 96 01 7.1 1020,1737,2306
073 96 05 7.1 2602,2699,2673
073 96 07 7.1 2289,2104,1934
073 96 05 7.1 1838,1801,1771
073 96 04 7.1 1695,1565,1396
073 96 00 7.1 1197,1000,809
073 96 00 7.1 644,486,340
073 96 00 7.1 190,75,163
073 96 00 7.1 603,1289,1921
073 96 07 6.8 2284,2414,2406
073 96 04 6.8 2229,2050,1866
073 96 05 6.8 1750,1709,1685
073 96 05 6.8 1629,1517,1364
073 96 00 6.8 1179,985,801
073 96 00 6.8 632,487,346
073 96 00 6.8 209,73,48
073 96 00 6.8 333,923,1595
073 96 05 6.4 2045,2228,2231
073 96 07 6.4 2092,1908,1714
073 96 06 6.4 1589,1553,1557
073 96 04 6.4 1554,1496,1383
073 96 00 6.4 1238,1108,1009
073 96 00 6.4 921,839,752
073 96 00 6.4 640,513,488
073 96 00 6.4 764,1318,1925
073 96 07 5.8 2306,2438,1930
073 96 06 5.8 1794,1605,1439
073 96 06 5.8 1364,1360,1367
073 96 05 5.8 1327,1242,1122
073 96 00 5.8 972,805,636
073 96 00 5.8 491,366,244
073 96 00 5.8 115,0,13
073 96 00 5.8 379,1038,1730
073 96 06 7.2 2175,2362,2390
073 96 06 7.2 2341,2177,1993
073 96 07 7.2 1867,1824,1808
073 96 07 7.2 1769,1677,1553
073 96 00 7.2 1390,1212,1014
073 96 00 7.2 826,650,483
073 96 01 7.2 322,177,171
073 96 00 7.2 505,1141,1823
073 96 06 6.8 2257,2422,2428
073 96 05 6.8 2182,1994,1765
073 96 04 6.8 1595,1528,1532
073 96 02 6.8 1527,1474,1372
073 96 00 6.8 1232,1068,902
073 96 01 6.8 745,596,452
073 96 00 6.8 310,202,250
073 96 00 6.8 610,1204,1778
073 96 04 5.8 2094,2149,1858
073 96 04 5.8 1655,1412,1194
073 96 01 5.8 1069,1031,1013
073 96 00 5.8 959,854,705
073 96 01 5.8 528,340,157
073 96 00 5.8 0,0,0
073 96 00 5.8 0,0,0
073 96 01 5.8 382,1113,1652
073 96 03 7.3 1911,1984,2447
073 96 05 7.3 2312,2136,1984
073 96 04 7.3 1905,1877,1845
073 96 03 7.3 1770,1647,1489
073 96 00 7.3 1313,1127,948
073 96 00 7.3 780,621,461
073 96 01 7.3 326,363,756
073 96 03 7.3 1433,2120,2553
073 96 04 7.3 2730,2757,2364
073 96 04 7.3 2197,2006,1872
073 96 04 7.3 1821,1805,1764
073 96 02 7.3 1677,1541,1378
073 96 00 7.3 1199,1032,875
073 96 00 7.3 734,595,469
073 96 00 7.3 403,582,1070
073 96 04 7.3 1708,2208,2440
073 96 04 6.2 2481,1990,1817
073 96 07 6.2 1608,1449,1368
073 96 02 6.2 1345,1311,1237
073 96 00 6.2 1114,961,786
073 96 00 6.2 611,450,303
073 96 00 6.2 166,35,0
073 96 00 6.2 72,534,1213
073 96 06 6.2 1829,2188,2339
074 96 05 7.2 2357,2321,2152
074 96 05 7.2 1965,1841,1790
074 96 07 7.2 1766,1710,1603
074 96 00 7.2 1455,1288,1113
074 96 00 7.2 942,784,640
074 96 00 7.2 504,370,317
074 96 00 7.2 551,1109,1799
074 96 07 7.2 2328,2604,2711
074 96 07 7.3 2695,2268,2087
074 96 06 7.3 1917,1817,1773
074 96 06 7.3 1729,1645,1511
074 96 00 7.3 1346,1160,972
074 96 00 7.3 795,636,491
074 96 01 7.3 348,213,197
074 96 00 7.3 493,1080,1733
074 96 07 7.3 2178,2384,2426
074 96 05 6.8 2182,2018,1820
074 96 05 6.8 1661,1579,1540
074 96 02 6.8 1493,1403,1267
074 96 01 6.8 1100,914,724
074 96 00 6.8 551,394,251
074 96 01 6.8 106,0,0
074 96 00 6.8 271,841,1453
074 96 05 6.1 1838,1969,1983
074 96 04 6.1 1844,1642,1449
074 96 03 6.1 1330,1293,1284
074 96 01 6.1 1241,1142,995
074 96 00 6.1 823,640,464
074 96 00 6.1 296,148,2
074 96 01 6.1 0,0,0
074 96 01 6.1 366,1009,1553
074 96 03 6.4 1830,1899,2060
074 96 05 6.4 1895,1685,1505
074 96 04 6.4 1412,1389,1370
074 96 00 6.4 1303,1176,1014
074 96 00 6.4 826,634,447
074 96 00 6.4 283,133,0
074 96 00 6.4 0,0,13
074 96 01 6.4 591,1308,1853
074 96 07 7.2 2119,2192,2367
074 96 06 7.2 2212,2008,1826
074 96 06 7.2 1737,1705,1677
074 96 02 7.2 1599,1471,1299
074 96 00 7.2 1109,908,723
074 96 01 7.2 546,387,236
074 96 00 7.2 86,14,227
074 96 03 7.2 793,1505,2049
074 96 07 7.0 2306,2367,2282
074 96 04 7.0 2118,1905,1730
074 96 05 7.0 1639,1615,1593
074 96 01 7.0 1518,1390,1220
074 96 00 7.0 1027,822,630
074 96 00 7.0 459,310,164
074 96 00 7.0 21,0,141
074 96 03 7.0 682,1389,1940
074 96 06 6.9 2204,2258,2231
074 96 05 6.9 2052,1828,1654
074 96 07 6.9 1576,1571,1561
074 96 02 6.9 1499,1378,1214
074 96 00 6.9 1021,826,647
074 96 00 6.9 496,354,219
074 96 00 6.9 83,0,128
074 96 02 6.9 587,1239,1790
074 96 06 6.3 2059,2095,1983
074 96 08 6.3 1778,1553,1397
074 96 04 6.3 1346,1354,1347
074 96 01 6.3 1287,1179,1032
074 96 00 6.3 862,681,516
074 96 00 6.3 363,223,85
074 96 00 6.3 0,0,121
074 96 01 6.3 680,1373,1896
074 96 07 6.8 2130,2161,2175
074 96 06 6.8 1994,1789,1633
074 96 06 6.8 1571,1563,1543
074 96 02 6.8 1476,1353,1193
074 96 00 6.8 1008,813,629
074 96 00 6.8 465,320,186
074 96 00 6.8 46,0,193
074 96 01 6.8 770,1516,2109
074 96 05 7.5 2409,2501,2480
074 96 06 7.5 2338,2139,1963
074 96 05 7.5 1873,1855,1840
074 96 03 7.5 1777,1661,1500
074 96 00 7.5 1311,1111,926
074 96 00 7.5 761,617,478
074 96 02 7.5 339,220,300
074 96 00 7.5 738,1438,2099
074 96 04 7.3 2488,2629,2616
074 96 05 7.3 2276,2075,1878
074 96 07 7.3 1761,1730,1723
074 96 04 7.3 1679,1574,1419
074 96 00 7.3 1237,1037,847
074 96 00 7.3 672,521,384
074 96 01 7.3 247,114,101
074 96 00 7.3 406,1031,1731
075 96 06 7.1 2209,2408,2421
075 96 04 7.1 2239,2053,1847
075 96 05 7.1 1700,1644,1634
075 96 05 7.1 1604,1517,1374
075 96 00 7.1 1190,984,780
075 96 00 7.1 597,439,295
075 96 00 7.1 157,17,0
075 96 00 7.1 23,488,1182
075 96 06 7.1 1791,2111,2184
075 96 04 6.8 2188,2005,1790
075 96 07 6.8 1624,1555,1550
075 96 04 6.8 1547,1498,1393
075 96 00 6.8 1244,1062,873
075 96 00 6.8 691,533,395
075 96 00 6.8 264,135,34
075 96 01 6.8 123,547,1198
075 96 05 6.8 1796,2117,2195
075 96 06 6.5 2093,1914,1699

1!0!0!0
1!2!1!1!1!1!1!1!1!1!1!1!1!1!1!1!1!1!1!