100001!20190906_122616!1!0
1.69!0.37!0.99!0.7!0.55!1.47!
97!30!99!38!461
246.6 1.78 102 92

093 98 05 5.5 1606,1656,1725
093 98 07 5.5 1765,1732,1626
093 98 07 5.5 1481,1344,1244
093 98 00 5.5 1175,1113,1033
093 98 00 5.5 920,797,889
093 98 01 5.5 1301,1887,2320
093 98 05 5.5 2472,2499,2552
093 98 05 6.6 2631,2678,2674
093 98 07 6.6 1877,1881,1862
093 98 07 6.6 1819,1775,1779
093 98 07 6.6 1813,1824,1765
093 98 06 6.6 1643,1490,1421
093 98 00 6.6 1645,2172,2791
093 98 06 6.6 3202,3384,3488
093 98 07 8.2 3588,3642,2204
093 98 05 8.2 2138,2070,1974
093 98 06 8.2 1832,1642,1437
093 98 01 8.2 1244,1087,955
093 98 00 8.2 832,702,572
093 98 00 8.2 446,324,200
093 98 00 8.2 119,303,803
099 98 02 7.1 1466,2029,0
099 98 00 7.1 0,0,0
099 98 00 7.1 0,0,0
099 98 00 7.1 0,0,0
099 98 00 7.1 0,0,0
099 98 00 2.5 0,0,345
099 98 00 2.5 0,0,0
099 98 00 2.5 0,0,0
099 98 00 2.5 0,0,0
099 98 00 2.5 0,0,0
099 98 01 2.5 0,0,0
099 98 08 2.5 0,0,0
099 98 04 6.7 0,2725,2730
099 98 07 6.7 2720,2664,2576
099 98 07 6.7 2506,2447,2379
099 98 00 6.7 2267,2130,1966
099 98 00 6.7 1789,1608,1442
099 98 00 6.7 1289,1113,868
099 98 00 6.7 611,666,1158
090 98 03 4.2 1848,2249,2208
090 98 05 4.2 1352,1064,854
090 98 00 4.2 712,598,484
090 98 00 4.2 337,141,0
090 98 00 4.2 0,0,0
090 98 00 4.2 0,0,0
090 98 00 4.2 0,0,0
090 98 00 4.2 0,0,0
090 98 00 4.2 0,0,0
090 98 00 4.2 0,0,0
090 98 07 5.7 390,677,692
090 98 05 5.7 2406,2496,2621
090 98 08 5.7 2709,2758,2854
090 98 07 5.7 3026,3251,3517
090 98 06 5.7 3770,4054,4376
090 98 06 5.7 4743,5020,5124
090 98 06 6.8 2672,2540,2381
090 98 05 6.8 2221,2081,1966
090 98 06 6.8 1865,1744,1632
090 98 00 6.8 1743,2104,2509
090 98 08 6.8 2662,2563,2410
090 98 07 6.8 2320,2274,2246
090 98 06 6.8 2221,2208,2191
090 98 02 6.8 2119,1989,1826
090 98 00 6.8 1645,1510,1458
090 98 00 6.8 1453,1398,1227
090 98 00 6.8 956,617,245
090 98 00 6.8 0,0,0
090 98 00 6.8 0,0,4
090 98 02 6.8 1120,2188,2683
075 98 06 8.7 2696,3290,3032
075 98 04 8.7 2906,2979,3193
075 98 05 8.7 3404,3496,3480
075 98 04 8.7 3364,3216,3129
075 98 05 8.7 3100,3091,3026
075 98 03 8.7 2890,2670,2337
075 98 00 8.7 1978,1652,1391
075 98 00 8.7 1154,957,1119
075 98 00 8.7 1732,2551,3083
075 98 05 5.6 3174,2031,1785
075 98 03 5.6 1534,1346,1251
075 98 00 5.6 1245,1258,1169
075 98 00 5.6 1010,827,641
075 98 00 5.6 440,260,135
075 98 01 5.6 19,0,0
075 98 00 5.6 0,0,0
075 98 01 5.6 0,0,0
075 98 03 4.6 580,923,907
075 98 04 4.6 1642,1524,1540
075 98 03 4.6 1634,1752,1806
075 98 06 4.6 1771,1618,1383
075 98 02 4.6 1134,944,831
075 98 00 4.6 782,746,684
075 98 00 4.6 566,435,299
075 98 00 4.6 163,70,331
075 98 02 4.6 1004,1841,2392
073 98 07 6.1 2544,2442,2414
073 98 05 6.1 2406,2401,2372
073 98 07 6.1 2388,2428,2428
073 98 06 6.1 2308,2124,1937
073 98 01 6.1 1830,1755,1681
073 98 00 6.1 1601,1508,1422
073 98 00 6.1 1323,1212,1123
073 98 00 6.1 1314,1890,2650
073 98 06 5.6 3188,3340,3334
073 98 05 5.6 2252,2355,2424
073 98 07 5.6 2411,2363,2292
073 98 06 5.6 2203,2073,1971
073 98 06 5.6 1955,1990,2009
073 98 05 5.6 1952,1858,1720
073 98 00 5.6 1520,1277,1026
073 98 00 5.6 773,578,658
073 98 00 5.6 1141,1818,2343
073 98 07 5.1 2544,2548,1997
073 98 05 5.1 2046,2141,2260
073 98 05 5.1 2497,2848,3201
073 98 04 5.1 3590,3999,4445
076 97 04 7.8 4731,4849,2799
076 97 05 7.8 2589,2246,1809
076 97 04 7.8 1327,829,323
076 97 00 7.8 0,0,0
076 97 00 7.8 0,676,1910
076 97 06 7.8 2423,2479,2493
076 97 07 9.6 2550,2587,3580
076 97 07 9.6 3443,3174,2796
076 97 00 9.6 2387,2052,1807
076 97 00 9.6 1618,1473,1321
076 97 00 9.6 1101,715,297
076 97 00 9.6 0,0,0
076 97 00 9.6 0,0,0
076 97 00 9.6 0,0,9
076 97 03 9.6 882,1440,1616
076 97 06 9.6 1634,1698,1858
076 97 06 9.6 2070,2226,2296
076 97 04 8.6 3337,3261,3174
076 97 06 8.6 3076,2986,2926
076 97 06 8.6 2896,2886,2856
076 97 05 8.6 2808,2718,2621
076 97 00 8.6 2523,2455,2397
076 97 00 8.6 2330,2240,2227
076 97 00 8.6 2534,3193,3956
076 97 00 8.6 4436,4569,4573
076 97 06 8.6 4616,4714,4789
073 97 04 7.1 4826,4814,2548
073 97 05 7.1 2416,2237,2047
073 97 04 7.1 1886,1759,1644
073 97 00 7.1 1525,1399,1257
073 97 00 7.1 1088,892,696
073 97 00 7.1 521,372,227
073 97 00 7.1 81,111,508
073 97 03 7.1 1187,1809,2083
073 97 05 5.6 2082,1965,1960
073 97 08 5.6 2012,2061,2097
073 97 04 5.6 2099,2048,1932
073 97 05 5.6 1778,1631,1525
073 97 00 5.6 1455,1383,1296
073 97 00 5.6 1178,1045,891
073 97 00 5.6 728,562,392
073 97 01 5.6 311,543,1131
073 97 06 5.6 1835,2280,2378
073 97 06 5.7 2006,1964,1989
073 97 08 5.7 2050,2096,2117
073 97 04 5.7 2073,1960,1793
073 97 03 5.7 1617,1466,1361
073 97 00 5.7 1286,1228,1161
073 97 00 5.7 1067,936,830
073 97 00 5.7 998,1516,2199
072 97 07 5.5 2668,2796,1922
072 97 06 5.5 1879,1895,1942
072 97 08 5.5 1999,2051,2048
072 97 05 5.5 1966,1818,1650
072 97 03 5.5 1506,1411,1352
072 97 00 5.5 1296,1212,1092
072 97 00 5.5 1091,1419,2045
072 97 06 5.5 2660,2966,3015
072 97 05 5.7 1962,2014,2061
072 97 05 5.7 2063,2040,2022
072 97 06 5.7 1978,1881,1743
072 97 05 5.7 1593,1465,1364
072 97 00 5.7 1286,1198,1074
072 97 00 5.7 934,999,1423
072 97 03 5.7 2083,2616,2822
072 97 05 5.7 2859,2918,3006
072 97 07 6.3 3013,2021,1922
072 97 05 6.3 1856,1776,1660
072 97 04 6.3 1504,1339,1190
072 97 00 6.3 1048,920,797
072 97 00 6.3 675,540,376
072 97 00 6.3 225,292,753
072 97 03 6.3 1437,1977,2174
072 97 04 6.3 2232,2335,2454
072 97 08 6.8 2466,2147,2015
072 97 06 6.8 1914,1832,1719
072 97 04 6.8 1576,1419,1273
072 97 00 6.8 1141,1009,865
072 97 00 6.8 707,538,366
072 97 00 6.8 203,50,0
072 97 00 6.8 0,0,0
072 97 00 6.8 0,58,764
072 97 05 6.8 1304,1487,1519
072 97 06 6.8 1611,1743,1787
072 97 06 6.8 2250,2149,2077
072 97 06 6.8 2005,1899,1761
072 97 02 6.8 1618,1479,1360
072 97 00 6.8 1244,1122,981
072 97 00 6.8 828,672,514
072 97 00 6.8 370,233,113
072 97 00 6.8 0,0,0
072 97 00 6.8 33,627,1287
072 97 07 5.7 1642,1701,1939
072 97 06 5.7 2012,2098,2106
072 97 06 5.7 2057,2002,1943
072 97 06 5.7 1843,1703,1557
072 97 00 5.7 1432,1329,1237
072 97 00 5.7 1135,1020,881
072 97 00 5.7 735,584,444
072 97 00 5.7 305,178,46
072 97 01 5.7 0,76,558
072 97 02 5.7 1235,1723,1873
069 97 07 5.6 1910,1919,1971
069 97 08 5.6 1991,1940,1870
069 97 06 5.6 1797,1704,1561
069 97 02 5.6 1387,1192,1023
069 97 00 5.6 881,760,626
069 97 00 5.6 460,263,34
069 97 00 5.6 0,0,0
069 97 00 5.6 0,0,0
069 97 00 5.6 0,0,30
069 97 05 5.5 527,653,1888
069 97 06 5.5 1869,1924,1974
069 97 08 5.5 1965,1921,1862
069 97 06 5.5 1773,1626,1440
069 97 00 5.5 1245,1081,949
069 97 00 5.5 834,705,555
069 97 00 5.5 369,175,0
069 97 00 5.5 0,0,0
069 97 01 5.5 0,0,371
069 97 05 4.6 900,1046,1493
069 97 07 4.6 1211,955,753
069 97 00 4.6 547,324,51
069 97 00 4.6 0,0,0
069 97 00 4.6 0,0,0
069 97 00 4.6 0,0,0
069 97 00 4.6 0,0,0
069 97 00 4.6 0,0,0
069 97 00 4.6 0,0,0
067 97 01 5.6 0,0,0
067 97 05 5.6 2056,1993,1981
067 97 05 5.6 1965,1992,2169
067 97 04 5.6 2489,2882,3189
067 97 03 3.5 3305,1177,801
067 97 04 3.5 325,0,0
067 97 00 3.5 0,0,0
067 97 00 3.5 0,0,0
067 97 00 3.5 0,0,0
067 97 02 3.5 0,577,1153
067 97 06 3.5 1348,1633,1965
067 97 08 14.5 2211,2290,2287
067 97 07 14.5 6101,5968,5749
067 97 08 14.5 5478,5200,4907
067 97 02 14.5 4650,4435,4255
067 97 00 14.5 4065,3850,3648
067 97 00 14.5 3448,3244,3023
067 97 00 14.5 2841,2698,2567
067 97 00 14.5 2424,2723,3772
067 97 04 14.5 5131,6115,6366
074 97 04 9.8 3908,3901,3991
074 97 04 9.8 4140,4267,4354
074 97 07 9.8 4374,4313,4166
074 97 06 9.8 3978,3795,3654
074 97 05 9.8 3587,3590,3555
074 97 01 9.8 3427,3170,2863
074 97 00 9.8 2548,2311,2113
074 97 00 9.8 1959,1794,1948
074 97 01 9.8 2583,3475,4137
074 97 06 6.6 4310,2459,2434
074 97 05 6.6 2493,2549,2518
074 97 04 6.6 2443,2375,2299
074 97 04 6.6 2182,2016,1838
074 97 01 6.6 1681,1561,1500
074 97 00 6.6 1372,1251,1028
074 97 00 6.6 826,539,275
074 97 00 6.6 31,0,0
074 97 01 6.6 0,6,998
074 97 03 7.4 1979,2339,2789
074 97 07 7.4 2649,2607,2617
074 97 07 7.4 2584,2512,2446
074 97 06 7.4 2379,2298,2200
074 97 02 7.4 2115,2062,2026
074 97 00 7.4 1974,1879,1750
074 97 00 7.4 1587,1407,1220
074 97 00 7.4 1039,885,757
074 97 00 7.4 646,591,893
074 97 03 7.4 1744,2862,3736
073 97 04 9.2 4074,4074,3425
073 97 06 9.2 3386,3377,3326
073 97 06 9.2 3248,3142,2995
073 97 07 9.2 2792,2568,2354
073 97 00 9.2 2178,2024,1840
073 97 00 9.2 1569,1233,827
073 97 00 9.2 470,230,101
073 97 00 9.2 0,0,0
073 97 01 9.2 0,0,455
073 97 02 5.2 1103,1307,1934
073 97 05 5.2 1807,1789,1871
073 97 04 5.2 1994,2071,2075
073 97 03 5.2 2012,1907,1756
073 97 01 5.2 1526,1249,987
073 97 00 5.2 831,822,990
073 97 00 5.2 1246,1700,2475
073 97 06 5.2 3283,3944,4315
073 97 03 5.2 4529,4587,4666
073 97 05 10.5 4799,4725,3018
073 97 03 10.5 1170,0,0
073 97 00 10.5 0,0,0
030 70 04 4.7 37250,33872,1359
030 70 05 4.7 928,615,445
030 70 00 4.7 375,340,336
030 70 00 4.7 298,202,57
030 70 00 4.7 0,0,0
030 70 01 4.7 0,0,0
030 70 00 4.7 0,0,0
030 70 01 4.7 0,31,954
030 70 07 4.7 1836,2218,2245
030 70 04 7.3 2812,2881,2996
030 70 04 7.3 3069,3086,3095
030 70 07 7.3 3086,3030,2915
030 70 06 7.3 2774,2649,2561
030 70 05 7.3 2493,2427,2344
030 70 00 7.3 2243,2119,1973
030 70 00 7.3 1815,1842,2364
030 70 00 7.3 3220,3999,4307
030 70 04 6.9 4308,2533,2633
030 70 08 6.9 2727,2727,2648
030 70 07 6.9 2596,2555,2479
030 70 06 6.9 2369,2252,2196
030 70 05 6.9 2237,2370,2519
030 70 05 6.9 2584,2514,2336
030 70 04 6.9 2119,1933,1777
030 70 00 6.9 1632,1593,1954
030 70 03 6.9 2657,3384,3735
030 70 05 6.9 3806,3872,4030
030 70 07 7.3 4158,4158,2502
030 70 05 7.3 2433,2395,2338
030 70 07 7.3 2236,2102,1950
030 70 02 7.3 1817,1683,1560
030 70 00 7.3 1426,1289,1139
030 70 00 7.3 964,762,544
030 70 00 7.3 331,151,15
030 70 01 7.3 0,0,0
030 70 00 7.3 0,234,1084
030 70 06 7.3 2016,2556,2725
030 70 07 7.3 2838,3047,3268
064 98 03 10.1 3370,3583,3521
064 98 06 10.1 3485,3443,3362
064 98 04 10.1 3243,3128,3035
064 98 06 10.1 2948,2845,2715
064 98 00 10.1 2571,2411,2234
064 98 00 10.1 2033,1772,1449
064 98 00 10.1 1070,695,385
064 98 00 10.1 151,0,0
064 98 00 10.1 0,320,1251
064 98 03 10.1 2213,2676,2741
064 98 07 8.2 2971,3121,3369
064 98 07 8.2 3579,3656,3611
064 98 06 8.2 3475,3255,2984
064 98 06 8.2 2697,2461,2313
064 98 00 8.2 2241,2168,2007
064 98 00 8.2 1777,1512,1247
064 98 00 8.2 992,763,602
064 98 00 8.2 488,409,311
064 98 01 8.2 165,0,0
064 98 00 8.2 0,744,1763
064 98 06 7.9 2449,2620,2820
064 98 08 7.9 2839,2967,3112
064 98 05 7.9 3179,3200,3180
064 98 07 7.9 3067,2833,2523
064 98 03 7.9 2236,2042,1942
064 98 00 7.9 1871,1772,1611
064 98 00 7.9 1405,1171,933
064 98 00 7.9 704,489,292
064 98 00 7.9 98,0,0
064 98 00 7.9 0,0,689
064 98 01 7.9 1783,2566,2743
064 98 08 8.5 2928,2653,2471
064 98 05 8.5 2455,2564,2688
064 98 05 8.5 2705,2555,2282
064 98 04 8.5 1958,1662,1437
064 98 00 8.5 1285,1170,1040
064 98 00 8.5 862,645,414
064 98 00 8.5 211,29,0
064 98 00 8.5 0,0,0
064 98 00 8.5 904,1994,2660
064 98 06 8.5 2759,2977,2840
064 98 04 8.5 2835,2896,2937
064 98 05 8.5 2925,2849,2671
064 98 07 8.5 2445,2283,2225
064 98 00 8.5 2239,2226,2165
064 98 00 8.5 2041,1891,1719
064 98 00 8.5 1543,1338,1102
064 98 00 8.5 950,1231,1946
064 98 04 6.1 2746,3133,3053
064 98 04 6.1 1857,1682,1623
064 98 04 6.1 1606,1533,1405
064 98 03 6.1 1235,1047,833
064 98 00 6.1 600,367,164
064 98 00 6.1 0,0,0
064 98 00 6.1 0,0,0
064 98 00 6.1 0,0,0
064 98 00 6.1 0,0,414
064 98 06 5.7 709,2080,1934
064 98 06 5.7 1909,1991,2094
064 98 08 5.7 2163,2200,2173
064 98 07 5.7 2066,1901,1737
064 98 01 5.7 1622,1552,1503
064 98 00 5.7 1435,1340,1209
064 98 00 5.7 1063,923,798
064 98 00 5.7 671,552,656
064 98 00 5.7 1173,1934,2529
065 98 07 5.8 2686,2050,1958
065 98 06 5.8 1948,1987,2028
065 98 05 5.8 2071,2092,2054
065 98 07 5.8 1968,1860,1778
065 98 04 5.8 1695,1621,1517
065 98 00 5.8 1405,1263,1104
065 98 00 5.8 947,806,679
065 98 00 5.8 515,279,0
065 98 00 5.8 0,239,885
065 98 03 4.5 1410,1521,1535
065 98 06 4.5 1450,1464,1508
065 98 03 4.5 1523,1515,1481
065 98 07 4.5 1395,1254,1107
065 98 00 4.5 983,898,837
065 98 00 4.5 778,690,569
065 98 00 4.5 425,288,157
065 98 00 4.5 37,0,0
065 98 00 4.5 0,0,72
065 98 03 4.5 901,1755,2147
065 98 06 6.8 2154,2482,2515
065 98 03 6.8 2618,2693,2719
065 98 06 6.8 2702,2625,2484
065 98 06 6.8 2319,2174,2085
065 98 01 6.8 2077,2115,2144
065 98 01 6.8 2100,1996,1865
065 98 00 6.8 1734,1616,1491
065 98 00 6.8 1348,1196,1093
065 98 00 6.8 1293,1818,2472
064 98 08 5.0 2864,2876,1608
064 98 06 5.0 1458,1406,1407
064 98 04 5.0 1388,1326,1221
064 98 04 5.0 1059,828,553
064 98 00 5.0 301,130,16
064 98 01 5.0 0,0,0
064 98 00 5.0 0,0,0
064 98 00 5.0 0,0,0
064 98 01 5.0 269,1065,1444
064 98 02 6.4 1446,2269,2236
064 98 06 6.4 2277,2332,2367
064 98 06 6.4 2381,2335,2208
064 98 06 6.4 2015,1814,1648
064 98 00 6.4 1545,1477,1426
064 98 00 6.4 1360,1264,1120
064 98 00 6.4 1021,1292,1988
064 98 03 6.4 2866,3494,3794
064 98 07 6.4 3969,4160,4376
064 98 06 6.4 4568,4752,4951
064 98 04 11.4 5114,5172,4100
064 98 05 11.4 4011,3954,3931
064 98 07 11.4 3920,3884,3807
064 98 05 11.4 3710,3748,4114
064 98 05 11.4 4758,5381,5710
064 98 06 11.4 5800,5850,5920
064 98 04 11.4 5983,5997,6006
066 98 07 7.1 6002,2270,2174
066 98 07 7.1 2045,1906,1793
066 98 06 7.1 1708,1640,1555
066 98 00 7.1 1432,1291,1293
066 98 00 7.1 1618,2187,2702
066 98 06 5.3 2917,2921,1646
066 98 06 5.3 1665,1710,1759
066 98 07 5.3 1818,1830,1747
066 98 05 5.3 1592,1414,1273
066 98 00 5.3 1172,1104,1042
066 98 00 5.3 958,839,678
066 98 00 5.3 552,704,1204
066 98 04 5.3 1834,2231,2331
066 98 08 5.3 2357,2430,2495
066 98 06 6.3 2492,1890,1841
066 98 07 6.3 1773,1669,1530
066 98 04 6.3 1390,1252,1128
066 98 00 6.3 1011,902,799
066 98 00 6.3 686,559,407
066 98 00 6.3 305,467,932
066 98 01 6.3 1483,1793,1855
066 98 07 6.3 1878,1958,2008
067 98 06 5.6 1667,1576,1499
067 98 05 5.6 1424,1317,1176
067 98 01 5.6 1021,890,790
067 98 00 5.6 721,649,558
067 98 00 5.6 435,286,119
067 98 00 5.6 0,0,0
067 98 00 5.6 0,0,0
067 98 00 5.6 0,0,310
067 98 06 4.7 655,717,1456
067 98 07 4.7 1491,1544,1552
067 98 07 4.7 1508,1463,1406
067 98 07 4.7 1314,1183,1034
067 98 00 4.7 899,794,706
067 98 00 4.7 622,529,434
067 98 00 4.7 326,208,84
067 98 00 4.7 0,0,0
067 98 00 4.7 0,0,0
067 98 00 4.7 0,414,812
067 98 04 4.4 902,1312,1249
067 98 06 4.4 1252,1283,1297
067 98 03 4.4 1299,1278,1210
067 98 06 4.4 1097,965,831
067 98 00 4.4 713,596,485
067 98 00 4.4 380,282,178
067 98 01 4.4 65,0,0
067 98 00 4.4 0,0,0
067 98 00 4.4 0,0,65
067 98 01 4.1 523,740,714
067 98 05 4.1 1171,1117,1140
067 98 01 4.1 1207,1267,1287
067 98 03 4.1 1232,1113,956
067 98 01 4.1 804,689,623
067 98 00 4.1 595,571,526
067 98 00 4.1 453,357,251
067 98 00 4.1 141,32,0
067 98 01 4.1 193,594,1001
067 98 07 3.7 1172,1139,1035
067 98 05 3.7 970,971,1016
067 98 08 3.7 1061,1062,981
067 98 06 3.7 844,685,552
067 98 00 3.7 450,376,299
067 98 00 3.7 214,114,0
067 98 00 3.7 0,0,0
067 98 00 3.7 0,24,263
067 98 04 3.7 266,114,0
067 98 01 3.7 0,0,0
067 98 01 3.7 0,0,0
067 98 00 3.7 0,0,0
067 98 00 3.7 0,0,0
067 98 00 3.7 0,0,0
067 98 01 3.7 0,0,0
067 98 05 3.7 0,0,0
067 98 01 3.7 0,0,0
067 98 00 3.7 0,0,0
067 98 00 3.7 0,0,0
067 98 00 3.7 0,0,0
067 98 00 3.7 0,0,0
067 98 00 3.7 0,0,0
067 98 05 3.7 0,0,0
067 98 05 3.7 0,0,0
067 98 03 3.7 0,0,0
067 98 00 3.7 0,0,0
067 98 00 3.7 0,0,0
067 98 00 3.7 0,0,0
067 98 00 3.7 0,0,0
067 98 05 2.2 0,741,697
067 98 08 2.2 698,708,677
067 98 07 2.2 644,631,623
067 98 03 2.2 595,550,495
067 98 00 2.2 433,354,266
067 98 00 2.2 174,91,18
067 98 00 2.2 0,0,0
067 98 00 2.2 38,331,539
069 98 04 2.1 543,642,623
069 98 07 2.1 619,578,509
069 98 02 2.1 461,425,364
069 98 00 2.1 278,199,156
069 98 00 2.1 152,156,133
069 98 00 2.1 64,0,0
069 98 00 2.1 0,0,0
069 98 00 2.1 0,0,0
069 98 02 1.7 92,235,202
069 98 07 1.7 495,480,480
069 98 04 1.7 458,423,400
069 98 01 1.7 364,300,226
069 98 00 1.7 155,90,35
069 98 01 1.7 0,0,0
069 98 00 1.7 0,0,0
069 98 00 1.7 0,0,0
069 98 00 1.7 0,0,0
069 98 00 1.9 0,0,0
069 98 07 1.9 584,500,506
069 98 03 1.9 542,530,476
069 98 01 1.9 429,381,322
069 98 00 1.9 248,185,160
069 98 00 1.9 168,172,131
069 98 00 1.9 49,0,0
069 98 00 1.9 0,0,0
069 98 00 1.9 0,0,0
069 98 00 1.9 0,0,190
070 98 06 2.1 164,620,596
070 98 04 2.1 627,636,607
070 98 03 2.1 573,536,475
070 98 00 2.1 394,316,255
070 98 00 2.1 202,145,79
070 98 01 2.1 3,0,0
070 98 00 2.1 0,0,0
070 98 00 2.1 0,0,0
070 98 01 2.1 0,0,188
070 98 04 2.3 247,760,717
070 98 08 2.3 751,794,785
070 98 07 2.3 756,737,708
070 98 03 2.3 652,568,496
070 98 00 2.3 440,403,365
070 98 00 2.3 311,246,173
070 98 00 2.3 102,33,0
070 98 00 2.3 0,0,0
070 98 00 2.3 0,296,577
070 98 06 2.3 610,752,694
070 98 07 2.3 715,737,706
070 98 05 2.3 654,611,565
070 98 00 2.3 494,414,340
070 98 00 2.3 281,231,188
070 98 02 2.3 143,96,48
070 98 00 2.3 0,0,0
070 98 00 2.3 0,0,0
071 98 03 2.2 237,520,570
071 98 07 2.2 733,648,623
071 98 06 2.2 659,712,766
071 98 08 2.2 777,726,630
071 98 01 2.2 528,444,396
071 98 00 2.2 372,349,313
071 98 00 2.2 262,199,121
071 98 00 2.2 41,23,223
071 98 02 2.2 599,960,1094
071 98 04 2.9 1039,1010,1058
071 98 08 2.9 1124,1159,1167
071 98 08 2.9 1173,1155,1102
071 98 06 2.9 1034,972,927
071 98 01 2.9 891,861,820
071 98 00 2.9 767,704,630
071 98 00 2.9 553,550,762
071 98 05 2.6 1121,1415,1481
071 98 05 2.6 902,908,966
071 98 07 2.6 1004,997,985
071 98 05 2.6 969,925,848
071 98 04 2.6 765,699,650
071 98 00 2.6 607,564,507
071 98 00 2.6 443,363,276
071 98 00 2.6 197,247,505
071 98 03 2.4 842,1046,1035
071 98 06 2.4 800,814,862
071 98 03 2.4 877,871,859
071 98 08 2.4 834,777,701
071 98 01 2.4 626,565,524
071 98 00 2.4 487,441,377
071 98 00 2.4 312,246,179
071 98 00 2.4 108,92,266
071 97 03 2.3 580,850,907
071 97 07 2.3 758,740,776
071 97 02 2.3 803,794,776
071 97 08 2.3 747,689,617
071 97 01 2.3 553,515,487
071 97 00 2.3 458,413,352
071 97 00 2.3 270,185,111
071 97 00 2.3 54,0,0
071 97 00 2.3 157,471,749
071 97 08 2.3 815,787,782
071 97 04 2.3 824,856,853
071 97 04 2.3 851,831,781
071 97 06 2.3 701,631,584
071 97 00 2.3 566,545,503
071 97 00 2.3 438,368,304
071 97 01 2.3 242,181,125
071 97 00 2.3 90,169,441
071 97 06 2.4 773,972,963
071 97 05 2.4 821,819,828
071 97 05 2.4 809,778,774
071 97 07 2.4 765,732,697
071 97 03 2.4 708,765,788
071 97 05 2.4 737,627,527
071 97 00 2.4 458,407,344
071 97 01 2.4 251,140,112
071 97 00 2.4 314,661,934
071 97 07 2.4 957,760,702
071 97 08 2.4 717,745,758
071 97 07 2.4 752,711,628
071 97 01 2.4 522,420,334
071 97 00 2.4 267,210,158
071 97 00 2.4 91,17,0
071 97 00 2.4 0,0,0
071 97 00 2.4 0,0,37
071 97 04 2.6 399,564,918
071 97 05 2.6 860,862,893
071 97 08 2.6 911,917,908
071 97 07 2.6 865,773,661
071 97 00 2.6 565,506,468
071 97 00 2.6 425,386,342
071 97 00 2.6 294,220,125
071 97 00 2.6 17,7,222
071 97 03 2.2 557,788,768
071 97 06 2.2 650,573,565
071 97 06 2.2 581,584,586
071 97 05 2.2 575,541,491
071 97 00 2.2 428,358,289
071 97 00 2.2 241,201,152
071 97 00 2.2 86,0,0
071 97 00 2.2 0,0,107
071 97 02 2.1 420,597,731
071 97 05 2.1 633,599,605
071 97 08 2.1 598,560,500
071 97 00 2.1 402,273,168
071 97 00 2.1 114,44,0
071 97 00 2.1 0,0,0
071 97 00 2.1 0,0,0
071 97 00 2.1 0,0,0
071 97 06 2.3 288,433,785
071 97 07 2.3 699,693,733
071 97 08 2.3 757,751,720
071 97 07 2.3 653,566,477
071 97 00 2.3 407,348,302
071 97 00 2.3 243,174,102
071 97 00 2.3 26,0,0
071 97 00 2.3 0,14,362
071 97 04 2.5 679,776,910
071 97 06 2.5 921,998,1053
071 97 06 2.5 1041,1008,990
071 97 08 2.5 956,889,812
071 97 01 2.5 744,696,657
071 97 00 2.5 625,588,544
071 97 00 2.5 483,410,316
071 97 00 2.5 219,167,321
071 97 02 2.3 643,938,1025
071 97 07 2.3 822,846,921
071 97 05 2.3 956,934,906
071 97 08 2.3 889,842,769
071 97 02 2.3 688,633,601
071 97 00 2.3 575,533,458
071 97 00 2.3 361,276,225
071 97 00 2.3 193,141,43
071 97 00 2.3 0,0,113
071 97 03 2.6 494,808,849
071 97 06 2.6 857,803,838
071 97 06 2.6 880,872,826
071 97 04 2.6 757,667,574
071 97 00 2.6 489,420,339
071 97 01 2.6 259,168,85
071 97 00 2.6 5,0,0
071 97 00 2.6 0,0,0
071 97 02 2.6 0,0,0
071 97 01 2.6 0,0,98
071 97 04 3.2 469,540,1136
071 97 04 3.2 1087,1115,1155
071 97 03 3.2 1170,1164,1141
071 97 05 3.2 1084,993,899
071 97 01 3.2 812,742,670
071 97 00 3.2 597,516,433
071 97 00 3.2 339,246,146
071 97 00 3.2 53,0,0
071 97 01 3.2 0,0,0
071 97 01 3.2 364,746,874
071 97 04 3.0 1099,1073,1130
071 97 06 3.0 1197,1216,1187
071 97 05 3.0 1162,1131,1082
071 97 05 3.0 1008,926,850
071 97 00 3.0 781,716,644
071 97 01 3.0 574,494,412
071 97 00 3.0 322,229,138
071 97 00 3.0 169,454,896
070 97 07 3.3 1264,1387,1375
070 97 03 3.3 1269,1330,1378
070 97 05 3.3 1380,1372,1383
070 97 03 3.3 1392,1366,1317
070 97 04 3.3 1246,1181,1117
070 97 01 3.3 1074,1041,1002
070 97 00 3.3 948,907,1013
070 97 03 3.3 1333,1770,2126
070 97 04 3.3 2313,2431,2534
070 97 04 4.5 2592,2584,1642
070 97 04 4.5 1637,1654,1649
070 97 04 4.5 1608,1529,1445
070 97 04 4.5 1374,1326,1273
070 97 01 4.5 1195,1080,977
070 97 01 4.5 1046,1373,1822
070 97 05 4.5 2137,2228,2243
070 97 04 3.7 2284,2314,1324
070 97 06 3.7 1262,1227,1211
070 97 07 3.7 1185,1130,1042
070 97 02 3.7 937,819,701
070 97 00 3.7 590,485,382
070 97 00 3.7 276,151,14
070 97 00 3.7 0,241,676
070 97 04 3.7 1033,1145,1149
071 97 08 3.4 1189,1230,1210
071 97 05 3.4 1087,974,900
071 97 01 3.4 837,741,616
071 97 01 3.4 475,335,206
071 97 01 3.4 80,0,0
071 97 00 3.4 0,0,0
071 97 01 3.4 0,0,0
071 97 00 3.4 0,0,0
071 97 00 1.8 0,0,629
071 97 00 1.8 584,607,613
071 97 00 1.8 525,378,266
071 97 01 1.8 197,139,45
071 97 00 1.8 0,0,0
071 97 01 1.8 0,0,0
071 97 01 1.8 0,0,0
071 97 02 1.8 0,0,0
071 97 00 1.8 0,0,0
071 97 00 1.8 0,0,0
071 97 02 1.6 0,554,495
071 97 01 1.6 519,551,498
071 97 00 1.6 389,291,244
071 97 00 1.6 212,161,91
071 97 00 1.6 2,0,0
071 97 00 1.6 0,0,0
071 97 01 1.6 0,0,0
071 97 00 1.6 0,0,0
071 97 00 1.6 0,0,0
071 97 00 1.6 0,0,0
069 97 00 1.6 0,0,0
069 97 03 1.6 549,537,558
069 97 01 1.6 547,487,444
069 97 00 1.6 444,449,424
069 97 00 1.6 379,325,271
069 97 00 1.6 203,125,41
069 97 00 1.6 0,0,0
069 97 00 1.6 0,0,0
069 97 00 1.6 0,0,0
069 97 00 1.6 0,0,0
069 97 00 1.6 0,0,0
069 97 05 1.7 0,608,454
069 97 01 1.7 379,362,350
069 97 00 1.7 308,266,229
069 97 00 1.7 183,116,37
069 97 00 1.7 0,0,0
069 97 00 1.7 0,0,0
069 97 00 1.7 0,0,0
069 97 00 1.7 0,0,0
069 97 00 1.7 0,0,0
069 97 00 1.7 0,0,0
069 97 03 1.9 0,0,707
069 97 06 1.9 587,540,537
069 97 02 1.9 520,477,435
069 97 00 1.9 393,344,281
069 97 00 1.9 210,146,96
069 97 01 1.9 57,16,0
069 97 00 1.9 0,0,0
069 97 00 1.9 0,0,0
069 97 00 1.9 0,0,0
069 97 00 1.9 0,0,99
067 97 05 2.2 315,293,795
067 97 07 2.2 753,791,830
067 97 08 2.2 835,808,805
067 97 06 2.2 803,798,762
067 97 03 2.2 723,679,651
067 97 00 2.2 621,586,545
067 97 00 2.2 490,431,369
067 97 00 2.2 314,256,208
067 97 01 2.2 164,122,69
067 97 00 2.2 97,348,739
067 97 07 2.5 1062,1137,1017
067 97 07 2.5 990,1059,1152
067 97 08 2.5 1207,1209,1216
067 97 07 2.5 1224,1224,1193
067 97 06 2.5 1158,1121,1102
067 97 07 2.5 1084,1065,1042
067 97 01 2.5 1005,959,908
067 97 00 2.5 861,813,762
067 97 00 2.5 715,669,624
067 97 00 2.5 566,540,719
067 97 03 2.5 1119,1570,1809
067 97 04 3.1 1828,1262,1328
067 97 08 3.1 1457,1569,1621
067 97 08 3.1 1644,1668,1687
067 97 04 3.1 1682,1662,1634
067 97 04 3.1 1614,1604,1594
067 97 08 3.1 1581,1559,1527
067 97 05 3.1 1482,1432,1377
067 97 00 3.1 1330,1289,1249
067 97 00 3.1 1212,1289,1606
067 97 07 3.1 2066,2435,2548
066 97 06 3.2 1319,1319,1393
066 97 08 3.2 1489,1568,1624
066 97 08 3.2 1665,1674,1642
066 97 06 3.2 1588,1537,1502
066 97 06 3.2 1488,1468,1443
066 97 06 3.2 1403,1347,1284
066 97 00 3.2 1210,1149,1085
066 97 00 3.2 1018,970,1125
066 97 02 3.2 1533,2056,2409
066 97 05 3.2 2516,2527,2603
066 97 07 3.2 2740,2871,2936
066 97 05 5.0 2971,2998,3006
066 97 06 5.0 2013,1967,1915
066 97 06 5.0 1875,1841,1818
066 97 07 5.0 1787,1763,1732
066 97 03 5.0 1695,1642,1576
066 97 00 5.0 1502,1507,1763
066 97 04 5.0 2256,2764,3031
066 97 05 5.0 3085,3113,3226
066 97 07 5.0 3366,3462,3487
066 97 06 5.2 3490,1992,1961
066 97 05 5.2 1904,1838,1768
066 97 05 5.2 1699,1628,1555
066 97 01 5.2 1484,1414,1345
066 97 00 5.2 1280,1222,1150
066 97 01 5.2 1049,914,869
066 97 00 5.2 1110,1620,2160
066 97 04 5.2 2462,2570,2692
066 97 04 5.2 2902,3150,3346
065 97 05 7.0 3471,3514,2583
065 97 04 7.0 2395,2081,1701
065 97 01 7.0 1285,898,526
065 97 00 7.0 155,0,0
065 97 00 7.0 0,0,0
065 97 00 7.0 0,0,0
065 97 00 7.0 0,0,0
065 97 00 7.0 0,0,0
065 97 01 4.0 0,0,1559

0!0!0!0
1!1!1!1!1!1!1!1!1!1!1!1!1!1!1!1!1!1!1!