176927!20190825_182421!1!3
2.8!2.96!2.84!3.04!3.15!3.19!
96!30!69!538!499
483.6 3.22 61 114

030 70 04 1.4 314,309,301
030 70 03 1.4 286,265,242
030 70 01 1.4 221,201,183
030 70 00 1.4 164,147,132
030 70 00 1.4 138,192,284
030 70 05 1.4 377,433,451
030 70 08 1.3 316,298,274
030 70 05 1.3 253,243,241
030 70 03 1.3 244,240,232
030 70 02 1.3 208,186,157
030 70 00 1.3 138,112,93
030 70 00 1.3 69,50,35
030 70 00 1.3 47,110,207
030 70 05 1.3 295,343,356
030 70 07 1.3 316,298,272
030 70 04 1.3 246,232,232
030 70 03 1.3 238,231,217
030 70 02 1.3 195,171,140
030 70 00 1.3 111,86,69
030 70 00 1.3 51,35,23
030 70 00 1.3 22,29,36
030 70 00 1.3 34,14,0
030 70 00 1.3 0,0,0
030 70 00 1.3 0,0,0
030 70 00 1.3 0,0,0
030 70 00 1.3 0,0,0
030 70 00 1.3 0,0,0
030 70 00 1.3 0,0,0
030 70 00 1.3 0,0,0
030 70 00 1.3 0,0,0
030 70 06 1.3 0,0,0
030 70 08 1.3 336,317,300
030 70 04 1.3 293,293,299
030 70 04 1.3 303,302,292
030 70 03 1.3 279,260,242
030 70 01 1.3 219,199,178
030 70 00 1.3 161,144,135
030 70 00 1.3 158,222,309
030 70 06 1.3 379,414,419
048 97 07 1.1 266,238,210
048 97 05 1.1 193,186,187
048 97 03 1.1 187,183,170
048 97 01 1.1 154,130,108
048 97 00 1.1 83,68,51
048 97 00 1.1 35,24,25
048 97 00 1.1 36,38,28
048 97 00 1.1 5,0,0
048 97 00 1.1 0,0,0
048 97 00 1.1 0,0,0
048 97 00 1.1 0,0,0
048 97 00 1.1 0,0,0
048 97 00 1.1 0,0,0
048 97 00 1.1 0,0,0
048 97 00 1.1 0,0,0
048 97 07 1.1 0,6,15
048 97 08 1.2 312,298,285
048 97 07 1.2 282,286,295
048 97 07 1.2 301,303,299
048 97 05 1.2 288,274,257
048 97 01 1.2 242,227,209
048 97 00 1.2 196,187,189
048 97 00 1.2 214,272,350
048 97 07 1.0 409,437,436
048 97 07 1.0 233,206,184
048 97 03 1.0 175,175,180
048 97 03 1.0 182,178,167
048 97 02 1.0 153,137,119
048 97 01 1.0 99,83,68
048 97 00 1.0 57,53,80
048 97 02 1.0 140,210,261
053 97 06 0.9 275,210,179
053 97 03 0.9 150,128,123
053 97 02 0.9 122,130,129
053 97 02 0.9 126,111,92
053 97 01 0.9 69,46,30
053 97 01 0.9 19,7,0
053 97 01 0.9 0,0,65
053 97 03 0.9 152,232,275
053 97 05 1.2 286,292,269
053 97 05 1.2 244,231,227
053 97 03 1.2 235,241,238
053 97 03 1.2 228,207,189
053 97 01 1.2 168,154,136
053 97 00 1.2 123,108,97
053 97 00 1.2 93,125,190
053 97 04 1.2 270,322,341
053 97 06 1.0 245,228,202
053 97 03 1.0 178,168,167
053 97 02 1.0 172,169,161
053 97 02 1.0 144,125,103
053 97 01 1.0 79,62,44
053 97 01 1.0 37,24,16
053 97 01 1.0 7,10,26
053 97 01 1.0 39,42,21
053 97 01 1.0 0,0,0
053 97 01 1.0 0,0,0
053 97 01 1.0 0,0,0
053 97 01 1.0 0,0,0
053 97 01 1.0 0,0,0
053 97 00 1.0 0,0,0
053 97 00 1.0 0,0,0
053 97 03 1.0 0,36,78
053 96 05 1.3 86,321,304
053 96 05 1.3 282,273,278
053 96 04 1.3 291,299,297
053 96 04 1.3 289,272,250
053 96 02 1.3 225,207,191
053 96 00 1.3 179,166,156
053 96 00 1.3 163,206,279
053 96 05 1.3 352,395,403
053 96 06 1.0 236,215,190
053 96 03 1.0 170,156,158
053 96 02 1.0 166,167,158
053 96 02 1.0 136,115,93
053 96 01 1.0 73,54,36
053 96 01 1.0 23,14,7
053 96 01 1.0 1,0,0
053 96 01 1.0 0,0,0
053 96 00 1.0 0,0,0
053 96 00 1.0 0,0,0
053 96 00 1.0 0,0,0
053 96 00 1.0 0,0,0
053 96 00 1.0 0,0,0
053 96 00 1.0 0,0,0
053 96 01 1.0 0,0,0
053 96 04 1.0 0,0,6
053 96 06 1.3 345,330,316
053 96 05 1.3 312,322,335
053 96 05 1.3 348,348,343
053 96 04 1.3 329,313,293
053 96 02 1.3 279,272,266
053 96 01 1.3 260,251,260
053 96 02 1.3 303,377,453
054 96 07 1.0 496,506,243
054 96 05 1.0 221,201,188
054 96 03 1.0 189,194,199
054 96 03 1.0 196,192,183
054 96 02 1.0 172,158,139
054 96 02 1.0 123,107,98
054 96 01 1.0 92,102,125
054 96 02 1.0 154,167,159
054 96 02 1.0 133,101,73
054 96 01 1.0 57,49,50
054 96 01 1.0 48,43,33
054 96 01 1.0 18,3,0
054 96 01 1.0 0,0,0
054 96 01 1.0 0,0,0
054 96 01 1.0 0,14,119
054 96 04 1.0 206,252,260
054 96 06 1.3 332,316,305
054 96 05 1.3 303,309,318
054 96 05 1.3 324,320,309
054 96 03 1.3 291,272,256
054 96 02 1.3 240,226,210
054 96 00 1.3 199,190,193
054 96 01 1.3 226,293,366
054 96 06 0.9 414,425,229
054 96 04 0.9 206,182,168
054 96 02 0.9 167,173,178
054 96 02 0.9 175,167,152
054 96 02 0.9 133,116,100
054 96 01 0.9 90,77,67
054 96 01 0.9 58,44,33
054 96 01 0.9 20,8,0
054 96 01 0.9 0,0,0
054 96 01 0.9 0,0,0
054 96 01 0.9 0,0,0
054 96 00 0.9 0,0,0
054 96 01 0.9 0,0,0
054 96 01 0.9 0,0,0
054 96 01 0.9 0,0,0
054 96 01 0.9 0,0,50
049 96 05 1.4 99,113,109
049 96 07 1.4 360,347,341
049 96 05 1.4 346,360,365
049 96 05 1.4 364,350,339
049 96 03 1.4 322,305,289
049 96 01 1.4 274,264,251
049 96 01 1.4 246,255,307
049 96 04 1.4 384,464,508
049 96 08 1.1 520,261,243
049 96 07 1.1 222,207,203
049 96 05 1.1 202,203,198
049 96 03 1.1 189,173,153
049 96 00 1.1 128,108,91
049 96 00 1.1 77,69,56
049 96 00 1.1 44,29,19
049 96 00 1.1 2,0,0
049 96 00 1.1 0,0,0
049 96 00 1.1 0,0,0
049 96 00 1.1 0,0,0
049 96 00 1.1 0,0,0
049 96 00 1.1 0,0,0
049 96 00 1.1 0,0,0
049 96 00 1.1 0,0,0
049 96 04 1.1 0,0,8
049 96 08 1.4 25,360,348
049 96 06 1.4 336,334,344
049 96 05 1.4 361,370,373
049 96 05 1.4 368,357,342
049 96 03 1.4 326,316,305
049 96 02 1.4 293,277,271
049 96 01 1.4 284,334,410
049 96 06 1.4 487,533,548
052 96 08 1.1 270,254,237
052 96 07 1.1 225,227,236
052 96 06 1.1 245,241,226
052 96 03 1.1 206,194,179
052 96 01 1.1 166,144,128
052 96 00 1.1 118,114,128
052 96 01 1.1 154,193,206
052 96 04 1.1 198,167,136
052 96 00 1.1 107,91,83
052 96 00 1.1 81,77,73
052 96 00 1.1 66,51,35
052 96 00 1.1 16,0,0
052 96 00 1.1 0,0,0
052 96 00 1.1 0,0,0
052 96 03 1.1 90,195,260
052 96 08 1.4 286,289,344
052 96 08 1.4 331,317,318
052 96 08 1.4 327,337,338
052 96 07 1.4 328,314,295
052 96 03 1.4 278,261,247
052 96 00 1.4 233,223,215
052 96 00 1.4 215,244,312
052 96 06 1.4 392,453,474
052 96 08 1.0 472,241,215
052 96 06 1.0 196,188,192
052 96 05 1.0 197,197,186
052 96 03 1.0 169,146,126
052 96 00 1.0 107,96,83
052 96 00 1.0 73,60,47
052 96 00 1.0 30,18,6
052 96 00 1.0 0,0,0
052 96 00 1.0 0,0,0
052 96 00 1.0 0,0,0
052 96 00 1.0 0,0,0
052 96 00 1.0 0,0,0
052 96 00 1.0 0,0,0
052 96 00 1.0 0,0,0
052 96 00 1.0 0,0,0
052 96 07 1.0 0,50,78
049 96 06 1.5 80,370,352
049 96 06 1.5 343,349,366
049 96 05 1.5 376,379,373
049 96 04 1.5 364,350,335
049 96 02 1.5 320,309,300
049 96 02 1.5 290,280,286
049 96 02 1.5 326,401,480
049 96 08 1.0 530,548,264
049 96 08 1.0 246,222,204
049 96 05 1.0 200,208,214
049 96 05 1.0 213,205,189
049 96 02 1.0 173,155,141
049 96 00 1.0 128,115,102
049 96 00 1.0 91,86,87
049 96 00 1.0 90,89,76
049 96 00 1.0 54,27,7
049 96 00 1.0 0,0,0
049 96 00 1.0 0,0,0
049 96 00 1.0 0,0,0
049 96 00 1.0 0,0,0
049 96 00 1.0 0,0,0
049 96 00 1.0 0,0,0
049 96 04 1.0 0,83,134
049 96 08 1.3 142,326,308
049 96 08 1.3 295,291,295
049 96 07 1.3 307,312,312
049 96 05 1.3 299,285,264
049 96 02 1.3 243,222,208
049 96 00 1.3 194,184,176
049 96 00 1.3 197,257,335
049 96 07 1.3 403,432,435
052 96 08 1.0 243,217,193
052 96 04 1.0 177,180,186
052 96 04 1.0 188,179,161
052 96 01 1.0 138,116,96
052 96 00 1.0 80,66,52
052 96 00 1.0 41,39,57
052 96 00 1.0 78,90,80
052 96 00 1.0 56,24,0
052 96 00 1.0 0,0,0
052 96 00 1.0 0,0,0
052 96 00 1.0 0,0,0
052 96 00 1.0 0,0,0
052 96 00 1.0 0,0,0
052 96 00 1.0 0,0,0
052 96 04 1.0 0,63,111
052 96 08 1.3 118,341,324
052 96 08 1.3 311,308,311
052 96 07 1.3 318,322,321
052 96 06 1.3 309,289,268
052 96 01 1.3 246,227,211
052 96 00 1.3 200,188,188
052 96 00 1.3 224,298,377
052 96 08 1.0 426,439,241
052 96 06 1.0 218,190,169
052 96 03 1.0 160,160,164
052 96 03 1.0 159,148,130
052 96 01 1.0 111,88,65
052 96 00 1.0 43,25,12
052 96 00 1.0 18,49,96
052 96 03 1.0 133,144,127
052 96 03 1.0 92,57,32
052 96 00 1.0 18,12,7
052 96 00 1.0 1,0,0
052 96 00 1.0 0,0,0
052 96 00 1.0 0,0,0
052 96 00 1.0 0,0,0
052 96 02 1.0 0,62,125
051 96 07 1.2 144,298,279
051 96 07 1.2 257,240,239
051 96 05 1.2 246,251,248
051 96 04 1.2 238,225,208
051 96 01 1.2 191,174,157
051 96 00 1.2 140,125,113
051 96 00 1.2 120,163,232
051 96 06 1.2 301,337,340
051 96 07 0.9 203,173,145
051 96 02 0.9 136,133,142
051 96 02 0.9 142,140,124
051 96 02 0.9 109,88,66
051 96 00 0.9 42,21,2
051 96 00 0.9 0,16,80
051 96 03 0.9 163,222,240
051 96 05 1.0 237,212,180
051 96 02 1.0 157,144,143
051 96 02 1.0 144,144,135
051 96 02 1.0 123,99,79
051 96 01 1.0 54,32,9
051 96 00 1.0 0,0,0
051 96 01 1.0 40,122,197
051 96 04 1.0 231,232,238
051 96 05 1.0 213,186,167
051 96 02 1.0 163,164,168
051 96 02 1.0 165,151,132
051 96 01 1.0 106,85,60
051 96 00 1.0 39,19,1
051 96 00 1.0 0,15,78
051 96 03 1.0 160,224,244
051 96 05 1.0 243,223,195
051 96 03 1.0 167,146,141
051 96 02 1.0 144,145,138
051 96 02 1.0 117,94,66
051 96 01 1.0 42,20,2
051 96 00 1.0 0,0,0
051 96 00 1.0 0,0,65
051 96 03 1.0 135,177,184
051 96 04 0.9 214,185,157
051 96 02 0.9 144,142,146
051 96 02 0.9 147,145,132
051 96 02 0.9 116,97,76
051 96 01 0.9 59,42,30
051 96 01 0.9 14,0,0
051 96 01 0.9 23,90,167
056 96 04 0.9 218,233,226
056 96 04 0.9 204,177,155
056 96 02 0.9 144,138,142
056 96 02 0.9 142,133,116
056 96 02 0.9 92,69,47
056 96 01 0.9 26,6,0
056 96 00 0.9 0,0,0
056 96 00 0.9 0,0,0
056 96 01 0.9 0,0,0
056 96 00 0.9 0,0,0
056 96 00 0.9 0,0,0
056 96 00 0.9 0,0,0
056 96 00 0.9 0,0,0
056 96 00 0.9 0,0,0
056 96 00 0.9 0,0,0
056 96 01 0.9 0,0,0
056 96 04 1.2 0,0,297
056 96 06 1.2 279,266,258
056 96 04 1.2 262,267,272
056 96 03 1.2 269,255,239
056 96 02 1.2 220,204,184
056 96 00 1.2 168,150,135
056 96 00 1.2 120,124,160
056 96 02 1.2 226,290,324
056 96 06 0.8 326,193,167
056 96 03 0.8 143,126,120
056 96 02 0.8 120,119,117
056 96 02 0.8 113,106,95
056 96 01 0.8 77,57,39
056 96 01 0.8 24,14,6
056 96 01 0.8 17,63,136
056 96 03 0.8 202,232,233
056 96 04 0.9 208,183,160
056 96 02 0.9 146,143,147
056 96 02 0.9 154,154,144
056 96 02 0.9 129,111,92
056 96 01 0.9 72,54,37
056 96 01 0.9 24,25,49
056 96 02 0.9 99,154,188
056 96 03 0.7 191,153,125
056 96 02 0.7 94,77,72
056 96 02 0.7 76,75,72
056 96 02 0.7 63,54,39
056 96 01 0.7 23,6,0
056 96 01 0.7 0,0,0
056 96 01 0.7 0,0,35
056 96 03 0.7 122,183,210
056 96 05 1.0 264,251,232
056 96 04 1.0 218,211,214
056 96 03 1.0 220,225,223
056 96 03 1.0 212,196,176
056 96 01 1.0 161,142,125
056 96 00 1.0 109,97,89
056 96 00 1.0 103,150,220
062 96 05 0.9 279,308,308
062 96 04 0.9 200,172,147
062 96 02 0.9 134,134,137
062 96 02 0.9 140,137,124
062 96 02 0.9 103,78,58
062 96 01 0.9 42,27,14
062 96 01 0.9 0,0,0
062 96 01 0.9 46,114,180
062 96 04 0.9 213,217,210
062 96 03 0.9 187,166,154
062 96 02 0.9 152,160,168
062 96 02 0.9 169,156,141
062 96 02 0.9 123,110,97
062 96 01 0.9 87,74,64
062 96 01 0.9 56,71,123
062 96 03 0.9 202,273,310
062 96 04 1.0 314,244,222
062 96 04 1.0 201,191,190
062 96 03 1.0 196,197,193
062 96 02 1.0 182,169,151
062 96 01 1.0 132,113,94
062 96 00 1.0 87,76,73
062 96 00 1.0 66,71,72
062 96 01 1.0 68,52,28
062 96 00 1.0 5,0,0
062 96 00 1.0 0,0,0
062 96 00 1.0 0,0,0
062 96 00 1.0 0,0,0
062 96 00 1.0 0,0,0
062 96 00 1.0 0,0,0
062 96 00 1.0 0,0,17
062 96 07 1.0 101,138,143
056 96 08 1.3 341,327,312
056 96 05 1.3 314,321,337
056 96 05 1.3 337,335,322
056 96 03 1.3 304,283,264
056 96 02 1.3 249,239,226
056 96 00 1.3 213,201,201
056 96 01 1.3 230,289,356
056 96 06 0.8 400,414,207
056 96 04 0.8 186,161,142
056 96 02 0.8 135,135,138
056 96 02 0.8 136,129,116
056 96 02 0.8 98,76,58
056 96 01 0.8 38,25,12
056 96 01 0.8 2,0,9
056 96 02 0.8 64,136,205
056 96 04 0.9 235,237,224
056 96 04 0.9 204,187,181
056 96 02 0.9 185,193,198
056 96 03 0.9 193,186,173
056 96 02 0.9 158,137,118
056 96 01 0.9 103,91,81
056 96 01 0.9 70,77,120
056 96 03 0.9 197,275,321
063 96 04 1.0 332,253,233
063 96 05 1.0 214,204,202
063 96 03 1.0 204,205,203
063 96 03 1.0 193,177,160
063 96 01 1.0 141,126,111
063 96 00 1.0 96,82,70
063 96 00 1.0 62,49,36
063 96 00 1.0 21,8,0
063 96 00 1.0 0,0,0
063 96 00 1.0 0,0,0
063 96 00 1.0 0,0,0
063 96 00 1.0 0,0,0
063 96 00 1.0 0,0,0
063 96 00 1.0 0,0,0
063 96 00 1.0 0,0,0
063 96 03 1.0 0,0,52
063 96 08 1.4 75,75,355
063 96 07 1.4 343,341,352
063 96 06 1.4 365,376,379
063 96 05 1.4 378,368,354
063 96 03 1.4 333,316,302
063 96 02 1.4 295,288,280
063 96 01 1.4 269,275,317
063 96 04 1.4 389,464,501
063 96 07 0.9 511,229,208
063 96 03 0.9 187,178,182
063 96 03 0.9 191,196,194
063 96 03 0.9 186,172,160
063 96 02 0.9 142,126,105
063 96 01 0.9 93,80,75
063 96 01 0.9 94,150,229
063 96 04 0.9 292,324,327
063 96 04 1.0 237,215,191
063 96 03 1.0 182,184,191
063 96 02 1.0 191,183,169
063 96 02 1.0 156,137,117
063 96 01 1.0 99,87,78
063 96 01 1.0 69,61,54
063 96 01 1.0 46,40,27
063 96 01 1.0 11,0,0
063 96 01 1.0 0,0,0
063 96 01 1.0 0,0,0
063 96 01 1.0 0,0,0
063 96 00 1.0 0,0,0
063 96 00 1.0 0,0,0
063 96 00 1.0 0,0,0
063 96 01 1.0 0,0,0
063 96 04 1.0 54,102,118
063 96 05 1.4 119,361,348
063 96 06 1.4 347,360,373
063 96 05 1.4 380,377,368
063 96 04 1.4 356,341,328
063 96 02 1.4 314,301,290
063 96 01 1.4 282,274,273
063 96 01 1.4 300,362,434
063 96 06 1.4 491,516,516
063 96 06 1.0 227,206,191
063 96 03 1.0 189,193,202
063 96 03 1.0 200,193,180
063 96 02 1.0 165,150,136
063 96 02 1.0 125,113,103
063 96 01 1.0 97,105,144
063 96 03 1.0 214,291,338
069 96 05 1.0 359,355,245
069 96 05 1.0 224,215,215
069 96 04 1.0 223,225,219
069 96 03 1.0 206,189,170
069 96 02 1.0 151,132,120
069 96 00 1.0 109,99,87
069 96 00 1.0 76,85,133
069 96 03 1.0 217,301,350
069 96 08 1.1 367,285,271
069 96 08 1.1 254,246,246
069 96 06 1.1 254,256,248
069 96 04 1.1 235,216,197
069 96 00 1.1 176,158,144
069 96 00 1.1 133,124,113
069 96 00 1.1 99,83,68
069 96 00 1.1 52,34,17
069 96 00 1.1 2,0,0
069 96 00 1.1 0,0,0
069 96 00 1.1 0,0,0
069 96 00 1.1 0,0,0
069 96 00 1.1 0,0,0
069 96 00 1.1 0,0,0
069 96 00 1.1 0,0,0
069 96 00 1.1 0,0,6
069 96 05 1.1 83,116,124
069 96 06 1.5 391,381,379
069 96 06 1.5 384,396,406
069 96 06 1.5 411,406,394
069 96 04 1.5 379,364,348
069 96 02 1.5 337,327,324
069 96 02 1.5 316,310,313
069 96 02 1.5 351,420,499
069 96 07 1.5 555,578,579
069 96 08 1.0 254,236,217
069 96 06 1.0 210,210,214
069 96 05 1.0 211,201,183
069 96 02 1.0 164,145,126
069 96 00 1.0 109,91,76
069 96 00 1.0 61,55,79
069 96 01 1.0 143,225,294
069 96 08 1.1 326,334,268
069 96 08 1.1 247,225,220
069 96 05 1.1 220,224,223
069 96 04 1.1 217,204,180
069 96 01 1.1 157,136,121
069 96 00 1.1 110,101,93
069 96 00 1.1 82,76,72
069 96 00 1.1 77,80,79
069 96 00 1.1 64,41,14
069 96 00 1.1 0,0,0
069 96 00 1.1 0,0,0
069 96 00 1.1 0,0,0
069 96 00 1.1 0,0,0
069 96 00 1.1 0,0,0
069 96 00 1.1 0,0,0
069 96 00 1.1 0,0,0
069 96 07 1.1 71,120,137
069 96 08 1.4 350,341,329
069 96 08 1.4 324,331,344
069 96 08 1.4 353,353,344
069 96 05 1.4 329,313,295
069 96 02 1.4 284,269,261
069 96 00 1.4 250,245,240
069 96 00 1.4 243,275,338
069 96 07 1.4 409,458,473
069 96 07 0.9 230,210,187
069 96 04 0.9 173,171,177
069 96 03 0.9 182,182,175
069 96 03 0.9 162,146,132
069 96 01 0.9 117,103,88
069 96 00 0.9 77,70,78
069 96 01 0.9 125,200,273
069 96 07 1.0 312,323,245

0!0!0!0
1!1!1!1!1!1!1!1!1!1!1!1!1!1!1!1!1!1!1!