176927!20190831_142119!1!1
2.56!2.96!3.07!2.96!3.01!3.61!
95!58!67!601!601
476.4 3.1 49 111

067 95 00 6.8 0,0,0
067 95 00 6.8 0,0,0
067 95 03 6.8 611,2122,3465
067 95 07 11.5 4095,4214,4812
067 95 07 11.5 4543,4222,3949
067 95 06 11.5 3793,3748,3762
067 95 07 11.5 3749,3662,3482
067 95 01 11.5 3232,2929,2610
067 95 00 11.5 2301,2020,1769
067 95 00 11.5 1546,1344,1150
067 95 01 11.5 968,786,619
067 95 01 11.5 460,306,172
067 95 00 11.5 128,553,1668
067 95 07 11.5 3090,4210,4654
064 95 07 10.6 4662,4327,4003
064 95 03 10.6 3679,3444,3350
064 95 04 10.6 3353,3377,3336
064 95 04 10.6 3194,2958,2656
064 95 01 10.6 2325,2004,1711
064 95 00 10.6 1455,1223,1019
064 95 01 10.6 837,674,517
064 95 00 10.6 364,213,67
064 95 00 10.6 0,4,665
064 95 02 10.6 1982,3462,4463
064 95 05 11.3 4800,4780,4644
064 95 06 11.3 4348,4037,3809
064 95 06 11.3 3703,3686,3668
064 95 06 11.3 3598,3446,3212
064 95 01 11.3 2913,2586,2264
064 95 00 11.3 1973,1711,1488
064 95 00 11.3 1286,1103,927
064 95 02 11.3 761,599,446
064 95 00 11.3 330,453,1251
064 95 04 11.3 2645,4090,4961
064 95 05 11.5 5217,5168,4636
064 95 05 11.5 4348,4048,3833
064 95 05 11.5 3727,3712,3701
064 95 07 11.5 3632,3473,3230
064 95 00 11.5 2934,2605,2280
064 95 00 11.5 1974,1702,1460
064 95 00 11.5 1239,1040,855
064 95 00 11.5 681,513,343
064 95 00 11.5 199,171,640
064 95 03 11.5 1802,3262,4388
062 95 08 11.1 4843,4869,4536
062 95 06 11.1 4244,3947,3725
062 95 03 11.1 3640,3642,3661
062 95 06 11.1 3618,3489,3277
062 95 00 11.1 3003,2690,2372
062 95 00 11.1 2079,1819,1594
062 95 00 11.1 1394,1211,1043
062 95 00 11.1 881,724,561
062 95 00 11.1 393,238,216
062 95 00 11.1 682,1822,3226
062 95 07 10.6 4287,4688,4663
062 95 05 10.6 4232,3899,3577
062 95 07 10.6 3352,3267,3275
062 95 04 10.6 3294,3257,3132
062 95 03 10.6 2923,2650,2344
062 95 00 10.6 2037,1749,1491
062 95 00 10.6 1266,1070,895
062 95 00 10.6 730,564,386
062 95 00 10.6 224,136,471
062 95 03 10.6 1538,3046,4356
062 95 07 11.8 4999,5146,4912
062 95 06 11.8 4687,4415,4171
062 95 05 11.8 4021,3982,4005
062 95 05 11.8 4013,3918,3714
062 95 02 11.8 3428,3112,2798
062 95 00 11.8 2501,2226,1966
062 95 00 11.8 1722,1500,1302
062 95 01 11.8 1122,958,786
062 95 01 11.8 612,445,438
062 95 00 11.8 1000,2287,3834
060 95 06 12.2 4972,5430,5493
060 95 05 12.2 4971,4755,4500
060 95 04 12.2 4294,4178,4150
060 95 03 12.2 4152,4115,4002
060 95 04 12.2 3806,3550,3251
060 95 01 12.2 2937,2630,2348
060 95 00 12.2 2098,1869,1653
060 95 01 12.2 1443,1234,1030
060 95 00 12.2 821,615,422
060 95 00 12.2 261,257,794
060 95 02 12.2 1989,3420,4433
060 95 04 11.0 4804,4783,4371
060 95 04 11.0 4098,3823,3622
060 95 04 11.0 3550,3561,3585
060 95 04 11.0 3542,3414,3205
060 95 01 11.0 2938,2636,2333
060 95 00 11.0 2048,1792,1556
060 95 00 11.0 1339,1138,952
060 95 00 11.0 770,582,381
060 95 01 11.0 195,120,533
060 95 01 11.0 1693,3215,4437
060 95 03 11.9 4962,5043,4808
060 95 06 11.9 4593,4326,4091
060 95 07 11.9 3931,3873,3861
060 95 06 11.9 3830,3728,3544
060 95 02 11.9 3286,2980,2662
060 95 00 11.9 2355,2078,1823
060 95 00 11.9 1594,1374,1167
060 95 00 11.9 968,768,564
060 95 00 11.9 367,229,417
060 95 01 11.9 1349,2813,4214
059 95 06 11.9 4952,5140,4838
059 95 05 11.9 4634,4354,4064
059 95 02 11.9 3853,3749,3723
059 95 06 11.9 3703,3622,3465
059 95 01 11.9 3230,2949,2633
059 95 00 11.9 2318,2016,1744
059 95 00 11.9 1497,1272,1058
059 95 00 11.9 854,655,459
059 95 00 11.9 255,57,0
059 95 00 11.9 0,621,1913
059 95 06 11.9 3326,4214,4473
059 95 06 11.1 4510,4265,3940
059 95 06 11.1 3620,3395,3296
059 95 05 11.1 3283,3273,3197
059 95 03 11.1 3037,2790,2497
059 95 00 11.1 2181,1868,1568
059 95 00 11.1 1285,1030,805
059 95 00 11.1 602,421,243
059 95 00 11.1 74,0,0
059 95 00 11.1 0,0,0
059 95 01 11.1 790,2260,3580
059 95 07 11.3 4185,4257,4551
059 95 05 11.3 4249,3894,3584
059 95 07 11.3 3392,3320,3306
059 95 07 11.3 3269,3158,2958
059 95 00 11.3 2682,2354,2013
059 95 00 11.3 1693,1407,1165
059 95 00 11.3 949,764,591
059 95 00 11.3 437,284,132
059 95 01 11.3 0,0,247
059 95 03 11.3 1334,2823,4075
059 95 06 11.4 4617,4671,4590
059 95 05 11.4 4285,3926,3597
059 95 06 11.4 3383,3284,3245
059 95 05 11.4 3187,3057,2836
059 95 00 11.4 2531,2177,1819
059 95 00 11.4 1497,1221,996
059 95 00 11.4 803,636,480
059 95 00 11.4 333,194,53
059 95 00 11.4 0,0,0
059 95 00 11.4 214,1504,3162
059 95 06 12.5 4472,4977,5009
059 95 06 12.5 5084,4788,4465
059 95 04 12.5 4207,4080,4077
059 95 04 12.5 4129,4143,4073
059 95 06 12.5 3914,3674,3377
059 95 00 12.5 3056,2752,2477
059 95 00 12.5 2228,2006,1798
059 95 00 12.5 1612,1433,1267
059 95 00 12.5 1101,942,794
059 95 00 12.5 705,921,1774
059 95 04 12.5 3087,4321,4980
059 95 05 10.6 5122,4281,4011
059 95 07 10.6 3705,3460,3327
059 95 06 10.6 3310,3338,3334
059 95 06 10.6 3248,3071,2823
059 95 00 10.6 2520,2197,1890
059 95 00 10.6 1609,1362,1145
059 95 00 10.6 952,779,603
059 95 01 10.6 431,259,135
059 95 00 10.6 268,1036,2350
059 95 05 10.6 3697,4509,4766
058 95 07 11.2 4726,4416,4162
058 95 08 11.2 3902,3710,3618
058 95 07 11.2 3602,3587,3519
058 95 06 11.2 3367,3145,2861
058 95 00 11.2 2553,2248,1961
058 95 00 11.2 1704,1478,1272
058 95 00 11.2 1081,890,709
058 95 00 11.2 528,348,187
058 95 00 11.2 131,542,1626
058 95 06 11.2 3024,4145,4633
058 95 03 11.1 4703,4440,4191
058 95 07 11.1 3898,3645,3491
058 95 06 11.1 3448,3449,3422
058 95 06 11.1 3309,3104,2826
058 95 00 11.1 2506,2179,1866
058 95 00 11.1 1578,1319,1082
058 95 00 11.1 867,668,484
058 95 00 11.1 299,120,0
058 95 00 11.1 0,0,0
058 95 01 11.1 415,1650,2980
058 95 06 10.6 3820,4073,4343
058 95 06 10.6 4111,3812,3541
058 95 06 10.6 3373,3325,3348
058 95 06 10.6 3368,3319,3186
058 95 02 10.6 2972,2703,2406
058 95 00 10.6 2106,1830,1590
058 95 00 10.6 1385,1199,1026
058 95 00 10.6 862,706,549
058 95 00 10.6 387,246,263
058 95 00 10.6 794,1960,3336
058 95 05 11.0 4344,4740,4775
058 95 04 11.0 4409,4167,3895
058 95 05 11.0 3672,3549,3509
058 95 04 11.0 3503,3454,3328
058 95 02 11.0 3125,2849,2533
058 95 00 11.0 2194,1878,1586
058 95 00 11.0 1328,1098,890
058 95 01 11.0 700,515,343
058 95 01 11.0 178,32,0
058 95 00 11.0 394,1454,2826
058 95 04 10.9 3927,4410,4478
058 95 03 10.9 4351,4097,3797
058 95 03 10.9 3544,3392,3344
058 95 03 10.9 3343,3312,3205
058 95 02 10.9 3021,2757,2444
058 95 00 10.9 2102,1781,1486
058 95 00 10.9 1223,997,784
058 95 01 10.9 596,412,249
058 95 01 10.9 86,0,0
058 95 01 10.9 0,0,539
058 95 03 10.9 1804,3075,3812
058 95 05 10.4 3996,4229,3968
058 95 05 10.4 3644,3366,3187
058 95 04 10.4 3136,3132,3117
058 95 05 10.4 3028,2860,2612
058 95 00 10.4 2310,1984,1674
058 95 01 10.4 1388,1139,920
058 95 01 10.4 730,561,405
058 95 00 10.4 253,97,0
058 95 00 10.4 0,0,156
058 95 01 10.4 1232,2650,3816
059 95 05 11.1 4341,4427,4544
059 95 06 11.1 4306,4023,3779
059 95 05 11.1 3629,3581,3575
059 95 05 11.1 3536,3426,3226
059 95 00 11.1 2958,2646,2320
059 95 00 11.1 2002,1700,1431
059 95 01 11.1 1199,1000,821
059 95 00 11.1 656,490,332
059 95 01 11.1 183,102,343
059 95 02 11.1 1254,2611,3869
059 95 04 10.9 4521,4675,4471
059 95 05 10.9 4248,3968,3705
059 95 05 10.9 3519,3441,3427
059 95 03 10.9 3408,3322,3150
059 95 01 10.9 2902,2604,2284
059 95 00 10.9 1974,1691,1435
059 95 00 10.9 1202,994,810
059 95 02 10.9 642,483,327
059 95 01 10.9 173,21,0
059 95 00 10.9 0,351,1464
059 95 04 10.9 2820,3841,4226
059 95 04 10.4 4217,4148,3846
059 95 05 10.4 3550,3339,3256
059 95 06 10.4 3261,3286,3261
059 95 06 10.4 3142,2942,2674
059 95 00 10.4 2379,2072,1786
059 95 00 10.4 1525,1299,1091
059 95 00 10.4 910,737,577
059 95 00 10.4 410,253,100
059 95 00 10.4 8,202,1043
059 95 03 10.4 2370,3656,4379
059 95 06 10.8 4576,4498,4282
059 95 04 10.8 3992,3703,3501
059 95 04 10.8 3414,3404,3397
059 95 05 10.8 3326,3170,2932
059 95 00 10.8 2643,2333,2034
059 95 01 10.8 1753,1503,1281
059 95 00 10.8 1092,914,750
059 95 00 10.8 581,425,274
059 95 00 10.8 205,521,1492
059 95 04 10.8 2854,4036,4626
059 95 03 10.9 4769,4480,4278
059 95 04 10.9 4013,3764,3597
059 95 04 10.9 3540,3538,3526
059 95 04 10.9 3446,3291,3064
059 95 01 10.9 2784,2486,2190
059 95 00 10.9 1926,1679,1458
059 95 00 10.9 1251,1060,875
059 95 00 10.9 690,509,335
059 95 02 10.9 164,24,53
059 95 00 10.9 632,1813,3155
059 95 06 10.5 4078,4400,4376
059 95 06 10.5 4179,3900,3620
059 95 06 10.5 3425,3350,3362
059 95 06 10.5 3384,3343,3218
059 95 03 10.5 3014,2756,2467
059 95 00 10.5 2179,1897,1639
059 95 00 10.5 1403,1195,1005
059 95 00 10.5 827,650,477
059 95 00 10.5 304,138,3
059 95 00 10.5 69,718,1960
059 95 07 10.5 3332,4251,4597
059 95 07 11.1 4617,4489,4259
059 95 02 11.1 4008,3806,3707
059 95 03 11.1 3692,3697,3649
059 95 06 11.1 3505,3289,3021
059 95 00 11.1 2745,2479,2235
059 95 00 11.1 2007,1789,1579
059 95 00 11.1 1378,1188,1003
059 95 00 11.1 814,622,444
059 95 01 11.1 350,627,1561
059 95 03 11.1 2908,4122,4756
059 95 06 11.0 4938,4534,4365
059 95 07 11.0 4127,3890,3718
059 95 06 11.0 3637,3614,3580
059 95 06 11.0 3491,3324,3087
059 95 00 11.0 2795,2481,2167
059 95 00 11.0 1879,1609,1360
059 95 01 11.0 1124,904,704
059 95 00 11.0 513,328,138
059 95 00 11.0 0,0,0
059 95 00 11.0 0,472,1716
059 95 07 11.0 3027,3847,4110
059 95 06 10.6 4088,4267,4054
059 95 06 10.6 3833,3678,3615
059 95 05 10.6 3607,3598,3532
059 95 06 10.6 3388,3161,2858
059 95 00 10.6 2514,2153,1803
059 95 00 10.6 1474,1181,921
059 95 00 10.6 700,502,324
059 95 00 10.6 155,0,0
059 95 00 10.6 0,0,0
059 95 03 10.6 579,1896,3197
059 95 07 10.8 3958,4177,4520
059 95 04 10.8 4285,3959,3621
059 95 03 10.8 3372,3235,3186
059 95 04 10.8 3149,3073,2923
059 95 00 10.8 2691,2401,2084
059 95 00 10.8 1775,1496,1245
059 95 00 10.8 1023,812,627
059 95 01 10.8 457,303,143
059 95 02 10.8 0,0,0
059 95 00 10.8 234,1281,2639
059 95 04 10.6 3747,4248,4329
059 95 04 10.6 4369,4108,3802
059 95 03 10.6 3531,3348,3272
059 95 04 10.6 3241,3191,3067
059 95 01 10.6 2863,2595,2281
059 95 00 10.6 1964,1662,1400
059 95 00 10.6 1161,957,770
059 95 02 10.6 599,436,277
059 95 01 10.6 122,0,0
059 95 00 10.6 0,0,744
059 95 03 10.6 1988,3173,3823
059 95 04 9.8 3956,4065,3796
059 95 07 9.8 3493,3236,3101
059 95 06 9.8 3072,3093,3070
059 95 06 9.8 2975,2788,2541
059 95 00 9.8 2253,1966,1701
059 95 00 9.8 1459,1244,1048
059 95 00 9.8 876,719,576
059 95 00 9.8 434,293,174
059 95 00 9.8 186,682,1807
059 95 05 9.8 3169,4210,4659
059 95 05 10.8 4754,4493,4280
059 95 04 10.8 4029,3834,3731
059 95 04 10.8 3717,3725,3691
059 95 05 10.8 3574,3379,3122
059 95 00 10.8 2836,2545,2275
059 95 00 10.8 2028,1813,1618
059 95 01 10.8 1437,1265,1095
059 95 00 10.8 930,818,997
059 95 01 10.8 1801,3048,4266
059 95 05 10.6 4971,5225,5228
059 95 07 10.6 4266,4046,3809
059 95 05 10.6 3636,3552,3541
059 95 07 10.6 3534,3480,3342
059 95 03 10.6 3138,2872,2586
059 95 00 10.6 2297,2030,1783
059 95 00 10.6 1555,1350,1163
059 95 00 10.6 985,798,600
059 95 01 10.6 404,286,493
059 95 04 10.6 1328,2567,3720
059 95 06 10.2 4344,4523,4176
059 95 07 10.2 3981,3732,3505
059 95 05 10.2 3373,3353,3381
059 95 07 10.2 3391,3322,3174
059 95 02 10.2 2956,2683,2388
059 95 00 10.2 2090,1819,1595
059 95 00 10.2 1414,1270,1140
059 95 01 10.2 1014,882,719
059 95 00 10.2 569,582,1105
059 95 06 10.2 2148,3348,4193
059 95 06 10.0 4557,4611,3962
059 95 04 10.0 3756,3514,3326
059 95 04 10.0 3225,3216,3224
059 95 03 10.0 3193,3082,2905
059 95 01 10.0 2673,2404,2129
059 95 00 10.0 1861,1628,1418
059 95 01 10.0 1239,1073,915
059 95 00 10.0 740,555,436
059 95 00 10.0 667,1479,2653
059 95 03 10.0 3701,4257,4417
060 95 05 9.8 3930,3762,3526
060 95 04 9.8 3285,3110,3031
060 95 03 9.8 3023,3017,2950
060 95 03 9.8 2802,2598,2346
060 95 00 9.8 2072,1782,1507
060 95 01 9.8 1246,1013,797
060 95 00 9.8 596,395,191
060 95 01 9.8 0,0,0
060 95 00 9.8 0,0,22
060 95 03 9.8 1191,2466,3282
060 95 04 10.3 3554,3521,4007
060 95 03 10.3 3749,3480,3280
060 95 04 10.3 3192,3183,3193
060 95 05 10.3 3155,3040,2851
060 95 00 10.3 2601,2319,2023
060 95 00 10.3 1739,1472,1237
060 95 00 10.3 1020,822,634
060 95 01 10.3 451,269,79
060 95 01 10.3 0,0,371
060 95 02 10.3 1465,2779,3751
060 95 04 10.5 4155,4197,4200
060 95 04 10.5 3964,3696,3465
060 95 05 10.5 3329,3279,3263
060 95 05 10.5 3211,3086,2877
060 95 01 10.5 2611,2304,1982
060 95 01 10.5 1655,1338,1052
060 95 00 10.5 803,586,389
060 95 00 10.5 205,32,0
060 95 00 10.5 0,0,573
060 95 04 10.5 1843,3143,3939
060 95 04 10.7 4179,4135,4233
060 95 07 10.7 3986,3729,3515
060 95 07 10.7 3393,3346,3327
060 95 07 10.7 3260,3125,2899
060 95 00 10.7 2620,2290,1949
060 95 01 10.7 1621,1323,1066
060 95 00 10.7 839,644,470
060 95 00 10.7 306,136,0
060 95 00 10.7 0,272,1272
060 95 05 10.7 2583,3662,4141
060 95 04 10.3 4213,4156,3896
060 95 03 10.3 3584,3317,3162
060 95 04 10.3 3118,3130,3115
060 95 04 10.3 3024,2838,2576
060 95 00 10.3 2265,1939,1613
060 95 00 10.3 1310,1033,806
060 95 01 10.3 607,428,255
060 95 01 10.3 89,0,0
060 95 00 10.3 276,1272,2563
060 95 04 10.1 3593,4038,4071
060 95 05 10.1 4003,3705,3380
060 95 05 10.1 3107,2946,2889
060 95 07 10.1 2880,2848,2734
060 95 01 10.1 2543,2275,1970
060 95 00 10.1 1640,1326,1046
060 95 00 10.1 806,598,415
060 95 00 10.1 243,86,9
060 95 00 10.1 290,1171,2392
061 95 07 9.6 3450,3946,4008
061 95 06 9.6 3812,3508,3159
061 95 05 9.6 2863,2679,2610
061 95 03 9.6 2602,2567,2459
061 95 00 9.6 2253,1976,1649
061 95 00 9.6 1311,987,705
061 95 00 9.6 466,256,69
061 95 00 9.6 0,0,0
061 95 00 9.6 0,209,1331
061 95 06 9.6 2583,3416,3693
061 95 05 9.8 3621,3765,3392
061 95 07 9.8 3039,2807,2724
061 95 08 9.8 2743,2771,2719
061 95 03 9.8 2564,2328,2048
061 95 00 9.8 1751,1469,1219
061 95 00 9.8 1015,836,675
061 95 00 9.8 517,369,275
061 95 00 9.8 461,1225,2423
061 95 07 9.8 3580,4225,4389
061 95 03 9.8 3991,3726,3394
061 95 07 9.8 3095,2897,2822
061 95 08 9.8 2817,2812,2748
061 95 02 9.8 2592,2362,2073
061 95 00 9.8 1764,1456,1178
061 95 00 9.8 941,738,557
061 95 00 9.8 383,255,366
061 95 02 9.8 1058,2253,3488
062 95 08 10.1 4237,4470,4170
062 95 05 10.1 3974,3686,3380
062 95 04 10.1 3149,3035,3010
062 95 08 10.1 2996,2930,2785
062 95 00 10.1 2566,2287,1977
062 95 00 10.1 1652,1340,1057
062 95 01 10.1 808,598,404
062 95 00 10.1 223,57,0
062 95 00 10.1 361,1352,2650
062 95 07 10.1 3687,4131,4164
062 95 05 10.1 3994,3698,3367
062 95 05 10.1 3111,2984,2978
062 95 08 10.1 3007,2996,2898
062 95 02 10.1 2708,2455,2164
062 95 00 10.1 1856,1550,1266
062 95 00 10.1 1014,807,617
062 95 02 10.1 450,268,94
062 95 01 10.1 0,42,707
062 95 05 10.1 1868,3054,3750
062 95 07 9.5 3912,3828,3514
062 95 06 9.5 3137,2794,2576
062 95 03 9.5 2490,2485,2479
062 95 00 9.5 2405,2246,2001
062 95 00 9.5 1700,1372,1060
062 95 00 9.5 775,527,310
062 95 00 9.5 127,0,0
062 95 01 9.5 0,0,0
062 95 01 9.5 852,2218,3414
063 95 04 10.7 3992,4094,4360
063 95 06 10.7 4104,3782,3485
063 95 07 10.7 3288,3211,3200
063 95 08 10.7 3175,3089,2921
063 95 00 10.7 2683,2384,2051
063 95 00 10.7 1720,1408,1148
063 95 00 10.7 919,722,535
063 95 00 10.7 361,199,37
063 95 00 10.7 0,0,702
063 95 05 10.7 1983,3333,4155
063 95 05 10.6 4385,4409,4165
063 95 05 10.6 3848,3526,3296
063 95 07 10.6 3188,3172,3167
063 95 07 10.6 3105,2957,2717
063 95 00 10.6 2412,2072,1737
063 95 00 10.6 1424,1143,898
063 95 00 10.6 690,504,333
063 95 00 10.6 175,19,0
063 95 01 10.6 0,58,952
063 95 04 10.6 2230,3345,3850
063 95 07 9.7 3874,3839,3472
063 95 05 9.7 3091,2799,2644
063 95 06 9.7 2616,2639,2632
063 95 03 9.7 2537,2346,2075
063 95 00 9.7 1763,1445,1161
063 95 00 9.7 907,694,507
063 95 00 9.7 348,199,54
063 95 00 9.7 0,0,0
063 95 03 9.7 608,1876,3228
063 95 08 10.6 4063,4316,4452
063 95 05 10.6 4223,3913,3595
063 95 07 10.6 3374,3275,3272
063 95 03 10.6 3275,3216,3068
063 95 02 10.6 2837,2551,2236
063 95 00 10.6 1925,1642,1395
063 95 00 10.6 1179,987,818
063 95 00 10.6 658,499,351
063 95 00 10.6 282,588,1565
063 95 06 10.6 2931,4121,4685
063 95 03 10.6 4790,4386,4137
063 95 06 10.6 3830,3549,3368
063 95 06 10.6 3308,3304,3285
063 95 06 10.6 3187,3003,2747
063 95 00 10.6 2443,2121,1806
063 95 00 10.6 1518,1263,1039
063 95 00 10.6 829,643,474
063 95 01 10.6 324,173,30
063 95 00 10.6 0,339,1362
063 95 05 10.6 2719,3828,4311
063 95 07 10.4 4365,4220,3936
063 95 07 10.4 3630,3401,3307
063 95 06 10.4 3322,3365,3352
063 95 06 10.4 3250,3065,2810
063 95 00 10.4 2516,2215,1932
063 95 00 10.4 1678,1447,1242
063 95 00 10.4 1058,891,733
063 95 00 10.4 571,423,409
063 95 00 10.4 900,2051,3457
064 95 06 11.0 4520,4955,5005
064 95 08 11.0 4486,4257,3992
064 95 08 11.0 3768,3638,3604
064 95 06 11.0 3613,3587,3490
064 95 04 11.0 3307,3073,2791
064 95 00 11.0 2502,2216,1951
064 95 00 11.0 1709,1490,1303
064 95 00 11.0 1128,949,761
064 95 00 11.0 581,553,1028
064 95 03 11.0 2155,3522,4549
064 95 03 10.8 4965,5010,4345
064 95 06 10.8 4111,3833,3582
064 95 06 10.8 3432,3389,3386
064 95 05 10.8 3347,3231,3038
064 95 00 10.8 2780,2476,2160
064 95 00 10.8 1858,1574,1315
064 95 00 10.8 1079,859,656
064 95 00 10.8 451,254,52
064 95 00 10.8 0,0,0
064 95 00 10.8 0,545,1852
064 95 07 10.8 3110,3794,3956
064 95 05 10.5 4284,4041,3742
064 95 07 10.5 3478,3324,3290
064 95 08 10.5 3310,3304,3221
064 95 05 10.5 3057,2821,2528
064 95 00 10.5 2217,1913,1639
064 95 00 10.5 1390,1160,951
064 95 01 10.5 755,574,400
064 95 00 10.5 229,66,0
064 95 00 10.5 0,314,1453
064 95 06 10.5 2908,4056,4552
063 95 06 11.4 4649,4683,4470
063 95 06 11.4 4202,3968,3823
063 95 06 11.4 3777,3774,3740
063 95 06 11.4 3626,3426,3164
063 95 00 11.4 2862,2542,2226
063 95 00 11.4 1927,1658,1417
063 95 00 11.4 1198,1003,809
063 95 00 11.4 632,451,290

0!0!0!0
1!1!1!1!1!1!1!1!1!1!1!1!1!1!1!1!1!1!1!