100001!20190823_185745!1!3
2.3!2.2!2.27!2.28!2.26!2.32!
99!57!62!0!601
358.8 2.35 103 70

058 99 00 1.2 81,60,46
058 99 00 1.2 28,15,0
058 99 00 1.2 0,0,0
058 99 00 1.2 0,0,0
058 99 04 1.2 92,191,262
058 99 08 1.2 303,322,326
058 99 08 1.3 325,379,369
058 99 05 1.3 353,347,339
058 99 03 1.3 333,314,301
058 99 02 1.3 285,273,253
058 99 00 1.3 236,221,206
058 99 00 1.3 186,167,146
058 99 00 1.3 126,107,93
058 99 00 1.3 79,63,49
058 99 00 1.3 66,133,232
058 99 07 1.3 325,388,425
058 99 08 1.4 441,445,389
058 99 06 1.4 377,366,356
058 99 04 1.4 352,338,323
058 99 02 1.4 307,295,277
058 99 01 1.4 259,246,232
058 99 00 1.4 218,194,176
058 99 00 1.4 154,136,117
058 99 00 1.4 94,73,54
058 99 00 1.4 41,41,75
058 99 02 1.4 151,247,329
058 99 08 1.4 381,406,413
058 99 07 1.3 373,362,350
058 99 05 1.3 343,336,328
058 99 03 1.3 319,306,290
058 99 02 1.3 272,259,244
058 99 01 1.3 226,207,191
058 99 00 1.3 176,162,151
058 99 00 1.3 139,125,108
058 99 00 1.3 91,74,74
058 99 01 1.3 113,192,279
058 99 07 1.3 341,368,377
058 99 07 1.1 301,289,283
058 99 07 1.1 277,276,265
058 99 04 1.1 258,245,231
058 99 01 1.1 213,201,183
058 99 00 1.1 167,148,132
058 99 00 1.1 119,106,95
058 99 00 1.1 79,60,41
058 99 00 1.1 24,4,0
058 99 00 1.1 20,94,196
058 99 08 1.1 292,355,395
058 99 03 1.5 412,420,420
058 99 07 1.5 412,401,395
058 99 05 1.5 388,374,361
058 99 03 1.5 345,333,314
058 99 01 1.5 293,274,257
058 99 00 1.5 243,226,212
058 99 00 1.5 192,175,155
058 99 00 1.5 138,120,106
058 99 00 1.5 97,119,182
058 99 05 1.5 277,366,428
058 99 08 1.3 464,481,482
058 99 07 1.3 375,364,348
058 99 04 1.3 341,330,323
058 99 03 1.3 307,292,273
058 99 01 1.3 258,240,223
058 99 00 1.3 203,186,172
058 99 00 1.3 152,134,114
058 99 00 1.3 97,78,58
058 99 00 1.3 39,24,24
058 99 00 1.3 66,143,241
058 99 07 1.3 317,363,380
058 99 08 1.3 387,362,353
058 99 06 1.3 341,331,325
058 99 04 1.3 315,307,295
058 99 02 1.3 282,268,249
058 99 01 1.3 232,215,201
058 99 00 1.3 185,171,155
058 99 00 1.3 141,122,108
058 99 00 1.3 90,75,62
058 99 00 1.3 66,115,196
058 99 06 1.3 283,344,373
058 99 08 1.1 383,318,305
058 99 05 1.1 289,281,278
058 99 04 1.1 276,265,251
058 99 02 1.1 241,225,211
058 99 01 1.1 189,171,153
058 99 00 1.1 137,119,102
058 99 00 1.1 86,73,55
058 99 00 1.1 41,21,5
058 99 00 1.1 0,23,88
058 99 05 1.1 189,285,357
058 99 08 1.1 402,421,432
057 99 08 1.5 429,427,418
057 99 06 1.5 412,403,390
057 99 04 1.5 376,361,347
057 99 02 1.5 328,314,297
057 99 01 1.5 284,265,247
057 99 00 1.5 230,213,195
057 99 00 1.5 175,157,140
057 99 00 1.5 118,100,109
057 99 01 1.5 162,254,352
057 99 08 1.5 425,470,490
057 99 08 1.4 497,393,385
057 99 06 1.4 377,367,359
057 99 04 1.4 347,336,320
057 99 02 1.4 304,282,259
057 99 00 1.4 240,224,210
057 99 00 1.4 192,172,155
057 99 00 1.4 133,118,98
057 99 00 1.4 81,58,38
057 99 00 1.4 25,44,108
057 99 04 1.4 199,288,345
057 99 08 1.3 381,394,395
057 99 07 1.3 359,346,337
057 99 05 1.3 329,323,313
057 99 03 1.3 305,291,274
057 99 02 1.3 257,239,227
057 99 00 1.3 208,194,179
057 99 00 1.3 166,152,137
057 99 00 1.3 116,97,80
057 99 00 1.3 68,64,99
057 99 01 1.3 175,268,341
057 99 08 1.2 381,399,397
057 99 07 1.2 328,315,308
057 99 05 1.2 304,299,287
057 99 03 1.2 275,256,239
057 99 02 1.2 219,202,184
057 99 00 1.2 167,148,131
057 99 00 1.2 115,102,85
057 99 00 1.2 66,46,28
057 99 00 1.2 10,1,25
057 99 00 1.2 93,196,294
057 99 07 1.2 367,409,425
057 99 08 1.5 427,417,409
057 99 07 1.5 402,393,383
057 99 04 1.5 372,358,345
057 99 03 1.5 330,317,299
057 99 01 1.5 281,263,243
057 99 00 1.5 224,204,186
057 99 00 1.5 168,152,138
057 99 00 1.5 119,98,91
057 99 00 1.5 120,195,294
057 99 06 1.5 384,446,478
057 99 08 1.4 500,501,403
057 99 07 1.4 385,376,370
057 99 05 1.4 363,351,336
057 99 03 1.4 316,300,277
057 99 01 1.4 262,244,232
057 99 00 1.4 214,195,176
057 99 00 1.4 157,137,119
057 99 00 1.4 102,89,71
057 99 00 1.4 61,74,133
057 99 02 1.4 229,323,392
057 99 08 1.4 429,445,445
057 99 08 1.4 376,361,350
057 99 05 1.4 339,329,317
057 99 03 1.4 307,297,280
057 99 02 1.4 261,240,224
057 99 00 1.4 211,194,176
057 99 00 1.4 156,140,123
057 99 00 1.4 107,85,66
057 99 00 1.4 49,56,102
057 99 01 1.4 184,272,335
057 99 08 1.2 370,385,385
057 99 07 1.2 325,304,289
057 99 04 1.2 276,272,264
057 99 03 1.2 254,237,217
057 99 01 1.2 199,183,166
057 99 00 1.2 145,123,104
057 99 00 1.2 86,68,47
057 99 00 1.2 24,3,0
057 99 00 1.2 0,0,0
057 99 00 1.2 47,154,251
057 99 07 1.2 320,363,382
057 99 08 1.5 385,424,415
057 99 07 1.5 405,397,388
057 99 04 1.5 377,358,338
057 99 02 1.5 317,301,285
057 99 01 1.5 266,247,227
057 99 00 1.5 207,187,167
057 99 00 1.5 144,125,105
057 99 00 1.5 86,64,49
057 99 00 1.5 67,134,236
057 99 05 1.5 335,401,442
057 99 08 1.4 457,459,399
057 99 07 1.4 387,374,363
057 99 04 1.4 354,344,329
057 99 03 1.4 309,287,264
057 99 01 1.4 244,222,205
057 99 00 1.4 187,171,152
057 99 00 1.4 130,110,89
057 99 00 1.4 68,46,26
057 99 00 1.4 10,16,63
057 99 01 1.4 150,244,313
057 99 08 1.3 356,379,379
057 99 07 1.3 360,345,338
057 99 05 1.3 334,327,317
057 99 03 1.3 303,284,266
057 99 01 1.3 247,233,215
057 99 00 1.3 197,178,159
057 99 00 1.3 142,121,104
057 99 00 1.3 84,69,52
057 99 00 1.3 37,38,80
057 99 01 1.3 161,252,320
057 99 08 1.2 355,368,367
057 99 07 1.2 327,317,306
057 99 04 1.2 297,289,273
057 99 03 1.2 260,240,224
057 99 01 1.2 205,184,166
057 99 00 1.2 147,131,109
057 99 00 1.2 91,73,55
057 99 00 1.2 35,13,0
057 99 00 1.2 0,0,58
057 99 02 1.2 159,261,338
057 99 08 1.2 386,410,418
058 99 08 1.5 433,422,409
058 99 06 1.5 401,393,385
058 99 04 1.5 370,356,337
058 99 02 1.5 320,300,276
058 99 00 1.5 253,228,210
058 99 00 1.5 191,177,157
058 99 00 1.5 142,120,102
058 99 00 1.5 82,87,134
058 99 01 1.5 222,324,405
058 99 08 1.5 458,486,491
058 99 08 1.5 406,392,383
058 99 06 1.5 371,361,350
058 99 04 1.5 339,325,305
058 99 02 1.5 280,260,241
058 99 00 1.5 222,199,178
058 99 00 1.5 158,141,119
058 99 00 1.5 98,77,55
058 99 00 1.5 38,25,49
058 99 00 1.5 117,215,303
058 99 07 1.5 358,387,395
058 99 08 1.3 366,354,344
058 99 06 1.3 334,324,316
058 99 03 1.3 306,295,281
058 99 02 1.3 266,246,225
058 99 01 1.3 205,187,166
058 99 00 1.3 148,127,109
058 99 00 1.3 89,73,56
058 99 00 1.3 38,36,72
058 99 01 1.3 154,248,318
058 99 07 1.2 352,367,368
058 99 07 1.2 325,310,295
058 99 04 1.2 288,280,271
058 99 03 1.2 256,239,220
058 99 01 1.2 201,179,160
058 99 00 1.2 138,118,95
058 99 00 1.2 78,62,47
058 99 00 1.2 28,10,0
058 99 00 1.2 0,0,13
058 99 01 1.2 106,210,298
058 99 08 1.2 350,382,393
058 99 08 1.5 393,414,400
058 99 06 1.5 390,381,370
058 99 04 1.5 353,341,322
058 99 02 1.5 302,281,261
058 99 00 1.5 247,226,211
058 99 00 1.5 189,165,141
058 99 00 1.5 116,96,76
058 99 00 1.5 57,39,51
058 99 00 1.5 114,214,311
058 99 07 1.5 380,423,443
058 99 08 1.4 444,394,383
058 99 06 1.4 371,358,345
058 99 04 1.4 331,314,295
058 99 02 1.4 273,253,233
058 99 00 1.4 213,195,174
058 99 00 1.4 151,128,106
058 99 00 1.4 87,64,43
058 99 00 1.4 21,0,0
058 99 00 1.4 0,24,111
058 99 03 1.4 213,289,334
058 99 08 1.3 350,356,367
058 99 07 1.3 355,341,335
058 99 04 1.3 325,313,302
058 99 03 1.3 287,270,253
058 99 01 1.3 231,212,189
058 99 00 1.3 169,149,130
058 99 00 1.3 112,94,72
058 99 00 1.3 53,31,11
058 99 00 1.3 4,35,105
058 99 02 1.3 191,261,302
058 99 07 1.1 319,310,299
058 99 08 1.1 285,275,269
058 99 05 1.1 260,250,234
058 99 02 1.1 220,203,181
058 99 00 1.1 158,132,115
058 99 00 1.1 93,75,57
058 99 00 1.1 38,19,0
058 99 00 1.1 0,0,0
058 99 00 1.1 0,0,67
058 99 04 1.1 185,275,331
058 99 02 1.5 355,362,430
058 99 08 1.5 420,408,398
058 99 05 1.5 388,377,366
058 99 03 1.5 354,335,314
058 99 02 1.5 292,271,251
058 99 00 1.5 231,211,194
058 99 00 1.5 176,156,135
058 99 00 1.5 115,97,80
058 99 00 1.5 75,110,193
058 99 03 1.5 296,384,438
058 99 08 1.5 469,483,482
058 99 08 1.5 395,379,365
058 99 05 1.5 354,344,334
058 99 03 1.5 321,303,281
058 99 01 1.5 260,239,218
058 99 00 1.5 199,182,163
058 99 00 1.5 142,119,96
058 99 00 1.5 78,56,39
058 99 00 1.5 20,25,77
058 99 01 1.5 172,269,341
058 99 08 1.4 380,401,401
058 99 08 1.4 377,362,352
058 99 05 1.4 342,333,320
058 99 03 1.4 303,287,271
058 99 01 1.4 253,234,215
058 99 00 1.4 198,183,161
058 99 00 1.4 138,118,101
058 99 00 1.4 86,67,50
058 99 00 1.4 36,49,107
058 99 02 1.4 194,275,320
058 99 07 1.1 339,337,291
058 99 08 1.1 279,266,257
058 99 05 1.1 247,238,225
058 99 02 1.1 208,189,167
058 99 00 1.1 147,123,101
058 99 00 1.1 82,65,47
058 99 00 1.1 28,10,0
058 99 00 1.1 0,0,0
058 99 00 1.1 0,0,89
058 99 05 1.1 193,270,317
058 99 05 1.5 339,347,413
058 99 07 1.5 402,385,373
058 99 05 1.5 356,341,324
058 99 03 1.5 307,286,260
058 99 01 1.5 241,224,203
058 99 00 1.5 177,149,129
058 99 00 1.5 106,90,69
058 99 00 1.5 51,28,7
058 99 00 1.5 4,44,130
058 99 03 1.5 234,319,372
058 99 08 1.4 394,403,395
058 99 07 1.4 382,362,347
058 99 04 1.4 335,319,303
058 99 02 1.4 286,266,246
058 99 01 1.4 217,189,161
058 99 00 1.4 140,120,97
058 99 00 1.4 77,57,36
058 99 00 1.4 14,0,0
058 99 00 1.4 0,0,4
058 99 01 1.4 93,193,269
058 99 08 1.3 310,324,377
058 99 07 1.3 364,350,333
058 99 04 1.3 322,307,296
058 99 03 1.3 278,256,232
058 99 01 1.3 211,192,172
058 99 00 1.3 151,130,112
058 99 00 1.3 93,73,50
058 99 00 1.3 27,5,0
058 99 00 1.3 0,0,18
058 99 01 1.3 100,179,229
058 99 06 1.0 249,251,274
058 99 07 1.0 257,237,229
058 99 04 1.0 219,209,194
058 99 02 1.0 180,162,141
058 99 00 1.0 116,97,77
058 99 00 1.0 54,32,15
058 99 00 1.0 1,0,0
058 99 00 1.0 0,0,0
058 99 00 1.0 56,148,219
058 99 08 1.3 267,288,292
058 99 07 1.3 340,322,300
058 99 04 1.3 283,267,252
058 99 02 1.3 231,209,201
058 99 01 1.3 190,164,126
058 99 00 1.3 100,92,82
058 99 00 1.3 72,58,39
058 99 00 1.3 15,0,2
058 99 00 1.3 53,133,222
058 99 06 1.3 291,338,361
058 99 08 1.3 368,361,344
058 99 06 1.3 318,299,279
058 99 03 1.3 257,233,203
058 99 01 1.3 174,144,116
058 99 00 1.3 87,59,27
058 99 00 1.3 1,0,0
058 99 00 1.3 0,0,0
058 99 00 1.3 0,0,0
058 99 04 1.3 77,131,158
059 99 06 1.1 166,164,288
059 99 07 1.1 269,248,234
059 99 03 1.1 216,200,179
059 99 00 1.1 159,135,115
059 99 00 1.1 93,72,48
059 99 00 1.1 27,7,0
059 99 00 1.1 0,0,0
059 99 00 1.1 0,0,27
059 99 03 1.1 106,161,188
059 99 08 1.0 198,267,253
059 99 07 1.0 233,220,208
059 99 03 1.0 200,188,174
059 99 00 1.0 150,128,105
059 99 00 1.0 83,65,48
059 99 00 1.0 32,13,0
059 99 00 1.0 0,0,0
059 99 00 1.0 0,0,14
059 99 02 1.0 104,181,230
059 99 08 1.2 252,259,337
059 99 08 1.2 323,307,291
059 99 06 1.2 278,264,247
059 99 02 1.2 228,208,187
059 99 00 1.2 165,142,119
059 99 00 1.2 98,74,55
059 99 00 1.2 36,15,0
059 99 00 1.2 0,0,0
059 99 00 1.2 62,158,235
059 99 08 1.2 289,316,326
060 99 08 1.3 365,350,329
060 99 05 1.3 309,292,281
060 99 03 1.3 263,245,225
060 99 01 1.3 203,179,152
060 99 00 1.3 130,108,86
060 99 00 1.3 60,36,12
060 99 00 1.3 0,0,0
060 99 00 1.3 0,0,0
060 99 00 1.3 53,146,217
060 99 07 1.3 259,283,285
060 99 07 1.3 354,335,315
060 99 04 1.3 300,286,272
060 99 02 1.3 252,230,210
060 99 00 1.3 188,168,147
060 99 00 1.3 124,100,75
060 99 00 1.3 56,35,12
060 99 00 1.3 0,0,0
060 99 00 1.3 0,0,0
060 99 00 1.3 0,22,115
060 99 05 1.3 183,221,236
060 99 07 1.2 239,347,335
060 99 05 1.2 320,304,291
060 99 03 1.2 280,267,248
060 99 02 1.2 226,207,185
060 99 00 1.2 164,138,116
060 99 00 1.2 96,75,57
060 99 00 1.2 37,16,0
060 99 00 1.2 0,0,0
060 99 00 1.2 0,24,109
060 99 04 1.2 184,229,251
060 99 07 1.1 251,305,292
060 99 07 1.1 284,275,268
060 99 05 1.1 265,253,238
060 99 02 1.1 218,204,185
060 99 00 1.1 169,149,129
060 99 00 1.1 107,87,65
060 99 00 1.1 43,22,4
060 99 00 1.1 0,0,0
060 99 00 1.1 0,7,109
060 99 05 1.1 214,290,333
060 99 08 1.5 357,365,414
060 99 07 1.5 401,386,375
060 99 04 1.5 361,349,337
060 99 03 1.5 320,300,277
060 99 01 1.5 258,236,213
060 99 00 1.5 191,175,154
060 99 00 1.5 132,104,80
060 99 00 1.5 57,37,21
060 99 00 1.5 9,32,95
060 99 02 1.5 197,288,354
060 99 08 1.4 384,401,401
060 99 08 1.4 381,363,352
060 99 05 1.4 343,333,317
060 99 03 1.4 303,288,268
060 99 01 1.4 245,223,199
060 99 00 1.4 180,156,136
060 99 00 1.4 111,89,67
060 99 00 1.4 44,22,0
060 99 00 1.4 0,0,8
060 99 00 1.4 84,186,268
060 99 07 1.4 318,343,352
060 99 08 1.3 375,362,348
060 99 05 1.3 339,330,323
060 99 03 1.3 311,293,275
060 99 02 1.3 253,232,211
060 99 00 1.3 193,180,156
060 99 00 1.3 137,110,95
060 99 00 1.3 77,61,42
060 99 00 1.3 23,15,43
060 99 00 1.3 110,205,279
060 99 07 1.1 324,336,336
060 99 07 1.1 310,297,284
060 99 04 1.1 278,272,265
060 99 03 1.1 253,235,213
060 99 01 1.1 197,179,162
060 99 00 1.1 134,114,94
060 99 00 1.1 82,66,46
060 99 00 1.1 23,4,0
060 99 00 1.1 0,0,8
060 99 01 1.1 97,206,295
060 99 08 1.1 341,364,374
060 99 08 1.4 400,388,372
060 99 06 1.4 361,352,340
060 99 04 1.4 331,314,298
060 99 02 1.4 276,255,235
060 99 00 1.4 214,191,168
060 99 00 1.4 148,130,112
060 99 00 1.4 93,74,53
060 99 00 1.4 36,24,41
060 99 00 1.4 106,204,304
060 99 07 1.4 369,405,418
060 99 08 1.4 422,386,371
060 99 06 1.4 357,347,338
060 99 04 1.4 323,305,286
060 99 02 1.4 267,252,237
060 99 00 1.4 218,197,176
060 99 00 1.4 155,137,113
060 99 00 1.4 95,75,57
060 99 00 1.4 39,24,13
060 99 00 1.4 23,72,155
060 99 04 1.4 244,311,350
060 99 08 1.2 365,362,342
060 99 06 1.2 333,329,331
060 99 05 1.2 332,335,326
060 99 04 1.2 315,291,266
060 99 01 1.2 232,200,166
060 99 00 1.2 136,100,67
060 99 00 1.2 37,11,0
060 99 00 1.2 0,0,0
060 99 00 1.2 0,0,0
060 99 01 1.2 78,152,194
060 99 06 1.0 210,298,290
060 99 08 1.0 281,275,270
060 99 05 1.0 269,267,265
060 99 04 1.0 262,260,262
060 99 04 1.0 265,272,282
060 99 05 1.0 297,313,326
060 99 07 1.0 374,411,421
060 99 08 1.0 384,352,345
060 99 04 1.0 361,416,505
060 99 08 1.0 607,687,740
060 99 04 1.0 766,778,784
060 99 04 1.0 788,795,803
060 99 08 1.9 811,817,555
060 99 08 1.9 552,546,538
060 99 07 1.9 526,511,495
060 99 03 1.9 486,477,468
060 99 01 1.9 456,443,429
060 99 00 1.9 417,407,402
060 99 00 1.9 427,495,590
060 99 07 1.9 682,749,801
060 99 02 1.9 833,853,857
062 99 03 1.6 451,447,446
062 99 07 1.6 445,434,413
062 99 04 1.6 399,381,365
062 99 02 1.6 342,324,307
062 99 01 1.6 291,276,259
062 99 00 1.6 237,210,193
062 99 00 1.6 179,168,154
062 99 00 1.6 163,208,280
062 99 04 1.6 344,384,397
062 99 06 0.9 395,229,214
062 99 03 0.9 196,181,167
062 99 02 0.9 154,143,129
062 99 02 0.9 114,98,80
062 99 01 0.9 61,40,27
062 99 01 0.9 14,0,0
062 99 01 0.9 0,0,0
062 99 01 0.9 0,0,0
062 99 01 0.9 16,100,171
062 99 05 1.1 208,228,230
062 99 05 1.1 301,291,284
062 99 05 1.1 276,268,261
062 99 03 1.1 253,248,235
062 99 02 1.1 220,206,192
062 99 01 1.1 178,162,146
062 99 00 1.1 133,119,106
062 99 00 1.1 92,76,61
062 99 00 1.1 47,64,113
062 99 02 1.1 198,282,351
062 99 08 1.1 394,418,424
061 99 08 1.3 375,365,353
061 99 06 1.3 341,336,327
061 99 04 1.3 319,302,292
061 99 02 1.3 275,261,242
061 99 01 1.3 229,213,201
061 99 00 1.3 185,170,155
061 99 00 1.3 140,129,115
061 99 00 1.3 101,92,117
061 99 01 1.3 188,289,373
061 99 07 1.3 426,450,461
061 99 08 1.3 459,355,344
061 99 06 1.3 338,337,337
061 99 04 1.3 336,330,321
061 99 03 1.3 308,297,287
061 99 02 1.3 280,271,260
061 99 01 1.3 246,232,223
061 99 00 1.3 210,201,190
061 99 00 1.3 182,172,164
061 99 00 1.3 178,233,319
061 99 05 1.3 395,439,454
061 99 08 1.0 455,282,265
061 99 07 1.0 238,213,185

0!0!0!0
1!1!1!1!1!1!1!1!1!1!1!1!1!1!1!1!1!1!1!