176927!20190827_125109!1!1
2.62!2.72!2.77!2.9!0.14!3.05!
96!67!73!566!566
472.8 3.44 83 353

071 96 06 5.1 1317,1352,1364
071 96 05 5.1 1339,1282,1202
071 96 03 5.1 1117,1038,973
071 96 00 5.1 920,879,847
071 96 00 5.1 813,768,708
071 96 00 5.1 677,757,1009
071 96 06 5.1 1358,1657,1798
071 96 08 3.8 1802,1045,936
071 96 06 3.8 843,807,823
071 96 07 3.8 853,854,822
071 96 04 3.8 757,680,595
071 96 00 3.8 519,452,396
071 96 00 3.8 351,312,267
071 96 01 3.8 206,140,131
071 96 01 3.8 276,580,937
070 96 05 4.0 1194,1296,1281
070 96 06 4.0 1079,994,945
070 96 07 4.0 947,976,994
070 96 08 4.0 986,946,883
070 96 03 4.0 810,745,691
070 96 00 4.0 647,609,581
070 96 00 4.0 550,512,454
070 96 00 4.0 402,444,668
070 96 05 4.0 1042,1417,1657
070 96 04 4.6 1741,1310,1226
070 96 05 4.6 1136,1085,1082
070 96 02 4.6 1109,1126,1111
070 96 08 4.6 1061,988,907
070 96 00 4.6 826,747,677
070 96 00 4.6 616,566,519
070 96 00 4.6 466,394,339
070 96 00 4.6 406,668,1052
070 96 08 4.4 1394,1572,1603
070 96 04 4.4 1197,1086,972
070 96 06 4.4 900,879,888
070 96 05 4.4 881,853,778
070 96 00 4.4 684,570,471
070 96 00 4.4 377,302,229
070 96 00 4.4 162,83,0
070 96 00 4.4 0,0,0
070 96 00 4.4 14,372,731
070 96 04 4.1 943,987,1119
070 96 05 4.1 990,862,776
070 96 03 4.1 747,750,752
070 96 02 4.1 724,658,565
070 96 00 4.1 458,351,254
070 96 00 4.1 170,104,42
070 96 00 4.1 0,0,0
070 96 00 4.1 0,0,0
070 96 00 4.1 0,0,364
070 96 05 4.0 680,818,796
070 96 06 4.0 1032,886,762
070 96 03 4.0 704,701,716
070 96 02 4.0 707,662,586
070 96 00 4.0 482,371,262
070 96 00 4.0 166,74,0
070 96 00 4.0 0,0,0
070 96 00 4.0 0,0,0
070 96 02 4.0 266,672,952
070 96 07 4.6 1062,1035,1223
070 96 05 4.6 1101,1005,957
070 96 05 4.6 949,947,929
070 96 03 4.6 880,800,698
070 96 00 4.6 587,489,398
070 96 00 4.6 322,250,184
070 96 00 4.6 126,62,0
070 96 00 4.6 0,0,73
070 96 02 4.6 435,858,1155
069 96 08 4.6 1267,1243,1246
069 96 05 4.6 1122,1015,966
069 96 05 4.6 960,969,953
069 96 03 4.6 905,823,729
069 96 00 4.6 624,525,427
069 96 00 4.6 340,266,204
069 96 00 4.6 147,90,22
069 96 00 4.6 0,0,60
069 96 02 4.6 378,768,1050
069 96 06 4.2 1158,1205,1084
069 96 05 4.2 949,851,815
069 96 03 4.2 827,847,844
069 96 03 4.2 806,738,648
069 96 00 4.2 558,468,391
069 96 01 4.2 317,257,207
069 96 01 4.2 159,110,49
069 96 00 4.2 0,0,7
069 96 01 4.2 273,669,1026
069 96 05 4.4 1212,1238,1219
069 96 06 4.4 1099,990,941
069 96 07 4.4 946,971,981
069 96 06 4.4 955,900,817
069 96 00 4.4 725,632,551
069 96 01 4.4 479,420,372
069 96 00 4.4 330,281,222
069 96 00 4.4 165,206,440
069 96 03 4.4 838,1237,1485
069 96 03 4.7 1560,1360,1259
069 96 06 4.7 1155,1093,1088
069 96 08 4.7 1118,1141,1132
069 96 07 4.7 1084,1004,912
069 96 00 4.7 820,742,676
069 96 01 4.7 622,571,526
069 96 01 4.7 475,417,350
069 96 00 4.7 284,279,442
069 96 03 4.7 793,1206,1516
069 96 04 4.7 1650,1646,1294
069 96 07 4.7 1191,1125,1115
069 96 08 4.7 1143,1170,1169
069 96 08 4.7 1133,1070,989
069 96 01 4.7 909,832,769
069 96 00 4.7 714,667,625
069 96 00 4.7 576,523,456
069 96 00 4.7 395,414,609
069 96 02 4.7 964,1340,1587
069 96 08 4.4 1672,1251,1158
069 96 06 4.4 1059,1002,999
069 96 08 4.4 1026,1046,1038
069 96 08 4.4 990,919,835
069 96 00 4.4 757,683,621
069 96 00 4.4 571,527,489
069 96 00 4.4 449,403,344
069 96 00 4.4 274,219,272
069 96 00 4.4 502,878,1239
068 96 04 4.5 1461,1523,1258
068 96 07 4.5 1161,1073,1034
068 96 01 4.5 1050,1083,1102
068 96 06 4.5 1084,1033,966
068 96 03 4.5 896,835,785
068 96 00 4.5 741,711,685
068 96 00 4.5 665,634,589
068 96 00 4.5 534,532,683
068 96 02 4.5 1007,1404,1717
068 96 06 4.9 1874,1894,1306
068 96 06 4.9 1207,1135,1116
068 96 03 4.9 1142,1178,1192
068 96 06 4.9 1169,1112,1039
068 96 03 4.9 965,899,844
068 96 00 4.9 795,744,694
068 96 00 4.9 642,591,538
068 96 01 4.9 477,454,556
068 96 02 4.9 846,1234,1568
068 96 06 4.7 1740,1769,1251
068 96 06 4.7 1154,1068,1033
068 96 06 4.7 1033,1045,1034
068 96 08 4.7 999,937,862
068 96 00 4.7 781,704,636
068 96 00 4.7 574,520,464
068 96 00 4.7 411,343,265
068 96 00 4.7 203,251,475
068 96 04 4.7 834,1183,1396
067 96 08 4.5 1459,1214,1119
067 96 05 4.5 1022,963,957
067 96 07 4.5 975,981,944
067 96 04 4.5 870,773,672
067 96 00 4.5 578,496,422
067 96 00 4.5 363,309,258
067 96 00 4.5 196,129,57
067 96 00 4.5 9,68,308
067 96 03 4.5 674,1015,1203
067 96 07 4.4 1230,1141,1016
067 96 04 4.4 914,860,862
067 96 04 4.4 880,889,854
067 96 03 4.4 782,679,574
067 96 00 4.4 478,403,338
067 96 01 4.4 281,219,161
067 96 00 4.4 93,14,0
067 96 00 4.4 8,277,694
067 96 05 5.1 1078,1295,1350
067 96 05 5.1 1360,1265,1167
067 96 05 5.1 1094,1060,1049
067 96 06 5.1 1026,976,890
067 96 00 5.1 785,673,568
067 96 00 5.1 479,404,340
067 96 00 5.1 282,222,145
067 96 00 5.1 66,68,265
067 96 03 5.1 636,1041,1313
067 96 08 5.0 1424,1421,1304
067 96 06 5.0 1210,1127,1081
067 96 07 5.0 1070,1065,1037
067 96 04 5.0 974,876,767
067 96 00 5.0 655,560,473
067 96 00 5.0 397,321,251
067 96 00 5.0 177,97,11
067 96 00 5.0 0,45,328
067 96 03 5.0 729,1070,1239
067 96 07 4.7 1252,1210,1091
067 96 06 4.7 979,918,899
067 96 06 4.7 902,887,842
067 96 01 4.7 765,673,572
067 96 00 4.7 474,380,306
067 96 00 4.7 237,174,108
067 96 00 4.7 41,0,0
067 96 00 4.7 0,142,517
067 96 06 4.6 895,1125,1183
067 96 06 4.6 1233,1121,997
067 96 07 4.6 912,882,886
067 96 06 4.6 884,850,780
067 96 00 4.6 685,579,482
067 96 00 4.6 397,327,267
067 96 00 4.6 209,159,96
067 96 00 4.6 28,0,51
067 96 00 4.6 317,711,1051
067 96 07 4.6 1225,1242,1189
067 96 06 4.6 1064,944,867
067 96 05 4.6 842,843,837
067 96 03 4.6 799,723,626
067 96 00 4.6 523,426,334
067 96 00 4.6 253,183,123
067 96 00 4.6 60,0,0
067 96 00 4.6 0,11,297
067 96 05 4.6 653,917,1012
067 96 06 4.0 1081,958,821
067 96 05 4.0 715,678,687
067 96 02 4.0 705,689,631
067 96 00 4.0 550,456,371
067 96 01 4.0 290,227,171
067 96 00 4.0 124,78,25
067 96 00 4.0 0,0,0
067 96 00 4.0 122,479,849
067 96 07 4.4 1077,1135,1176
067 96 05 4.4 1053,924,838
067 96 03 4.4 809,820,830
067 96 03 4.4 807,748,659
067 96 00 4.4 558,451,362
067 96 01 4.4 293,244,202
067 96 01 4.4 159,104,57
067 96 01 4.4 112,345,710
067 96 04 4.3 1044,1226,1253
067 96 05 4.3 1123,1003,893
067 96 05 4.3 828,817,829
067 96 03 4.3 826,788,711
067 96 01 4.3 614,511,414
067 96 01 4.3 334,267,211
067 96 00 4.3 154,94,30
067 96 00 4.3 0,77,341
067 96 03 4.3 706,1007,1138
068 96 04 4.1 1124,1030,905
068 96 04 4.1 800,751,746
068 96 03 4.1 760,755,717
068 96 01 4.1 642,547,444
068 96 00 4.1 346,265,200
068 96 01 4.1 152,102,47
068 96 00 4.1 0,0,60
068 96 01 4.1 336,683,933
068 96 04 3.8 1010,992,851
068 96 06 3.8 701,601,572
068 96 01 3.8 593,619,614
068 96 01 3.8 566,483,389
068 96 00 3.8 299,223,164
068 96 00 3.8 113,71,20
068 96 00 3.8 0,0,0
068 96 00 3.8 0,262,579
068 96 06 3.5 802,863,915
068 96 05 3.5 774,633,538
068 96 01 3.5 515,529,539
068 96 02 3.5 512,456,376
068 96 00 3.5 285,194,111
068 96 01 3.5 44,0,0
068 96 00 3.5 0,0,0
068 96 00 3.5 0,169,539
069 96 05 4.1 840,968,948
069 96 03 4.1 1036,901,795
069 96 04 4.1 744,749,767
069 96 03 4.1 766,730,660
069 96 00 4.1 568,465,383
069 96 01 4.1 311,253,201
069 96 01 4.1 155,103,42
069 96 00 4.1 25,154,450
069 96 05 4.1 816,1075,1170
069 96 03 4.1 1103,989,857
069 96 04 4.1 771,742,755
069 96 03 4.1 767,758,712
069 96 01 4.1 638,543,454
069 96 00 4.1 366,297,239
069 96 01 4.1 200,162,117
069 96 01 4.1 71,87,251
069 96 03 4.1 562,894,1105
069 96 04 3.9 1156,1027,905
069 96 05 3.9 786,717,708
069 96 04 3.9 730,747,732
069 96 03 3.9 680,598,504
069 96 00 3.9 415,337,277
069 96 01 3.9 228,189,145
069 96 00 3.9 91,40,74
069 96 00 3.9 269,595,914
069 96 06 3.8 1092,1109,980
069 96 04 3.8 844,725,669
069 96 05 3.8 676,709,719
069 96 06 3.8 693,633,559
069 96 00 3.8 474,397,331
069 96 00 3.8 283,242,207
069 96 01 3.8 162,103,50
069 96 00 3.8 76,259,555
069 96 07 3.4 838,986,988
069 96 06 3.4 843,707,590
069 96 03 3.4 540,546,575
069 96 03 3.4 582,551,483
069 96 00 3.4 395,301,216
069 96 01 3.4 146,89,44
069 96 00 3.4 0,0,0
069 96 00 3.4 0,200,565
069 96 07 4.2 899,1076,1095
069 96 07 4.2 1105,985,881
069 96 07 4.2 831,832,852
069 96 06 4.2 857,829,767
069 96 01 4.2 683,591,502
069 96 00 4.2 428,371,329
069 96 01 4.2 288,240,182
069 96 00 4.2 170,301,596
069 96 06 4.2 947,1201,1288
071 96 05 4.0 1077,954,820
071 96 06 4.0 733,709,732
071 96 04 4.0 753,746,692
071 96 01 4.0 612,513,425
071 96 00 4.0 345,284,233
071 96 01 4.0 195,145,86
071 96 00 4.0 26,53,246
071 96 04 4.0 578,911,1102
071 96 06 4.0 1130,1022,880
071 96 06 4.0 747,674,670
071 96 03 4.0 696,709,683
071 96 02 4.0 621,536,445
071 96 00 4.0 363,295,244
071 96 01 4.0 205,172,133
071 96 01 4.0 79,38,99
071 96 01 4.0 324,663,967
071 96 06 3.9 1122,1124,988
071 96 07 3.9 860,755,715
071 96 05 3.9 730,760,767
071 96 05 3.9 729,654,558
071 96 00 3.9 456,363,290
071 96 01 3.9 236,200,161
071 96 00 3.9 116,62,55
071 96 01 3.9 193,489,839
071 96 04 4.0 1084,1167,1073
071 96 06 4.0 961,839,761
071 96 05 4.0 745,770,794
071 96 05 4.0 789,743,668
071 96 00 4.0 570,470,384
071 96 01 4.0 321,276,242
071 96 01 4.0 204,157,115
071 96 00 4.0 148,343,674
071 96 05 4.1 1009,1213,1253
071 96 07 4.1 1063,930,815
071 96 07 4.1 768,790,839
071 96 07 4.1 873,864,820
071 96 04 4.1 753,677,604
071 96 00 4.1 543,505,476
071 96 00 4.1 453,419,378
071 96 00 4.1 377,513,820
071 96 05 4.1 1200,1490,1620
071 96 05 4.6 1610,1155,1044
071 96 05 4.6 955,919,922
071 96 05 4.6 937,923,862
071 96 02 4.6 755,614,453
071 96 00 4.6 282,123,0
071 96 01 4.6 0,0,0
071 96 01 4.6 0,0,184
071 96 03 4.6 576,887,1035
072 96 04 4.7 1041,1233,1123
072 96 05 4.7 1027,970,969
072 96 05 4.7 987,986,947
072 96 02 4.7 869,773,673
072 96 00 4.7 590,521,472
072 96 01 4.7 440,416,395
072 96 02 4.7 363,326,283
072 96 01 4.7 240,202,169
072 96 01 4.7 137,101,58
072 96 01 4.7 5,0,0
072 96 00 4.7 0,0,0
072 96 00 4.7 0,0,0
072 96 00 4.7 0,0,0
072 96 00 4.7 0,0,0
072 96 00 4.7 0,0,0
072 96 03 4.7 0,516,760
072 96 07 7.5 783,2086,1982
072 96 05 7.5 1914,1918,1974
072 96 08 7.5 2029,2045,2016
072 96 05 7.5 1957,1880,1794
072 96 03 7.5 1707,1633,1567
072 96 00 7.5 1516,1466,1410
072 96 00 7.5 1349,1361,1571
072 96 04 7.5 1974,2429,2748
072 96 07 5.6 2886,2880,1458
072 96 04 5.6 1344,1243,1184
072 96 04 5.6 1167,1168,1157
072 96 08 5.6 1110,1030,929
072 96 00 5.6 821,718,620
072 96 00 5.6 538,463,397
072 96 00 5.6 336,367,595
072 96 03 5.6 1010,1460,1770
072 96 07 5.7 1901,1904,1496
072 96 08 5.7 1382,1280,1223
072 96 07 5.7 1210,1211,1196
072 96 08 5.7 1153,1077,988
072 96 00 5.7 896,817,747
072 96 01 5.7 685,616,545
072 96 00 5.7 487,553,825
072 96 06 5.7 1259,1674,1924
072 96 08 5.6 2011,1501,1415
072 96 05 5.6 1303,1207,1161
072 96 08 5.6 1150,1144,1113
072 96 04 5.6 1052,963,861
072 96 00 5.6 759,672,594
072 96 00 5.6 524,454,383
072 96 00 5.6 347,460,775
072 96 06 5.6 1210,1583,1798
073 96 05 5.7 1878,1871,1461
073 96 04 5.7 1368,1286,1241
073 96 05 5.7 1223,1200,1151
073 96 03 5.7 1078,987,892
073 96 00 5.7 797,712,636
073 96 01 5.7 569,505,433
073 96 00 5.7 358,339,494
073 96 02 5.7 839,1258,1573
073 96 03 5.4 1726,1753,1377
073 96 04 5.4 1287,1190,1120
073 96 05 5.4 1095,1087,1064
073 96 03 5.4 1009,931,840
073 96 00 5.4 747,657,571
073 96 01 5.4 494,420,349
073 96 00 5.4 274,198,161
073 96 00 5.4 261,548,934
073 96 05 4.9 1252,1412,1436
073 96 05 4.9 1221,1122,1020
073 96 04 4.9 946,911,898
073 96 03 4.9 869,813,729
073 96 00 4.9 636,534,438
073 96 01 4.9 344,265,188
073 96 00 4.9 126,59,0
073 96 00 4.9 0,0,37
073 96 01 4.9 364,732,975
073 96 03 4.5 1054,1137,1032
073 96 04 4.5 904,796,741
073 96 02 4.5 728,724,693
073 96 01 4.5 627,532,431
073 96 01 4.5 325,226,128
073 96 00 4.5 44,0,0
073 96 00 4.5 0,0,0
073 96 00 4.5 0,0,0
073 96 03 4.5 268,572,708
073 96 04 4.1 682,931,781
073 96 04 4.1 650,582,561
073 96 00 4.1 565,550,502
073 96 00 4.1 427,340,251
073 96 00 4.1 164,82,1
073 96 00 4.1 0,0,0
073 96 00 4.1 0,0,0
073 96 00 4.1 0,0,266
073 97 05 4.6 629,823,842
073 97 06 4.6 1159,1030,899
073 97 04 4.6 810,770,765
073 97 02 4.6 746,699,623
073 97 00 4.6 527,422,312
073 97 00 4.6 205,109,25
073 97 00 4.6 0,0,0
073 97 00 4.6 0,0,0
073 97 01 4.6 215,604,857
073 97 03 4.4 924,1150,1034
073 97 04 4.4 903,789,722
073 97 01 4.4 698,681,646
073 97 00 4.4 574,481,370
073 97 00 4.4 260,155,53
073 97 00 4.4 0,0,0
073 97 00 4.4 0,0,0
073 97 00 4.4 0,0,59
072 97 03 4.2 436,687,751
072 97 04 4.2 1095,966,823
072 97 03 4.2 710,647,629
072 97 01 4.2 624,596,539
072 97 00 4.2 457,355,244
072 97 00 4.2 133,34,0
072 97 00 4.2 0,0,0
072 97 02 4.2 0,0,0
072 97 00 4.2 0,127,492
072 97 03 4.1 692,704,1048
072 97 04 4.1 886,728,618
072 97 00 4.1 577,585,597
072 97 01 4.1 583,533,457
072 97 00 4.1 362,262,168
072 97 00 4.1 79,0,0
072 97 00 4.1 0,0,0
072 97 00 4.1 0,0,0
072 97 02 4.1 203,538,720
072 96 04 3.7 716,909,744
072 96 04 3.7 600,518,501
072 96 00 3.7 517,525,507
072 96 00 3.7 457,381,291
072 96 00 3.7 202,117,41
072 96 00 3.7 0,0,0
072 96 00 3.7 0,0,0
072 96 00 3.7 0,337,711
072 96 07 4.3 912,924,1124
072 96 05 4.3 969,817,714
072 96 01 4.3 672,675,684
072 96 01 4.3 666,617,538
072 96 00 4.3 449,357,267
072 96 01 4.3 177,91,20
072 96 00 4.3 0,0,0
072 96 00 4.3 2,321,736
072 96 03 4.4 1045,1160,1247
072 96 05 4.4 1129,989,873
072 96 04 4.4 811,804,824
072 96 03 4.4 827,796,732
072 96 00 4.4 650,557,464
072 96 00 4.4 374,300,234
072 96 00 4.4 191,147,111
072 96 00 4.4 120,293,630
072 96 04 4.2 1007,1248,1305
072 96 05 4.2 1132,1001,869
072 96 06 4.2 778,748,766
072 96 04 4.2 790,790,752
072 96 02 4.2 687,603,515
072 96 00 4.2 430,353,287
072 96 00 4.2 229,181,132
072 96 00 4.2 88,137,360
072 96 03 4.2 722,1056,1230
072 96 07 4.0 1234,1054,923
072 96 07 4.0 808,742,732
072 96 04 4.0 753,763,739
072 96 03 4.0 686,612,533
072 96 00 4.0 448,375,311
072 96 01 4.0 265,224,177
072 96 00 4.0 125,98,196
072 96 02 4.0 453,801,1078
072 96 05 3.8 1193,1057,931
072 96 06 3.8 785,682,641
072 96 03 3.8 663,700,718
072 96 04 3.8 690,632,553
072 96 00 3.8 468,385,314
072 96 01 3.8 267,232,207
072 96 02 3.8 178,172,269
072 96 02 3.8 523,875,1173
071 96 07 4.0 1311,1296,1024
071 96 04 4.0 892,788,743
071 96 05 4.0 755,788,801
071 96 05 4.0 775,712,633
071 96 00 4.0 547,468,402
071 96 00 4.0 356,326,299
071 96 00 4.0 271,284,448
071 96 02 4.0 772,1155,1424
071 96 04 4.4 1522,1222,1115
071 96 04 4.4 998,908,877
071 96 05 4.4 889,917,920
071 96 04 4.4 884,815,732
071 96 00 4.4 652,576,511
071 96 00 4.4 461,419,368
071 96 01 4.4 313,314,474
071 96 03 4.4 794,1172,1433
071 96 06 4.4 1531,1191,1090
071 96 03 4.4 976,912,910
071 96 05 4.4 949,980,970
071 96 04 4.4 925,850,765
071 96 01 4.4 678,604,549
071 96 00 4.4 511,471,422
071 96 01 4.4 364,361,503
071 96 03 4.4 811,1173,1432
072 96 05 4.2 1522,1129,1019
072 96 05 4.2 899,818,791
072 96 04 4.2 812,831,826
072 96 03 4.2 779,710,624
072 96 00 4.2 540,464,405
072 96 00 4.2 358,312,259
072 96 01 4.2 198,196,346
072 96 03 4.2 665,1024,1267
072 96 05 4.2 1339,1100,982
072 96 04 4.2 860,786,776
072 96 04 4.2 804,823,809
072 96 03 4.2 757,677,580
072 96 00 4.2 484,404,342
072 96 01 4.2 292,252,207
072 96 01 4.2 160,166,321
072 96 03 4.2 640,993,1239
072 96 05 4.3 1315,1118,1001
072 96 05 4.3 877,803,788
072 96 04 4.3 813,827,812
072 96 03 4.3 758,681,594
072 96 00 4.3 511,433,372
072 96 02 4.3 321,277,228
072 96 01 4.3 165,129,225
072 96 02 4.3 496,859,1145
072 96 04 4.2 1267,1236,988
072 96 06 4.2 842,733,696
072 96 03 4.2 709,733,725
072 96 03 4.2 695,643,587
072 96 00 4.2 525,457,388
072 96 01 4.2 322,263,210
072 96 01 4.2 159,139,235
072 96 02 4.2 493,849,1146
072 96 07 4.3 1282,1271,1031
072 96 04 4.3 904,811,778
072 96 06 4.3 795,808,789
072 96 04 4.3 730,646,548
072 96 00 4.3 449,362,288
072 96 00 4.3 226,167,108
072 96 00 4.3 43,0,86
072 96 01 4.3 373,779,1125
072 96 07 4.9 1296,1313,1237
072 96 05 4.9 1120,1015,956
072 96 08 4.9 954,966,959
072 96 07 4.9 910,835,740
072 96 00 4.9 644,556,485

0!0!0!0
1!1!1!1!1!1!1!1!1!1!1!1!1!1!1!1!1!1!1!