176927!20190903_162332!1!0
2.61!2.94!3.05!3.13!3.17!3.24!
94!57!62!601!601
481.8 3.29 44 126

057 94 00 8.7 1742,1524,1326
057 94 01 8.7 1155,988,823
057 94 00 8.7 659,493,332
057 94 00 8.7 157,0,0
057 94 00 8.7 0,0,899
057 94 04 8.7 2174,3194,3544
057 94 07 8.4 3498,3596,3349
057 94 04 8.4 3086,2902,2884
057 94 05 8.4 2997,3114,3135
057 94 04 8.4 3031,2847,2616
057 94 00 8.4 2362,2109,1873
057 94 00 8.4 1672,1500,1358
057 94 00 8.4 1224,1093,956
057 94 00 8.4 812,662,503
057 94 00 8.4 344,212,301
057 94 02 8.4 1059,2290,3469
057 94 04 8.7 4024,4096,3806
057 94 04 8.7 3646,3437,3220
057 94 06 8.7 3090,3102,3194
057 94 08 8.7 3238,3173,3003
057 94 03 8.7 2778,2523,2272
057 94 00 8.7 2038,1830,1644
057 94 00 8.7 1479,1335,1200
057 94 00 8.7 1063,915,757
057 94 00 8.7 586,403,237
057 94 01 8.7 289,1007,2217
057 94 04 8.7 3410,3999,4107
057 94 07 8.7 3837,3704,3513
057 94 08 8.7 3304,3162,3155
057 94 01 8.7 3227,3274,3217
057 94 06 8.7 3062,2851,2607
057 94 00 8.7 2367,2149,1963
057 94 00 8.7 1800,1641,1493
057 94 00 8.7 1337,1172,985
057 94 00 8.7 792,587,388
057 94 00 8.7 189,23,0
057 94 00 8.7 539,1662,2902
057 94 05 8.6 3665,3857,3833
057 94 08 8.6 3689,3489,3294
057 94 08 8.6 3203,3258,3373
057 94 08 8.6 3433,3384,3242
057 94 06 8.6 3041,2797,2539
057 94 00 8.6 2287,2067,1882
057 94 00 8.6 1750,1658,1578
057 94 01 8.6 1479,1361,1241
057 94 00 8.6 1109,957,820
057 94 00 8.6 910,1559,2568
057 94 07 7.0 3485,3881,3886
057 94 08 7.0 2928,2696,2420
057 94 05 7.0 2190,2105,2164
057 94 03 7.0 2259,2281,2197
057 94 04 7.0 2026,1798,1536
057 94 00 7.0 1271,1023,810
057 94 00 7.0 617,448,296
057 94 01 7.0 174,56,0
057 94 00 7.0 0,0,0
057 94 00 7.0 0,498,1719
057 94 07 8.2 2710,3065,3062
057 94 07 8.2 3538,3349,3115
057 94 07 8.2 2900,2810,2850
057 94 06 8.2 2930,2937,2830
057 94 04 8.2 2630,2372,2085
057 94 00 8.2 1793,1526,1298
057 94 00 8.2 1106,922,737
057 94 00 8.2 546,357,163
057 94 00 8.2 0,0,0
057 94 00 8.2 0,731,1979
057 94 05 8.4 3023,3407,3392
057 94 06 8.4 3606,3393,3136
057 94 05 8.4 2894,2773,2788
057 94 04 8.4 2866,2887,2802
057 94 03 8.4 2617,2369,2086
057 94 00 8.4 1799,1533,1295
057 94 00 8.4 1099,936,799
057 94 01 8.4 657,522,374
057 94 00 8.4 218,53,0
057 94 00 8.4 256,1212,2436
057 94 05 8.2 3361,3637,3611
057 94 05 8.2 3405,3115,2804
057 94 07 8.2 2572,2511,2590
057 94 04 8.2 2679,2681,2555
057 94 02 8.2 2347,2085,1784
057 94 00 8.2 1488,1219,999
057 94 00 8.2 818,658,517
057 94 00 8.2 370,228,77
057 94 00 8.2 0,0,345
057 94 04 8.2 1463,2756,3603
057 94 05 8.8 3826,3913,3772
057 94 05 8.8 3566,3320,3115
057 94 07 8.8 3038,3096,3168
057 94 06 8.8 3158,3031,2822
057 94 01 8.8 2560,2290,2028
057 94 00 8.8 1796,1593,1421
057 94 00 8.8 1271,1134,1006
057 94 00 8.8 875,719,548
057 94 01 8.8 379,371,956
057 94 04 8.8 2076,3255,3895
057 94 05 8.2 4008,3592,3446
057 94 07 8.2 3246,3020,2862
057 94 06 8.2 2832,2888,2927
057 94 06 8.2 2876,2742,2545
057 94 00 8.2 2326,2101,1889
057 94 00 8.2 1699,1523,1368
057 94 00 8.2 1220,1097,976
057 94 00 8.2 854,708,546
057 94 00 8.2 402,518,1215
057 94 06 8.2 2268,3181,3534
057 94 07 7.1 3509,2943,2698
057 94 08 7.1 2434,2254,2237
057 94 06 7.1 2331,2439,2458
057 94 05 7.1 2384,2235,2040
057 94 00 7.1 1826,1604,1391
057 94 00 7.1 1198,1037,914
057 94 01 7.1 820,731,627
057 94 01 7.1 511,403,475
057 94 03 7.1 1055,2019,2946
057 94 04 6.9 3390,3436,2941
057 94 05 6.9 2770,2547,2328
057 94 05 6.9 2206,2223,2294
057 94 03 6.9 2332,2284,2153
057 94 01 6.9 1963,1738,1515
057 94 00 6.9 1313,1135,988
057 94 01 6.9 861,752,645
057 94 02 6.9 536,409,264
057 94 00 6.9 122,157,724
057 94 02 6.9 1724,2738,3286
057 94 05 7.5 3403,3262,3157
057 94 04 7.5 3005,2808,2649
057 94 05 7.5 2607,2657,2706
057 94 03 7.5 2675,2558,2363
057 94 01 7.5 2130,1890,1669
057 94 00 7.5 1484,1333,1208
057 94 02 7.5 1102,1003,901
057 94 02 7.5 782,619,430
057 94 00 7.5 233,215,727
057 94 03 7.5 1698,2703,3246
058 94 05 7.2 3352,3102,2974
058 94 08 7.2 2782,2556,2399
058 94 05 7.2 2372,2450,2503
058 94 05 7.2 2470,2340,2154
058 94 00 7.2 1953,1769,1619
058 94 01 7.2 1507,1422,1352
058 94 01 7.2 1285,1214,1133
058 94 00 7.2 1039,917,769
058 94 00 7.2 613,535,817
058 94 01 7.2 1551,2445,3055
058 94 06 6.2 3207,2583,2397
058 94 08 6.2 2154,1892,1723
058 94 05 6.2 1699,1780,1825
058 94 06 6.2 1785,1651,1457
058 94 00 6.2 1222,984,779
058 94 00 6.2 605,461,329
058 94 00 6.2 220,125,30
058 94 00 6.2 0,0,0
058 94 00 6.2 0,0,0
058 94 02 6.2 0,982,1981
058 94 05 7.4 2512,2609,3205
058 94 05 7.4 3087,2898,2675
058 94 06 7.4 2494,2449,2487
058 94 04 7.4 2514,2461,2325
058 94 01 7.4 2132,1908,1686
058 94 00 7.4 1483,1310,1159
058 94 01 7.4 1026,905,781
058 94 00 7.4 662,530,398
058 94 00 7.4 250,104,0
058 94 00 7.4 0,0,502
058 94 03 7.4 1485,2393,2805
058 94 07 6.9 2812,2879,2698
058 94 05 6.9 2470,2240,2101
058 94 04 6.9 2099,2170,2213
058 94 05 6.9 2169,2045,1872
058 94 00 6.9 1677,1474,1270
058 94 00 6.9 1086,918,779
058 94 01 6.9 657,550,441
058 94 01 6.9 334,213,65
058 94 00 6.9 0,0,0
058 94 00 6.9 96,1075,2154
058 94 04 7.3 2790,2889,3134
058 94 06 7.3 2949,2706,2434
058 94 04 7.3 2226,2175,2243
058 94 05 7.3 2323,2323,2215
058 94 01 7.3 2022,1787,1555
058 94 00 7.3 1344,1155,997
058 94 01 7.3 874,776,688
058 94 02 7.3 607,520,417
058 94 01 7.3 277,116,0
058 94 00 7.3 0,546,1576
058 94 02 7.3 2606,3108,3138
058 94 03 7.3 3085,2906,2677
058 94 03 7.3 2419,2227,2177
058 94 04 7.3 2230,2268,2227
058 94 02 7.3 2088,1889,1655
058 94 00 7.3 1424,1216,1033
058 94 01 7.3 877,738,610
058 94 00 7.3 475,342,209
058 94 00 7.3 79,0,0
058 94 00 7.3 0,0,0
058 94 02 7.3 352,1414,2315
058 94 04 7.0 2632,2578,2934
058 94 08 7.0 2701,2435,2211
058 94 06 7.0 2128,2187,2292
058 94 06 7.0 2345,2290,2152
058 94 01 7.0 1961,1749,1531
058 94 00 7.0 1333,1159,1020
058 94 00 7.0 898,798,699
058 94 02 7.0 602,473,309
058 94 00 7.0 119,0,0
058 94 01 7.0 521,1563,2620
058 94 06 7.3 3159,3222,3215
058 94 04 7.3 3059,2841,2599
058 94 05 7.3 2440,2430,2520
058 94 05 7.3 2586,2558,2438
058 94 03 7.3 2247,2030,1796
058 94 00 7.3 1586,1398,1246
058 94 01 7.3 1122,1031,951
058 94 00 7.3 872,775,656
058 94 00 7.3 505,335,273
058 94 00 7.3 703,1658,2731
058 94 05 7.2 3380,3523,3197
058 94 07 7.2 3068,2877,2646
058 94 06 7.2 2453,2392,2450
058 94 03 7.2 2522,2526,2436
058 94 03 7.2 2270,2057,1823
058 94 00 7.2 1595,1394,1226
058 94 01 7.2 1096,991,897
058 94 02 7.2 793,675,524
058 94 00 7.2 361,181,68
058 94 00 7.2 325,1179,2276
058 94 05 7.3 3092,3343,3303
058 94 06 7.3 3114,2932,2714
058 94 04 7.3 2534,2490,2570
058 94 04 7.3 2672,2688,2606
058 94 04 7.3 2461,2295,2129
058 94 01 7.3 1978,1850,1738
058 94 01 7.3 1633,1537,1455
058 94 01 7.3 1377,1294,1191
058 94 00 7.3 1061,911,847
058 94 01 7.3 1186,1981,2883
058 94 05 6.1 3437,3542,2599
058 94 03 6.1 2419,2175,1936
058 94 05 6.1 1793,1817,1926
058 94 03 6.1 2005,1977,1857
058 94 01 6.1 1674,1469,1251
058 94 01 6.1 1060,884,751
058 94 00 6.1 642,564,501
058 94 00 6.1 431,349,222
058 94 00 6.1 62,0,83
058 94 02 6.1 811,1844,2700
059 94 03 7.1 3042,3074,3095
059 94 04 7.1 2983,2805,2600
059 94 06 7.1 2458,2437,2485
059 94 03 7.1 2506,2442,2310
059 94 01 7.1 2130,1938,1743
059 94 00 7.1 1564,1407,1273
059 94 00 7.1 1167,1079,997
059 94 00 7.1 907,798,660
059 94 01 7.1 499,322,218
059 94 00 7.1 491,1308,2336
059 94 04 7.1 3088,3333,3317
059 94 07 7.1 2999,2838,2630
059 94 04 7.1 2438,2362,2406
059 94 06 7.1 2475,2476,2375
059 94 04 7.1 2196,1971,1737
059 94 00 7.1 1511,1315,1167
059 94 00 7.1 1061,982,908
059 94 00 7.1 834,742,617
059 94 00 7.1 460,276,101
059 94 00 7.1 131,667,1569
059 94 06 6.2 2401,2758,2741
059 94 07 6.2 2514,2281,2014
059 94 07 6.2 1813,1772,1872
059 94 08 6.2 1990,2019,1937
059 94 03 6.2 1769,1566,1354
059 94 00 6.2 1156,975,819
059 94 00 6.2 690,578,480
059 94 00 6.2 380,264,127
059 94 00 6.2 0,0,0
059 94 00 6.2 109,946,1926
059 94 05 6.7 2562,2723,2897
059 94 08 6.7 2753,2551,2317
059 94 06 6.7 2146,2108,2182
059 94 04 6.7 2249,2239,2127
059 94 02 6.7 1956,1749,1543
059 94 00 6.7 1343,1166,1010
059 94 00 6.7 877,756,656
059 94 00 6.7 570,479,370
059 94 01 6.7 232,91,138
059 94 02 6.7 696,1621,2486
059 94 05 6.5 2882,2921,2775
059 94 07 6.5 2656,2475,2271
059 94 03 6.5 2123,2107,2154
059 94 03 6.5 2181,2128,2009
059 94 01 6.5 1837,1636,1429
059 94 00 6.5 1247,1080,942
059 94 00 6.5 813,698,581
059 94 00 6.5 453,308,143
059 94 00 6.5 105,498,1331
059 94 06 6.3 2228,2751,2840
059 94 05 6.3 2670,2522,2310
059 94 08 6.3 2050,1841,1775
059 94 03 6.3 1813,1861,1839
059 94 02 6.3 1734,1563,1356
059 94 00 6.3 1134,924,726
059 94 00 6.3 560,411,290
059 94 00 6.3 176,54,0
059 94 00 6.3 0,0,312
059 94 05 6.3 1221,2067,2431
059 94 08 6.2 2428,2605,2426
059 94 06 6.2 2190,1962,1840
059 94 05 6.2 1867,1949,1984
059 94 06 6.2 1920,1774,1571
059 94 00 6.2 1337,1095,865
059 94 00 6.2 660,481,336
059 94 00 6.2 216,117,12
059 94 00 6.2 0,0,0
059 94 00 6.2 0,736,1748
059 94 08 6.7 2441,2595,2871
059 94 07 6.7 2679,2433,2172
059 94 07 6.7 1980,1946,2008
059 94 07 6.7 2081,2061,1947
059 94 01 6.7 1759,1545,1318
059 94 00 6.7 1097,872,670
059 94 00 6.7 495,358,247
059 94 00 6.7 144,36,0
059 94 00 6.7 0,0,251
059 94 04 6.7 1142,2026,2454
059 94 07 6.1 2427,2476,2186
059 94 07 6.1 1861,1609,1517
059 94 00 6.1 1578,1674,1704
059 94 03 6.1 1640,1495,1297
059 94 01 6.1 1072,841,633
059 94 00 6.1 439,273,135
059 94 00 6.1 39,0,0
059 94 00 6.1 0,0,0
059 94 02 6.1 160,1144,2112
060 94 07 6.7 2565,2548,2808
060 94 05 6.7 2536,2215,1915
060 94 02 6.7 1756,1770,1873
060 94 03 6.7 1934,1895,1738
060 94 00 6.7 1509,1235,959
060 94 00 6.7 693,458,255
060 94 01 6.7 88,0,0
060 94 00 6.7 0,0,0
060 94 00 6.7 0,0,565
060 94 02 6.7 1724,2641,2924
060 94 04 7.5 3358,3170,2923
060 94 07 7.5 2650,2426,2329
060 94 08 7.5 2354,2405,2401
060 94 06 7.5 2298,2116,1872
060 94 00 7.5 1611,1366,1169
060 94 00 7.5 1012,886,766
060 94 00 7.5 654,538,415
060 94 00 7.5 264,107,11
060 94 00 7.5 319,1204,2284
060 94 05 6.9 3019,3171,3020
060 94 07 6.9 2771,2447,2137
060 94 04 6.9 1935,1924,2033
060 94 07 6.9 2137,2146,2052
060 94 02 6.9 1893,1699,1475
060 94 00 6.9 1243,1004,784
060 94 00 6.9 598,456,351
060 94 00 6.9 259,152,37
060 94 00 6.9 11,444,1398
060 94 05 7.0 2453,3080,3174
060 94 04 7.0 3043,2829,2560
060 94 05 7.0 2305,2149,2153
060 94 08 7.0 2254,2335,2326
060 94 05 7.0 2209,2009,1757
060 94 00 7.0 1488,1253,1035
060 94 00 7.0 870,741,665
060 94 00 7.0 605,537,440
060 94 01 7.0 303,152,129
060 94 02 7.0 656,1681,2766
060 94 07 7.2 3340,3411,3198
060 94 03 7.2 3037,2826,2589
060 94 04 7.2 2422,2401,2483
060 94 03 7.2 2556,2540,2422
060 94 03 7.2 2246,2040,1834
060 94 01 7.2 1643,1478,1340
060 94 00 7.2 1215,1098,991
060 94 00 7.2 874,738,552
060 94 00 7.2 346,194,409
060 94 03 7.2 1238,2344,3198
060 94 04 7.2 3470,3225,3072
060 94 03 7.2 2862,2609,2407
060 94 05 7.2 2339,2399,2478
060 94 04 7.2 2484,2393,2220
060 94 01 7.2 2001,1759,1515
060 94 00 7.2 1296,1111,964
060 94 01 7.2 844,747,676
060 94 02 7.2 604,525,422
060 94 01 7.2 312,263,589
060 94 03 7.2 1395,2336,2937
060 94 04 6.1 3021,2596,2317
060 94 04 6.1 1998,1717,1586
060 94 02 6.1 1626,1743,1828
060 94 05 6.1 1808,1683,1473
060 94 00 6.1 1219,962,706
060 94 00 6.1 473,258,92
060 94 00 6.1 0,0,0
060 94 00 6.1 0,0,0
060 94 00 6.1 0,0,996
060 94 06 7.1 2048,2627,2706
060 94 04 7.1 3158,2991,2774
060 94 05 7.1 2544,2385,2353
060 94 05 7.1 2418,2455,2425
060 94 04 7.1 2301,2127,1919
060 94 00 7.1 1706,1505,1329
060 94 00 7.1 1179,1057,949
060 94 00 7.1 861,774,675
060 94 00 7.1 544,379,232
060 94 00 7.1 362,1058,2075
060 94 04 6.6 2914,3213,3173
060 94 03 6.6 2804,2609,2361
060 94 04 6.6 2135,2022,2045
060 94 05 6.6 2123,2144,2078
060 94 02 6.6 1925,1732,1523
060 94 00 6.6 1325,1147,1003
060 94 00 6.6 886,801,724
060 94 00 6.6 661,584,491
060 94 00 6.6 364,233,136
060 94 00 6.6 324,988,1874
060 94 04 5.7 2537,2716,2467
060 94 08 5.7 2252,1984,1722
060 94 04 5.7 1570,1577,1692
060 94 07 5.7 1786,1788,1699
060 94 02 5.7 1538,1345,1146
060 94 00 5.7 973,818,677
060 94 00 5.7 551,455,383
060 94 00 5.7 318,242,131
060 94 00 5.7 3,0,250
060 94 03 5.7 1016,1913,2482
060 94 05 5.9 2604,2597,2457
060 94 04 5.9 2261,2028,1852
060 94 07 5.9 1807,1867,1930
060 94 08 5.9 1925,1836,1681
060 94 00 5.9 1483,1282,1104
060 94 00 5.9 969,864,780
060 94 00 5.9 707,643,584
060 94 00 5.9 516,423,283
060 94 00 5.9 116,45,417
060 94 05 5.9 1260,2206,2765
060 94 07 6.2 2861,2732,2593
060 94 08 6.2 2420,2210,2046
060 94 07 6.2 2003,2063,2120
060 94 03 6.2 2099,1990,1835
060 94 00 6.2 1664,1499,1359
060 94 00 6.2 1247,1170,1104
060 94 00 6.2 1030,936,821
060 94 00 6.2 695,556,414
060 94 00 6.2 272,164,307
060 94 01 6.2 913,1762,2436
060 94 07 5.5 2649,2429,2276
060 94 06 5.5 2066,1822,1631
060 94 04 5.5 1580,1644,1722
060 94 07 5.5 1737,1668,1531
060 94 00 5.5 1345,1145,954
060 94 00 5.5 786,654,554
060 94 00 5.5 477,409,337
060 94 00 5.5 267,166,34
060 94 00 5.5 0,0,0
060 94 03 5.5 433,1364,2178
062 94 06 6.1 2506,2487,2661
062 94 05 6.1 2521,2343,2143
062 94 04 6.1 2012,1995,2055
062 94 05 6.1 2088,2055,1954
062 94 01 6.1 1797,1606,1397
062 94 00 6.1 1195,1018,867
062 94 00 6.1 735,612,491
062 94 01 6.1 387,288,192
062 94 02 6.1 70,0,0
062 94 00 6.1 0,391,1349
062 94 04 6.5 2255,2682,2724
062 94 05 6.5 2899,2779,2588
062 94 04 6.5 2370,2213,2186
062 94 06 6.5 2247,2286,2262
062 94 04 6.5 2162,2015,1836
062 94 00 6.5 1655,1489,1339
062 94 01 6.5 1203,1088,993
062 94 00 6.5 920,842,753
062 94 00 6.5 637,506,352
062 94 01 6.5 181,80,370
062 94 01 6.5 1152,2078,2666
062 94 04 5.9 2772,2576,2394
062 94 05 5.9 2166,1923,1759
062 94 03 5.9 1746,1840,1932
062 94 05 5.9 1932,1838,1678
062 94 01 5.9 1487,1286,1084
062 94 01 5.9 902,732,585
062 94 01 5.9 447,317,204
062 94 01 5.9 99,0,0
062 94 00 5.9 0,0,0
062 94 01 5.9 395,1439,2332
061 94 04 6.7 2665,2646,2970
061 94 06 6.7 2823,2625,2418
061 94 06 6.7 2294,2290,2350
061 94 08 6.7 2376,2322,2192
061 94 01 6.7 2013,1814,1613
061 94 00 6.7 1433,1273,1142
061 94 00 6.7 1034,940,847
061 94 00 6.7 753,647,505
061 94 00 6.7 308,95,0
061 94 00 6.7 246,1152,2307
061 94 07 7.5 3142,3404,3383
061 94 04 7.5 3329,3175,2974
061 94 07 7.5 2775,2675,2691
061 94 05 7.5 2765,2799,2747
061 94 05 7.5 2625,2451,2260
061 94 00 7.5 2062,1879,1708
061 94 00 7.5 1550,1409,1288
061 94 00 7.5 1173,1059,926
061 94 00 7.5 778,603,424
061 94 00 7.5 289,476,1255
061 94 03 7.5 2324,3170,3445
061 94 06 6.9 3399,2979,2791
061 94 06 6.9 2568,2374,2307
061 94 06 6.9 2356,2439,2455
061 94 07 6.9 2387,2251,2088
061 94 00 6.9 1913,1739,1577
061 94 00 6.9 1436,1317,1207
061 94 00 6.9 1107,1011,909
061 94 00 6.9 801,670,520
061 94 00 6.9 358,292,659
061 94 05 6.9 1539,2556,3209
061 94 05 6.7 3355,2992,2846
061 94 06 6.7 2643,2418,2245
061 94 06 6.7 2213,2269,2323
061 94 04 6.7 2303,2209,2051
061 94 01 6.7 1857,1657,1467
061 94 00 6.7 1300,1149,1025
061 94 00 6.7 910,797,696
061 94 00 6.7 594,482,335
061 94 01 6.7 172,28,93
061 94 02 6.7 725,1758,2725
061 94 03 7.0 3169,3208,3122
061 94 03 7.0 2990,2805,2589
061 94 04 7.0 2445,2417,2474
061 94 02 7.0 2513,2476,2356
061 94 02 7.0 2183,1992,1793
061 94 00 7.0 1604,1440,1304
061 94 00 7.0 1187,1082,984
061 94 00 7.0 880,762,637
061 94 02 7.0 497,340,174
061 94 00 7.0 76,383,1231
061 94 04 7.0 2270,2977,3158
061 94 04 6.7 3011,2874,2694
061 94 08 6.7 2480,2287,2203
061 94 08 6.7 2227,2280,2271
061 94 06 6.7 2183,2023,1818
061 94 00 6.7 1597,1387,1208
061 94 00 6.7 1058,938,827
061 94 02 6.7 727,620,516
061 94 02 6.7 404,277,132
061 94 00 6.7 0,0,0
061 94 00 6.7 255,1161,2111
060 94 06 6.3 2608,2635,2701
060 94 08 6.3 2465,2196,1957
060 94 06 6.3 1860,1913,2033
060 94 08 6.3 2093,2055,1935
060 94 01 6.3 1760,1561,1360
060 94 00 6.3 1184,1033,908
060 94 00 6.3 795,700,609
060 94 00 6.3 519,425,312
060 94 00 6.3 179,24,0
060 94 00 6.3 7,655,1639
060 94 06 6.4 2491,2822,2795
060 94 04 6.4 2765,2565,2315
060 94 06 6.4 2103,2011,2061
060 94 08 6.4 2148,2182,2118
060 94 04 6.4 1974,1788,1586
060 94 01 6.4 1388,1197,1043
060 94 00 6.4 923,829,735
060 94 00 6.4 644,554,456
060 94 00 6.4 340,194,33
060 94 00 6.4 0,116,885
060 94 05 6.4 1928,2748,3027
060 94 04 6.8 2995,2966,2808
060 94 06 6.8 2614,2416,2322
060 94 03 6.8 2340,2415,2436
060 94 05 6.8 2369,2223,2034
060 94 00 6.8 1829,1638,1470
060 94 00 6.8 1328,1218,1123
060 94 00 6.8 1046,953,854
060 94 00 6.8 744,628,492
060 94 00 6.8 320,134,12
060 94 00 6.8 278,1104,2146
059 94 02 6.7 2898,3109,3035
059 94 06 6.7 2904,2733,2527
059 94 07 6.7 2344,2270,2310
059 94 03 6.7 2376,2376,2289
059 94 04 6.7 2134,1945,1744
059 94 00 6.7 1557,1400,1267
059 94 00 6.7 1144,1036,934
059 94 00 6.7 835,721,606
059 94 01 6.7 470,319,154
059 94 00 6.7 4,0,0
059 94 03 6.7 598,1579,2474
059 94 08 6.5 2849,2830,2788
059 94 08 6.5 2571,2327,2145
059 94 07 6.5 2098,2189,2295
059 94 04 6.5 2325,2252,2108

0!0!0!0
1!1!1!1!1!1!1!1!1!1!1!1!1!1!1!1!1!1!1!