177628!20190826_185901!1!3
2.2!1.73!1.94!2.17!1.79!1.43!
99!60!67!0!601
336.0 2.32 86 62

061 99 00 1.3 4,0,0
061 99 00 1.3 0,0,0
061 99 00 1.3 0,0,0
061 99 00 1.3 0,0,0
061 99 00 1.3 0,0,0
061 99 00 1.3 0,0,29
061 99 07 1.3 80,99,103
061 99 08 1.2 377,360,342
061 99 04 1.2 327,315,302
061 99 03 1.2 286,263,241
061 99 01 1.2 218,199,176
061 99 00 1.2 152,126,106
061 99 00 1.2 81,62,36
061 99 00 1.2 11,0,0
061 99 00 1.2 0,0,5
061 99 01 1.2 112,231,309
061 99 08 1.2 354,375,376
061 99 08 1.4 436,422,404
061 99 05 1.4 381,366,351
061 99 03 1.4 338,315,293
061 99 01 1.4 268,247,222
061 99 00 1.4 200,177,158
061 99 00 1.4 131,107,81
061 99 00 1.4 59,31,7
061 99 00 1.4 0,2,67
061 99 01 1.4 173,286,362
061 99 08 1.4 404,426,431
061 99 08 1.4 436,418,401
061 99 05 1.4 387,375,362
061 99 03 1.4 345,327,304
061 99 01 1.4 281,256,230
061 99 00 1.4 202,174,153
061 99 00 1.4 131,112,88
061 99 00 1.4 66,40,16
061 99 00 1.4 0,16,85
061 99 01 1.4 195,299,371
061 99 08 1.4 405,422,424
061 99 08 1.3 413,397,377
061 99 05 1.3 363,345,328
061 99 03 1.3 312,298,281
061 99 01 1.3 260,236,213
061 99 00 1.3 190,166,141
061 99 00 1.3 117,92,69
061 99 00 1.3 51,33,15
061 99 00 1.3 0,25,104
061 99 02 1.3 216,302,347
061 99 08 1.1 367,368,368
061 99 07 1.1 354,340,325
061 99 04 1.1 313,300,285
061 99 02 1.1 268,245,221
061 99 00 1.1 198,177,157
061 99 00 1.1 134,112,87
061 99 00 1.1 67,45,24
061 99 00 1.1 1,0,0
061 99 00 1.1 0,35,139
061 99 04 1.1 250,320,354
061 99 08 1.2 364,364,392
061 99 07 1.2 377,361,343
061 99 04 1.2 331,316,302
061 99 02 1.2 280,257,237
061 99 00 1.2 219,198,174
061 99 00 1.2 150,127,106
061 99 00 1.2 84,60,33
061 99 00 1.2 9,0,0
061 99 00 1.2 0,71,186
061 99 05 1.2 289,356,384
061 99 08 1.3 396,399,418
061 99 07 1.3 403,382,364
061 99 04 1.3 349,329,309
061 99 02 1.3 291,274,254
061 99 00 1.3 229,204,182
061 99 00 1.3 157,139,116
061 99 00 1.3 98,74,52
061 99 00 1.3 28,3,0
061 99 00 1.3 23,104,214
061 99 05 1.3 308,368,395
061 99 08 1.3 404,401,399
061 99 07 1.3 381,360,345
061 99 04 1.3 329,315,292
061 99 02 1.3 271,253,233
061 99 00 1.3 213,189,165
061 99 00 1.3 144,124,104
061 99 00 1.3 81,62,37
061 99 00 1.3 14,0,0
061 99 00 1.3 31,122,230
061 99 06 1.3 305,348,364
061 99 08 1.2 364,370,355
061 99 06 1.2 341,329,317
061 99 03 1.2 303,288,267
061 99 02 1.2 247,227,206
061 99 00 1.2 182,154,129
061 99 00 1.2 103,86,63
061 99 00 1.2 49,26,11
061 99 00 1.2 0,0,34
061 99 01 1.2 126,232,308
061 99 08 1.2 350,366,374
061 99 08 1.2 386,374,351
061 99 05 1.2 334,319,306
061 99 03 1.2 289,268,247
061 99 01 1.2 228,203,179
061 99 00 1.2 153,129,107
061 99 00 1.2 86,67,40
061 99 00 1.2 20,0,0
061 99 00 1.2 0,8,103
061 99 03 1.2 213,304,355
061 99 08 1.3 384,388,420
061 99 07 1.3 406,391,374
061 99 04 1.3 355,341,324
061 99 02 1.3 308,290,269
061 99 01 1.3 245,221,198
061 99 00 1.3 177,151,130
061 99 00 1.3 106,87,61
061 99 00 1.3 40,17,0
061 99 00 1.3 6,60,158
061 99 04 1.3 267,342,389
061 99 08 1.3 405,411,405
061 99 07 1.3 389,366,349
061 99 04 1.3 337,324,310
061 99 02 1.3 291,271,251
061 99 01 1.3 230,209,189
061 99 00 1.3 165,145,121
061 99 00 1.3 101,78,58
061 99 00 1.3 40,20,7
061 99 00 1.3 34,115,222
061 99 05 1.3 306,349,366
061 99 08 1.1 369,352,338
061 99 06 1.1 322,312,299
061 99 03 1.1 284,268,250
061 99 02 1.1 231,207,185
061 99 00 1.1 158,135,114
061 99 00 1.1 94,74,51
061 99 00 1.1 31,13,0
061 99 00 1.1 0,0,0
061 99 00 1.1 47,156,255
061 99 07 1.1 318,349,360
061 99 08 1.2 359,394,381
061 99 06 1.2 365,349,331
061 99 03 1.2 316,297,276
061 99 01 1.2 252,230,210
061 99 00 1.2 188,169,143
061 99 00 1.2 123,97,76
061 99 00 1.2 49,27,6
061 99 00 1.2 0,0,0
061 99 00 1.2 73,180,275
061 99 07 1.2 333,366,379
061 99 08 1.2 379,400,382
061 99 06 1.2 363,346,332
061 99 03 1.2 315,301,281
061 99 01 1.2 260,234,211
061 99 00 1.2 188,166,147
061 99 00 1.2 126,102,75
061 99 00 1.2 49,25,2
061 99 00 1.2 0,0,0
061 99 00 1.2 42,147,252
061 99 07 1.2 311,343,351
061 99 08 1.2 355,381,369
061 99 06 1.2 349,337,322
061 99 03 1.2 307,284,265
061 99 01 1.2 244,227,205
061 99 00 1.2 182,162,137
061 99 00 1.2 114,88,71
061 99 00 1.2 47,26,2
061 99 00 1.2 0,0,4
061 99 00 1.2 81,185,267
061 99 07 1.2 313,331,333
061 99 07 1.1 348,330,306
061 99 04 1.1 291,282,271
061 99 03 1.1 255,232,212
061 99 01 1.1 190,169,143
061 99 00 1.1 119,100,84
061 99 00 1.1 61,35,11
061 99 00 1.1 0,0,0
061 99 00 1.1 0,0,38
061 99 02 1.1 146,238,300
060 99 08 1.2 332,348,347
060 99 08 1.2 401,389,371
060 99 05 1.2 358,343,328
060 99 03 1.2 312,294,271
060 99 01 1.2 251,227,206
060 99 00 1.2 181,159,139
060 99 00 1.2 117,96,78
060 99 00 1.2 59,39,25
060 99 00 1.2 55,135,242
060 99 05 1.2 331,386,411
060 99 08 1.2 422,423,389
060 99 07 1.2 372,351,335
060 99 04 1.2 323,308,288
060 99 02 1.2 266,245,225
060 99 00 1.2 200,176,153
060 99 00 1.2 133,112,91
060 99 00 1.2 67,46,27
060 99 00 1.2 11,18,74
060 99 01 1.2 173,273,338
060 99 08 1.2 371,384,384
060 99 07 1.1 365,349,329
060 99 04 1.1 316,299,285
060 99 02 1.1 272,254,231
060 99 01 1.1 207,186,167
060 99 00 1.1 143,125,103
060 99 00 1.1 88,67,48
060 99 00 1.1 26,7,10
060 99 00 1.1 63,152,246
060 99 06 1.1 305,333,342
061 99 07 1.0 333,320,304
061 99 05 1.0 285,275,257
061 99 03 1.0 246,229,213
061 99 01 1.0 194,171,151
061 99 00 1.0 131,116,95
061 99 00 1.0 73,52,39
061 99 00 1.0 21,4,4
061 99 00 1.0 56,144,231
061 99 06 1.0 282,300,304
061 99 07 0.9 301,288,273
061 99 06 0.9 259,246,232
061 99 03 0.9 215,201,182
061 99 00 0.9 159,133,109
061 99 00 0.9 83,59,35
061 99 00 0.9 17,2,0
061 99 00 0.9 0,0,0
061 99 00 0.9 0,99,198
061 99 08 0.9 271,303,316
061 99 08 1.2 320,383,370
061 99 06 1.2 348,329,312
061 99 03 1.2 296,278,264
061 99 02 1.2 241,217,192
061 99 00 1.2 167,148,121
061 99 00 1.2 103,81,67
061 99 00 1.2 48,28,10
061 99 00 1.2 15,71,165
061 99 04 1.2 270,350,395
061 99 08 1.2 418,422,422
061 99 08 1.3 410,396,376
061 99 05 1.3 354,336,323
061 99 02 1.3 307,287,267
061 99 01 1.3 240,221,192
061 99 00 1.3 175,151,133
061 99 00 1.3 117,101,88
061 99 00 1.3 77,99,168
061 99 02 1.3 262,344,387
061 99 08 1.0 410,415,332
061 99 06 1.0 311,288,270
061 99 03 1.0 259,244,228
061 99 02 1.0 211,192,170
061 99 00 1.0 142,116,96
061 99 00 1.0 78,58,35
061 99 00 1.0 15,0,0
061 99 00 1.0 0,17,98
061 99 03 1.0 185,238,261
061 99 07 0.9 265,294,279
061 99 07 0.9 260,236,216
061 99 02 0.9 200,185,166
061 99 00 0.9 147,126,107
061 99 00 0.9 82,61,39
061 99 00 0.9 14,0,0
061 99 00 0.9 0,0,0
061 99 00 0.9 0,89,171
061 99 07 0.9 227,250,255
062 99 08 1.0 309,293,272
062 99 06 1.0 249,231,218
062 99 02 1.0 206,188,165
062 99 00 1.0 145,119,97
062 99 00 1.0 70,50,28
062 99 00 1.0 10,0,0
062 99 00 1.0 0,52,139
062 99 06 1.0 212,255,270
062 99 08 0.9 287,277,251
062 99 06 0.9 229,207,196
062 99 02 0.9 184,170,148
062 99 00 0.9 125,104,82
062 99 00 0.9 57,24,1
062 99 00 0.9 0,0,0
062 99 00 0.9 0,0,20
062 99 02 0.9 100,145,166
062 99 08 0.9 174,203,236
062 99 08 1.1 250,340,317
062 99 07 1.1 322,323,303
062 99 04 1.1 247,174,118
062 99 00 1.1 61,10,0
062 99 00 1.1 0,0,0
062 99 00 1.1 0,0,0
062 99 00 1.1 0,0,0
062 99 00 1.1 0,0,0
062 99 05 1.1 9,29,31
063 99 08 0.9 293,265,225
063 99 01 0.9 179,143,120
063 99 00 0.9 100,80,51
063 99 00 0.9 21,0,0
063 99 00 0.9 0,0,0
063 99 00 0.9 0,0,0
063 99 00 0.9 0,0,0
063 99 00 0.9 0,0,0
063 99 03 0.9 0,72,121
063 99 08 1.1 148,153,374
063 99 07 1.1 361,338,310
063 99 03 1.1 283,264,241
063 99 01 1.1 217,190,171
063 99 00 1.1 149,122,88
063 99 00 1.1 59,36,7
063 99 00 1.1 0,0,0
063 99 00 1.1 0,0,0
063 99 00 1.1 0,0,76
063 99 04 1.1 156,205,227
063 99 08 1.0 235,344,330
063 99 05 1.0 303,279,253
063 99 02 1.0 233,212,188
063 99 00 1.0 168,140,119
063 99 00 1.0 89,65,36
063 99 00 1.0 13,0,0
063 99 00 1.0 0,0,0
063 99 00 1.0 0,0,0
063 99 00 1.0 0,68,140
063 99 06 1.0 177,189,188
063 99 06 1.0 317,304,277
063 99 03 1.0 253,231,215
063 99 01 1.0 202,179,158
063 99 00 1.0 132,109,81
063 99 00 1.0 55,31,12
063 99 00 1.0 0,0,0
063 99 00 1.0 0,0,0
063 99 00 1.0 0,0,80
063 99 04 1.0 142,169,180
063 99 06 0.9 286,275,249
063 99 05 0.9 226,211,197
063 99 01 0.9 186,165,147
063 99 00 0.9 120,98,70
063 99 00 0.9 49,29,10
063 99 00 0.9 0,0,0
063 99 00 0.9 0,0,0
063 99 00 0.9 0,0,78
063 99 06 0.9 158,201,225
063 99 08 1.0 225,333,317
063 99 08 1.0 296,271,253
063 99 03 1.0 240,219,201
063 99 00 1.0 182,162,137
063 99 00 1.0 109,84,58
063 99 00 1.0 41,19,0
063 99 00 1.0 0,0,0
063 99 00 1.0 0,68,166
063 99 07 1.0 238,275,292
064 99 08 1.0 297,337,317
064 99 07 1.0 289,266,252
064 99 03 1.0 235,214,196
064 99 00 1.0 178,161,136
064 99 00 1.0 116,91,74
064 99 00 1.0 53,38,17
064 99 00 1.0 0,0,0
064 99 00 1.0 61,154,239
064 99 08 0.9 284,296,295
064 99 08 0.9 305,288,266
064 99 05 0.9 244,227,213
064 99 01 0.9 200,178,156
064 99 00 0.9 135,119,100
064 99 00 0.9 79,56,42
064 99 00 0.9 28,13,0
064 99 00 0.9 1,49,131
064 99 05 0.9 208,259,275
064 99 08 0.8 276,266,250
064 99 06 0.8 225,209,188
064 99 02 0.8 175,159,145
064 99 00 0.8 127,106,83
064 99 00 0.8 62,47,26
064 99 00 0.8 10,0,0
064 99 00 0.8 0,0,73
064 99 04 0.8 162,221,244
066 99 08 0.8 241,264,245
066 99 07 0.8 228,212,197
066 99 03 0.8 186,170,156
066 99 00 0.8 132,117,97
066 99 00 0.8 86,63,44
066 99 00 0.8 23,7,0
066 99 00 0.8 0,0,41
066 99 02 0.8 128,214,268
066 99 08 0.9 294,301,319
066 99 08 0.9 305,284,260
066 99 05 0.9 246,229,218
066 99 01 0.9 195,179,159
066 99 00 0.9 139,121,97
066 99 00 0.9 82,62,48
066 99 00 0.9 34,11,0
066 99 00 0.9 0,39,136
066 99 05 0.9 236,298,327
066 99 08 1.0 330,342,322
066 99 08 1.0 298,276,255
066 99 04 1.0 241,224,207
066 99 00 1.0 184,165,142
066 99 00 1.0 121,100,77
066 99 00 1.0 55,28,10
066 99 00 1.0 0,0,0
066 99 00 1.0 0,0,11
066 99 01 1.0 110,199,258
067 99 08 1.0 278,283,328
067 99 08 1.0 310,289,267
067 99 04 1.0 248,233,219
067 99 01 1.0 198,178,156
067 99 00 1.0 140,120,98
067 99 00 1.0 74,49,31
067 99 00 1.0 11,0,0
067 99 00 1.0 0,0,0
067 99 00 1.0 0,22,112
067 99 06 1.0 185,225,236
067 99 08 0.9 306,288,267
067 99 06 0.9 247,235,225
067 99 03 0.9 209,195,178
067 99 00 0.9 163,134,110
067 99 00 0.9 87,70,47
067 99 00 0.9 28,7,0
067 99 00 0.9 0,0,0
067 99 00 0.9 0,0,0
067 99 00 0.9 0,73,174
067 99 08 0.9 239,268,274
067 99 08 1.1 385,371,355
067 99 05 1.1 337,324,310
067 99 03 1.1 294,280,263
067 99 01 1.1 246,218,194
067 99 00 1.1 164,144,121
067 99 00 1.1 105,88,66
067 99 00 1.1 42,17,0
067 99 00 1.1 0,0,0
067 99 00 1.1 39,145,249
067 99 07 1.1 315,343,353
065 99 08 1.1 387,370,353
065 99 05 1.1 337,326,311
065 99 03 1.1 302,289,277
065 99 02 1.1 252,231,205
065 99 00 1.1 185,165,142
065 99 00 1.1 123,96,75
065 99 00 1.1 51,33,14
065 99 00 1.1 0,0,0
065 99 00 1.1 0,68,178
065 99 05 1.1 269,326,346
065 99 08 1.1 353,346,369
065 99 06 1.1 357,340,328
065 99 04 1.1 315,309,295
065 99 02 1.1 278,261,247
065 99 01 1.1 238,224,216
065 99 00 1.1 198,182,163
065 99 00 1.1 148,131,111
065 99 00 1.1 95,77,55
065 99 00 1.1 48,86,172
065 99 03 1.1 276,350,387
065 99 08 1.0 395,348,341
065 99 06 1.0 324,308,291
065 99 04 1.0 284,279,267
065 99 02 1.0 254,233,216
065 99 01 1.0 191,174,155
065 99 00 1.0 140,124,108
065 99 00 1.0 90,68,47
065 99 00 1.0 26,6,0
065 99 00 1.0 0,17,96
065 99 03 1.0 204,292,345
065 99 08 1.1 363,365,378
065 99 07 1.1 371,358,343
065 99 04 1.1 332,322,310
065 99 03 1.1 295,278,258
065 99 01 1.1 238,222,201
065 99 00 1.1 184,159,146
065 99 00 1.1 129,109,82
065 99 00 1.1 60,43,26
065 99 00 1.1 20,48,130
065 99 03 1.1 236,329,379
065 99 08 1.1 404,415,419
065 99 08 1.2 398,386,376
065 99 05 1.2 360,346,328
065 99 03 1.2 315,303,289
065 99 02 1.2 271,248,233
065 99 00 1.2 214,198,180
065 99 00 1.2 165,151,136
065 99 00 1.2 118,102,82
065 99 00 1.2 71,98,174
065 99 03 1.2 275,360,408
065 99 08 1.1 435,432,354
065 99 07 1.1 334,322,311
065 99 04 1.1 304,299,285
065 99 03 1.1 272,259,245
065 99 02 1.1 225,204,186
065 99 00 1.1 176,157,144
065 99 00 1.1 127,112,94
065 99 00 1.1 75,57,33
065 99 00 1.1 21,57,145
065 99 03 1.1 259,351,408
065 99 08 1.1 437,451,453
064 99 08 1.3 426,412,399
064 99 06 1.3 386,378,365
064 99 03 1.3 348,333,316
064 99 02 1.3 301,284,268
064 99 00 1.3 254,234,218
064 99 00 1.3 202,186,168
064 99 00 1.3 146,126,109
064 99 00 1.3 96,90,120
064 99 01 1.3 203,310,404
064 99 08 1.3 460,494,503
064 99 08 1.2 507,409,398
064 99 06 1.2 382,371,365
064 99 04 1.2 353,338,320
064 99 02 1.2 303,283,263
064 99 00 1.2 242,227,212
064 99 00 1.2 195,173,151
064 99 00 1.2 131,110,90
064 99 00 1.2 69,53,40
064 99 00 1.2 58,123,228
064 99 05 1.2 330,396,428
064 99 08 1.2 439,444,443
064 99 07 1.2 392,377,360
064 99 04 1.2 354,340,329
064 99 03 1.2 311,298,283
064 99 01 1.2 264,243,226
064 99 00 1.2 208,191,172
064 99 00 1.2 158,146,133
064 99 00 1.2 115,94,77
064 99 00 1.2 81,125,212
064 99 04 1.2 305,374,406
063 99 08 1.0 415,335,323
063 99 06 1.0 309,300,290
063 99 04 1.0 282,268,255
063 99 02 1.0 237,220,198
063 99 01 1.0 178,158,139
063 99 00 1.0 122,102,87
063 99 00 1.0 68,53,31
063 99 00 1.0 9,0,0
063 99 00 1.0 0,0,77
063 99 03 1.0 188,290,346
063 99 08 1.0 378,384,391
063 99 08 1.2 414,413,399
063 99 06 1.2 392,376,363
063 99 03 1.2 348,333,314
063 99 02 1.2 292,267,247
063 99 00 1.2 230,215,194
063 99 00 1.2 177,157,140
063 99 00 1.2 121,102,84
063 99 00 1.2 64,71,123
063 99 01 1.2 223,328,406
063 99 08 1.2 449,469,479
063 99 08 1.2 479,409,398
063 99 06 1.2 387,376,364
063 99 04 1.2 350,334,316
063 99 02 1.2 295,280,259
063 99 00 1.2 243,222,203
063 99 00 1.2 183,162,147
063 99 00 1.2 124,109,86
063 99 00 1.2 65,44,49
063 99 00 1.2 106,202,306
063 99 07 1.2 382,426,448
062 99 08 1.2 458,457,412
062 99 07 1.2 401,389,379
062 99 04 1.2 367,357,339
062 99 03 1.2 327,306,290
062 99 01 1.2 265,248,230
062 99 00 1.2 219,199,184
062 99 00 1.2 167,149,130
062 99 00 1.2 109,91,77
062 99 00 1.2 91,149,241
062 99 04 1.2 332,399,433
062 99 08 1.1 447,370,364
062 99 07 1.1 354,347,337
062 99 04 1.1 329,316,302
062 99 03 1.1 287,276,260
062 99 01 1.1 240,223,205
062 99 00 1.1 180,156,143
062 99 00 1.1 133,118,93
062 99 00 1.1 70,58,46
062 99 00 1.1 62,114,207
062 99 05 1.1 307,376,416
062 99 08 1.2 433,443,397
062 99 08 1.2 390,377,370
062 99 05 1.2 362,353,335
062 99 03 1.2 320,303,286
062 99 01 1.2 260,241,223
062 99 00 1.2 212,199,186
062 99 00 1.2 163,139,116
062 99 00 1.2 99,83,66
062 99 00 1.2 64,105,186
062 99 03 1.2 287,372,427
062 99 08 1.2 460,469,471
061 99 08 1.2 399,388,378
061 99 06 1.2 371,358,347
061 99 03 1.2 332,321,303
061 99 02 1.2 286,264,246
061 99 00 1.2 225,206,187
061 99 00 1.2 172,151,133
061 99 00 1.2 118,105,88
061 99 00 1.2 74,94,160
061 99 02 1.2 259,354,419
061 99 08 1.2 452,473,479
061 99 08 1.2 483,400,391
061 99 06 1.2 376,362,351
061 99 03 1.2 337,322,304
061 99 02 1.2 285,270,250
061 99 00 1.2 235,214,196
061 99 00 1.2 178,165,146
061 99 00 1.2 130,106,92
061 99 00 1.2 75,64,87
061 99 00 1.2 157,260,348
061 99 07 1.2 399,425,431
061 99 08 1.1 431,359,349
061 99 06 1.1 341,331,321
061 99 04 1.1 308,294,280
061 99 02 1.1 265,247,224
061 99 01 1.1 205,187,171
061 99 00 1.1 152,130,110
061 99 00 1.1 89,75,56
061 99 00 1.1 37,19,40

0!0!0!0
1!1!1!1!1!1!1!1!1!1!1!1!1!1!1!1!1!1!1!