177628!20190829_190344!1!1
2.42!2.48!2.41!2.39!2.31!2.32!
99!73!75!0!601
341.4 2.12 90 49

075 99 01 1.4 123,294,456
075 99 04 1.9 551,584,579
075 99 07 1.9 553,516,488
075 99 05 1.9 459,436,414
075 99 02 1.9 391,364,334
075 99 00 1.9 302,272,238
075 99 00 1.9 211,181,156
075 99 00 1.9 129,100,77
075 99 00 1.9 103,213,377
075 99 06 1.9 519,597,613
075 99 02 1.7 526,489,452
075 99 07 1.7 418,398,378
075 99 03 1.7 359,335,305
075 99 00 1.7 275,239,208
075 99 00 1.7 173,147,123
075 99 00 1.7 100,74,40
075 99 00 1.7 17,41,148
075 99 05 1.7 311,452,523
075 99 03 1.6 532,492,455
075 99 08 1.6 416,390,370
075 99 04 1.6 355,334,312
075 99 00 1.6 284,252,220
075 99 00 1.6 189,165,136
075 99 00 1.6 110,82,54
075 99 00 1.6 30,27,94
075 99 03 1.6 230,395,517
075 99 06 1.8 584,603,571
075 99 04 1.8 547,527,515
075 99 08 1.8 505,491,481
075 99 06 1.8 475,475,472
075 99 05 1.8 476,481,497
075 99 06 1.8 511,512,510
075 99 04 1.8 491,484,528
075 99 07 1.8 657,831,982
075 99 08 2.1 1074,1118,1127
075 99 06 2.1 641,621,599
075 99 08 2.1 585,575,562
075 99 06 2.1 549,531,510
075 99 03 2.1 483,453,432
075 99 01 2.1 416,405,392
075 99 00 2.1 382,368,388
075 99 03 2.1 482,643,815
075 99 06 2.1 931,994,1014
075 99 05 2.1 1010,618,596
075 99 08 2.1 582,577,568
075 99 06 2.1 552,533,513
075 99 03 2.1 491,467,442
075 99 01 2.1 422,406,387
075 99 00 2.1 371,353,338
075 99 00 2.1 359,457,612
075 99 06 2.1 760,847,884
075 99 04 1.8 888,534,507
075 99 08 1.8 485,471,464
075 99 08 1.8 453,442,426
075 99 03 1.8 404,378,351
075 99 00 1.8 328,304,281
075 99 00 1.8 264,247,226
075 99 00 1.8 205,217,309
075 99 06 1.8 455,598,677
075 99 05 1.7 705,699,476
075 99 07 1.7 446,420,403
075 99 04 1.7 391,383,365
075 99 02 1.7 342,314,288
075 99 00 1.7 267,244,221
075 99 00 1.7 198,176,155
075 99 00 1.7 133,116,130
075 99 01 1.7 221,359,488
075 99 06 1.5 548,556,425
075 99 07 1.5 394,362,336
075 99 04 1.5 324,314,305
075 99 02 1.5 287,263,236
075 99 00 1.5 208,184,158
075 99 00 1.5 136,115,93
075 99 00 1.5 70,48,64
075 99 01 1.5 152,302,448
075 99 04 1.8 538,572,572
075 99 04 1.8 505,471,442
075 99 08 1.8 421,408,396
075 99 04 1.8 376,358,328
075 99 00 1.8 299,270,247
075 99 00 1.8 223,197,173
075 99 00 1.8 153,128,116
075 99 00 1.8 161,287,453
075 99 05 1.8 587,654,675
075 99 04 1.9 547,526,496
075 99 08 1.9 476,454,437
075 99 05 1.9 417,397,372
075 99 01 1.9 346,317,291
075 99 00 1.9 262,236,210
075 99 00 1.9 185,165,140
075 99 00 1.9 128,170,290
075 99 04 1.9 449,578,645
074 99 05 1.8 666,533,510
074 99 08 1.8 477,446,424
074 99 06 1.8 411,396,378
074 99 02 1.8 353,327,300
074 99 00 1.8 276,250,221
074 99 00 1.8 196,170,146
074 99 00 1.8 121,99,112
074 99 01 1.8 200,348,492
074 99 05 1.7 576,600,494
074 99 06 1.7 465,435,408
074 99 05 1.7 388,370,351
074 99 02 1.7 330,305,278
074 99 00 1.7 249,224,197
074 99 00 1.7 173,147,122
074 99 00 1.7 96,71,46
074 99 00 1.7 24,41,138
074 99 04 1.7 283,413,473
074 99 08 1.6 482,442,409
074 99 04 1.6 370,336,318
074 99 02 1.6 304,288,265
074 99 01 1.6 238,214,189
074 99 00 1.6 162,135,106
074 99 00 1.6 85,60,33
074 99 00 1.6 9,0,12
074 99 01 1.6 102,236,349
074 99 06 1.4 400,405,396
074 99 04 1.4 356,318,288
074 99 02 1.4 272,261,245
074 99 02 1.4 226,197,170
074 99 01 1.4 141,118,93
074 99 00 1.4 73,46,25
074 99 00 1.4 0,0,0
074 99 01 1.4 55,202,345
074 99 03 1.6 434,461,458
074 99 05 1.6 466,436,407
074 99 03 1.6 383,362,348
074 99 02 1.6 329,311,285
074 99 01 1.6 259,232,205
074 99 00 1.6 180,157,135
074 99 00 1.6 114,89,89
074 99 01 1.6 154,291,444
074 99 03 1.6 554,602,616
074 99 04 1.8 518,493,463
074 99 06 1.8 441,429,418
074 99 03 1.8 401,377,353
074 99 01 1.8 330,303,273
074 99 00 1.8 243,220,196
074 99 00 1.8 176,149,132
074 99 00 1.8 155,257,407
074 99 06 1.8 544,621,644
074 99 02 1.7 641,483,456
074 99 08 1.7 425,408,394
074 99 05 1.7 379,356,334
074 99 00 1.7 311,286,255
074 99 00 1.7 226,197,170
074 99 00 1.7 145,116,87
074 99 00 1.7 69,93,191
074 99 05 1.7 326,448,507
074 99 01 1.5 519,436,406
074 99 06 1.5 370,336,311
074 99 02 1.5 293,277,259
074 99 01 1.5 236,205,176
074 99 00 1.5 144,118,90
074 99 00 1.5 63,38,11
074 99 00 1.5 0,0,0
074 99 00 1.5 61,193,305
074 99 08 1.4 359,362,376
074 99 06 1.4 342,303,275
074 99 02 1.4 255,242,225
074 99 01 1.4 204,181,157
074 99 00 1.4 127,98,68
074 99 00 1.4 44,17,0
074 99 00 1.4 0,0,0
074 99 00 1.4 0,80,211
073 99 07 1.3 302,326,379
073 99 07 1.3 347,311,277
073 99 03 1.3 253,240,229
073 99 01 1.3 210,182,146
073 99 00 1.3 118,86,60
073 99 00 1.3 32,8,0
073 99 00 1.3 0,0,0
073 99 00 1.3 0,3,146
073 99 07 1.3 286,369,398
073 99 06 1.7 393,463,431
073 99 04 1.7 400,376,358
073 99 02 1.7 341,320,292
073 99 01 1.7 261,232,204
073 99 00 1.7 179,155,130
073 99 00 1.7 106,81,60
073 99 00 1.7 38,47,126
073 99 03 1.7 268,411,494
073 99 02 1.6 520,518,466
073 99 05 1.6 435,401,376
073 99 03 1.6 361,344,322
073 99 02 1.6 300,274,246
073 99 01 1.6 216,186,166
073 99 00 1.6 141,120,91
073 99 00 1.6 67,41,33
073 99 00 1.6 89,211,356
073 99 05 1.6 452,487,486
073 99 05 1.6 430,397,367
073 99 03 1.6 348,335,319
073 99 02 1.6 301,280,254
073 99 01 1.6 224,189,163
073 99 00 1.6 133,109,83
073 99 00 1.6 60,39,14
073 99 00 1.6 0,1,81
073 99 03 1.6 209,337,402
073 99 06 1.5 418,407,375
073 99 04 1.5 339,317,303
073 99 02 1.5 290,274,247
073 99 02 1.5 224,194,164
073 99 00 1.5 131,104,82
073 99 00 1.5 61,40,14
073 99 00 1.5 0,0,0
073 99 00 1.5 0,103,234
073 99 05 1.3 317,339,376
073 99 04 1.3 345,311,277
073 99 02 1.3 257,248,239
073 99 02 1.3 221,198,170
073 99 01 1.3 149,124,103
073 99 00 1.3 78,56,34
073 99 00 1.3 10,0,0
073 99 00 1.3 9,117,262
073 99 05 1.3 371,421,428
073 99 06 1.5 441,409,379
073 99 03 1.5 358,347,332
073 99 02 1.5 317,295,270
073 99 01 1.5 243,218,197
073 99 00 1.5 172,152,130
073 99 00 1.5 110,84,60
073 99 00 1.5 71,160,309
073 99 04 1.5 448,532,564
073 99 04 1.7 570,501,473
073 99 07 1.7 453,436,425
073 99 04 1.7 413,396,376
073 99 02 1.7 349,326,309
073 99 00 1.7 287,265,238
073 99 00 1.7 214,186,162
073 99 00 1.7 159,221,345
073 99 07 1.7 493,597,641
073 99 05 1.7 648,477,452
073 99 04 1.7 424,401,387
073 99 03 1.7 373,358,338
073 99 02 1.7 311,285,256
073 99 01 1.7 233,209,189
073 99 00 1.7 165,144,116
073 99 00 1.7 93,111,203
073 99 03 1.7 340,456,508
073 99 06 1.4 515,397,365
073 99 04 1.4 332,311,298
073 99 02 1.4 282,264,241
073 99 01 1.4 215,186,154
073 99 00 1.4 125,100,78
073 99 00 1.4 61,40,14
073 99 00 1.4 0,0,45
073 99 02 1.4 164,283,352
073 99 05 1.3 362,370,340
073 99 05 1.3 310,278,261
073 99 02 1.3 244,236,215
073 99 01 1.3 196,167,142
073 99 00 1.3 116,91,65
073 99 00 1.3 40,19,0
073 99 00 1.3 0,0,38
073 99 03 1.3 151,262,318
073 99 08 1.2 321,337,304
073 99 04 1.2 271,238,220
073 99 02 1.2 207,193,168
073 99 00 1.2 144,121,100
073 99 00 1.2 73,46,19
073 99 00 1.2 0,0,0
073 99 00 1.2 0,0,116
073 99 06 1.2 249,331,360
073 99 08 1.4 354,395,361
073 99 05 1.4 331,308,289
073 99 02 1.4 272,249,230
073 99 00 1.4 204,179,151
073 99 00 1.4 123,97,75
073 99 00 1.4 53,30,11
073 99 00 1.4 39,131,267
073 99 07 1.4 380,438,450
073 99 08 1.5 427,403,368
073 99 05 1.5 340,322,309
073 99 02 1.5 291,265,241
073 99 00 1.5 216,193,167
073 99 00 1.5 138,112,85
073 99 00 1.5 61,34,17
073 99 00 1.5 46,141,276
073 99 07 1.4 379,425,431
073 99 08 1.4 398,369,333
073 99 04 1.4 304,287,275
073 99 02 1.4 259,238,210
073 99 00 1.4 186,159,135
073 99 00 1.4 106,82,57
073 99 00 1.4 33,7,0
073 99 00 1.4 0,50,171
073 99 06 1.4 289,357,368
074 99 08 1.3 383,354,323
074 99 04 1.3 290,267,249
074 99 02 1.3 231,213,189
074 99 00 1.3 162,129,98
074 99 00 1.3 71,45,24
074 99 00 1.3 5,0,0
074 99 00 1.3 0,0,82
074 99 05 1.3 206,288,305
074 99 07 1.2 348,322,285
074 99 03 1.2 248,223,213
074 99 01 1.2 198,174,147
074 99 00 1.2 122,100,73
074 99 00 1.2 50,32,16
074 99 00 1.2 0,0,0
074 99 00 1.2 0,0,90
074 99 05 1.2 204,271,282
074 99 07 1.2 329,297,260
074 99 03 1.2 220,198,181
074 99 01 1.2 167,150,124
074 99 00 1.2 98,67,40
074 99 00 1.2 16,0,0
074 99 00 1.2 0,0,0
074 99 00 1.2 0,4,133
074 99 07 1.2 258,324,343
074 99 08 1.5 424,395,363
074 99 04 1.5 331,309,287
074 99 02 1.5 266,245,219
074 99 00 1.5 192,162,136
074 99 00 1.5 113,91,72
074 99 00 1.5 50,27,6
074 99 00 1.5 26,117,253
074 99 07 1.5 366,418,428
074 99 08 1.4 411,385,347
074 99 04 1.4 318,293,279
074 99 02 1.4 260,239,212
074 99 00 1.4 183,156,130
074 99 00 1.4 104,80,56
074 99 00 1.4 35,15,0
074 99 00 1.4 6,80,208
074 99 07 1.4 325,387,393
074 99 08 1.4 385,350,312
074 99 03 1.4 280,261,244
074 99 02 1.4 229,208,186
074 99 00 1.4 158,128,100
074 99 00 1.4 72,48,28
074 99 00 1.4 8,0,0
074 99 00 1.4 0,0,81
074 99 05 1.4 208,298,329
074 99 08 1.3 321,346,309
074 99 04 1.3 279,255,240
074 99 02 1.3 229,211,190
074 99 00 1.3 162,137,112
074 99 00 1.3 87,63,41
074 99 00 1.3 27,8,0
074 99 00 1.3 0,0,67
074 99 04 1.3 183,271,305
074 99 07 1.1 296,301,266
074 99 03 1.1 232,211,201
074 99 02 1.1 189,174,153
074 99 00 1.1 129,102,76
074 99 00 1.1 51,30,7
074 99 00 1.1 0,0,0
074 99 00 1.1 0,2,127
074 99 06 1.1 251,322,339
074 99 08 1.4 393,369,337
074 99 04 1.4 307,284,270
074 99 02 1.4 255,237,214
074 99 00 1.4 186,159,133
074 99 00 1.4 110,83,63
074 99 00 1.4 41,25,8
074 99 00 1.4 44,138,269
074 99 07 1.4 370,413,417
074 99 08 1.4 393,363,329
074 99 04 1.4 302,286,273
074 99 02 1.4 255,232,207
074 99 00 1.4 181,157,133
074 99 00 1.4 108,84,66
074 99 00 1.4 48,28,11
074 99 00 1.4 44,141,269
074 99 07 1.3 362,396,394
074 99 07 1.3 364,334,303
074 99 03 1.3 277,262,247
074 99 02 1.3 229,205,181
074 99 00 1.3 157,132,108
074 99 00 1.3 86,66,46
074 99 00 1.3 22,0,0
074 99 00 1.3 4,98,220
074 99 07 1.2 315,345,357
074 99 07 1.2 331,296,261
074 99 03 1.2 235,223,213
074 99 01 1.2 198,174,149
074 99 00 1.2 119,94,72
074 99 00 1.2 54,33,12
074 99 00 1.2 0,0,0
074 99 00 1.2 0,86,199
074 99 07 1.1 273,294,322
074 99 06 1.1 293,256,223
074 99 02 1.1 203,195,184
074 99 01 1.1 168,143,119
074 99 00 1.1 99,79,59
074 99 00 1.1 36,15,0
074 99 00 1.1 0,0,0
074 99 01 1.1 44,152,247
074 99 08 1.1 286,281,297
074 99 05 1.1 262,231,203
074 99 02 1.1 194,182,168
074 99 01 1.1 144,120,91
074 99 00 1.1 66,44,26
074 99 00 1.1 7,0,0
074 99 00 1.1 0,0,13
074 99 03 1.1 131,252,316
074 99 08 1.3 334,390,367
074 99 06 1.3 332,300,278
074 99 02 1.3 265,250,231
074 99 01 1.3 207,181,159
074 99 00 1.3 136,113,91
074 99 00 1.3 70,53,32
074 99 00 1.3 16,38,122
074 99 04 1.3 243,344,390
075 99 08 1.3 397,365,339
075 99 05 1.3 305,279,257
075 99 02 1.3 240,224,204
075 99 01 1.3 185,158,135
075 99 00 1.3 110,89,66
075 99 00 1.3 48,24,4
075 99 00 1.3 0,0,33
075 99 02 1.3 137,253,322
075 99 08 1.2 342,353,326
075 99 05 1.2 287,255,229
075 99 02 1.2 215,203,187
075 99 01 1.2 165,141,115
075 99 00 1.2 90,64,38
075 99 00 1.2 18,0,0
075 99 00 1.2 0,0,0
075 99 00 1.2 21,138,238
075 99 08 1.2 278,274,317
075 99 05 1.2 282,249,226
075 99 02 1.2 213,201,189
075 99 01 1.2 167,141,111
075 99 00 1.2 87,65,45
075 99 00 1.2 24,2,0
075 99 00 1.2 0,0,0
075 99 00 1.2 15,118,208
075 99 07 1.0 244,238,273
075 99 06 1.0 239,206,183
075 99 01 1.0 166,158,144
075 99 00 1.0 125,93,69
075 99 00 1.0 44,21,0
075 99 00 1.0 0,0,0
075 99 00 1.0 0,0,0
075 99 01 1.0 12,132,234
075 99 08 1.3 274,279,364
075 99 06 1.3 340,306,281
075 99 03 1.3 260,247,229
075 99 01 1.3 212,188,162
075 99 00 1.3 135,112,90
075 99 00 1.3 70,52,32
075 99 00 1.3 13,0,17
075 99 01 1.3 102,223,331
075 99 08 1.3 379,389,383
075 99 07 1.3 358,326,296
075 99 03 1.3 275,263,248
075 99 01 1.3 229,206,177
075 99 00 1.3 153,131,111
075 99 00 1.3 89,65,43
075 99 00 1.3 25,4,1
075 99 00 1.3 56,163,285
074 99 07 1.2 353,376,365
074 99 07 1.2 342,308,280
074 99 03 1.2 259,247,231
074 99 02 1.2 209,186,162
074 99 00 1.2 143,122,99
074 99 00 1.2 75,55,35
074 99 00 1.2 12,0,0
074 99 00 1.2 0,0,91
074 99 05 1.2 205,281,304
074 99 07 1.1 333,309,279
074 99 03 1.1 248,224,206
074 99 02 1.1 194,176,157
074 99 00 1.1 135,118,90
074 99 00 1.1 67,44,27
074 99 00 1.1 8,0,0
074 99 00 1.1 0,0,0
074 99 01 1.1 30,138,220
074 99 07 1.0 249,243,282
074 99 07 1.0 252,219,198
074 99 01 1.0 184,175,162
074 99 00 1.0 142,118,94
074 99 00 1.0 75,54,37
074 99 00 1.0 17,0,0
074 99 00 1.0 0,0,0
074 99 00 1.0 0,98,201
074 99 08 1.1 254,261,312
074 99 08 1.1 282,251,222
074 99 02 1.1 205,195,184
074 99 00 1.1 167,142,116
074 99 00 1.1 95,72,51
074 99 00 1.1 31,15,0
074 99 00 1.1 0,0,0
074 99 00 1.1 24,135,254
074 99 05 1.3 324,346,387
074 99 07 1.3 364,339,315
074 99 04 1.3 298,280,267
074 99 02 1.3 248,229,204
074 99 00 1.3 179,157,138
074 99 00 1.3 123,107,90
074 99 00 1.3 70,52,52
074 99 00 1.3 110,225,344
074 99 08 1.3 416,436,385
074 99 07 1.3 365,338,315
074 99 04 1.3 299,290,276
074 99 02 1.3 260,241,220
074 99 01 1.3 200,178,162
074 99 00 1.3 141,125,108
074 99 00 1.3 96,76,72
074 99 00 1.3 122,225,339
074 99 08 1.2 403,428,354
074 99 07 1.2 338,306,279
074 99 03 1.2 260,248,236
074 99 02 1.2 219,202,178
074 99 00 1.2 158,137,118
074 99 00 1.2 99,82,64
074 99 00 1.2 43,24,18
074 99 00 1.2 64,159,270
074 99 07 1.1 339,362,337
074 99 07 1.1 313,279,252
074 99 03 1.1 235,227,215
074 99 02 1.1 197,172,147
074 99 00 1.1 127,110,92
074 99 00 1.1 72,58,46
074 99 00 1.1 33,13,13
074 99 00 1.1 68,169,265
074 99 08 1.0 312,314,287
074 99 07 1.0 256,225,203
074 99 03 1.0 189,177,158
074 99 00 1.0 137,119,98
074 99 00 1.0 75,53,38
074 99 00 1.0 24,5,0
074 99 00 1.0 0,0,7
074 99 03 1.0 110,227,304
075 99 08 1.2 328,329,356
075 99 06 1.2 330,296,273
075 99 03 1.2 262,254,236
075 99 01 1.2 213,190,165
075 99 00 1.2 145,123,108
075 99 00 1.2 90,73,51
075 99 00 1.2 29,33,99
075 99 03 1.2 217,335,395
075 99 08 1.3 411,375,356
075 99 06 1.3 325,297,272
075 99 03 1.3 260,246,231
075 99 01 1.3 212,187,165
075 99 00 1.3 140,119,97
075 99 00 1.3 79,61,44
075 99 00 1.3 26,24,76
075 99 03 1.3 179,293,358
075 99 08 1.2 375,344,322
075 99 05 1.2 291,262,241
075 99 02 1.2 231,220,207
075 99 01 1.2 184,159,131
075 99 00 1.2 105,84,64
075 99 00 1.2 45,26,6
075 99 00 1.2 0,0,0
075 99 01 1.2 56,168,265
074 99 08 1.1 307,311,321
074 99 06 1.1 292,258,234
074 99 02 1.1 218,209,195
074 99 01 1.1 179,155,130
074 99 00 1.1 107,82,65
074 99 00 1.1 40,27,9
074 99 00 1.1 0,0,0
074 99 00 1.1 20,114,218
074 99 07 1.1 278,288,303
074 99 06 1.1 271,242,212
074 99 02 1.1 200,183,175
074 99 01 1.1 156,141,116
074 99 00 1.1 95,75,61
074 99 00 1.1 43,26,7
074 99 00 1.1 0,0,0
074 99 00 1.1 30,133,232
074 99 08 1.1 279,285,304
074 99 05 1.1 276,242,216
074 99 02 1.1 199,187,171
074 99 01 1.1 150,124,101
074 99 00 1.1 77,54,31
074 99 00 1.1 15,0,0
074 99 00 1.1 0,0,0
074 99 01 1.1 46,166,268
074 99 08 1.3 315,325,369
074 99 07 1.3 345,316,289
074 99 03 1.3 270,253,234
074 99 01 1.3 215,193,171
074 99 00 1.3 146,123,101
074 99 00 1.3 80,61,41
074 99 00 1.3 20,1,14
074 99 01 1.3 84,204,310
074 99 08 1.2 365,370,354
074 99 07 1.2 332,305,278
074 99 03 1.2 254,237,224
074 99 01 1.2 208,185,159
074 99 00 1.2 135,113,90
074 99 00 1.2 65,42,20
074 99 00 1.2 3,0,0
074 99 00 1.2 0,58,168
074 99 06 1.1 259,302,302
074 99 07 1.1 312,278,246
074 99 03 1.1 218,198,183
074 99 01 1.1 170,151,126
074 99 00 1.1 98,73,51
074 99 00 1.1 27,8,0
074 99 00 1.1 0,0,0
074 99 00 1.1 0,0,25

0!0!0!0
1!1!1!1!1!1!1!1!1!1!1!1!1!1!1!1!1!1!1!