176927!20190826_160202!1!0
2.71!2.9!3.21!2.97!3.33!3.11!
93!43!55!601!222
469.8 3.37 34 55

055 94 00 6.3 0,0,0
055 94 00 6.3 0,0,0
055 94 00 6.3 0,0,0
055 94 00 6.3 0,0,0
055 94 00 6.3 0,0,0
055 94 00 6.3 0,0,0
055 94 00 6.3 0,0,0
055 94 00 6.3 0,0,0
055 94 00 6.3 0,0,0
055 94 00 6.3 0,0,0
055 94 04 6.3 0,0,0
055 94 05 6.3 0,0,0
055 94 06 6.3 0,0,0
055 94 05 6.3 0,0,0
055 94 07 6.3 0,0,0
055 94 01 6.3 0,0,0
055 94 00 6.3 0,0,0
055 94 00 6.3 0,0,0
055 94 00 6.3 0,0,0
055 94 01 6.3 0,0,0
055 94 02 6.3 0,0,0
055 94 02 6.3 0,0,0
055 94 02 6.3 0,0,0
055 94 02 6.3 0,0,0
055 94 01 6.3 0,0,0
055 94 02 6.3 0,0,0
055 94 01 6.3 0,0,0
055 94 05 12.1 0,0,4287
055 94 06 12.1 3924,3535,3268
055 94 07 12.1 3212,3358,3564
055 94 04 12.1 3700,3703,3593
055 94 05 12.1 3405,3191,2974
055 94 01 12.1 2783,2642,2566
055 94 00 12.1 2534,2510,2469
055 94 00 12.1 2398,2290,2158
055 94 00 12.1 2016,1889,1773
055 94 00 12.1 1673,1575,1478
055 94 00 12.1 1382,1287,1190
055 94 00 12.1 1089,989,887
055 94 00 12.1 785,682,579
055 94 00 12.1 476,367,265
055 94 01 12.1 164,69,0
055 94 00 12.1 0,0,361
055 94 01 12.1 1754,3387,4466
054 94 05 12.8 4623,4575,4243
054 94 04 12.8 3932,3757,3788
054 94 05 12.8 3975,4175,4278
054 94 05 12.8 4252,4132,3969
054 94 05 12.8 3780,3601,3459
054 94 00 12.8 3372,3337,3317
054 94 00 12.8 3290,3233,3149
054 94 01 12.8 3038,2914,2797
054 94 00 12.8 2687,2592,2496
054 94 01 12.8 2410,2314,2217
054 94 00 12.8 2109,2009,1907
054 94 00 12.8 1819,1723,1630
054 94 00 12.8 1537,1448,1364
054 94 00 12.8 1276,1197,1116
054 94 00 12.8 1034,945,917
054 94 01 12.8 1458,2781,4324
054 94 06 12.6 5329,5518,4457
054 94 07 12.6 4197,3936,3787
054 94 06 12.6 3802,3943,4100
054 94 06 12.6 4196,4186,4085
054 94 07 12.6 3921,3740,3567
054 94 03 12.6 3421,3324,3281
054 94 00 12.6 3276,3261,3210
054 94 00 12.6 3122,3007,2873
054 94 00 12.6 2742,2623,2530
054 94 00 12.6 2437,2340,2230
054 94 00 12.6 2117,1995,1879
054 94 00 12.6 1763,1658,1543
054 94 00 12.6 1431,1317,1204
054 94 01 12.6 1093,978,865
054 94 00 12.6 760,663,566
054 94 01 12.6 494,816,1987
054 94 06 12.6 3536,4773,5151
054 94 07 12.9 5080,4364,4101
054 94 03 12.9 3897,3858,3983
054 94 02 12.9 4163,4275,4271
054 94 04 12.9 4174,4015,3834
054 94 05 12.9 3659,3514,3414
054 94 00 12.9 3364,3335,3299
054 94 00 12.9 3232,3130,3004
054 94 00 12.9 2861,2717,2582
054 94 00 12.9 2463,2358,2261
054 94 00 12.9 2166,2062,1945
054 94 00 12.9 1825,1704,1585
054 94 00 12.9 1463,1345,1223
054 94 00 12.9 1099,977,857
054 94 00 12.9 748,641,539
054 94 00 12.9 431,326,423
054 94 00 12.9 1334,2832,4286
049 94 02 13.0 4937,4964,4467
049 94 06 13.0 4222,4000,3912
049 94 05 13.0 3993,4166,4300
049 94 06 13.0 4320,4227,4069
049 94 05 13.0 3876,3682,3504
049 94 00 13.0 3379,3303,3265
049 94 02 13.0 3227,3168,3079
049 94 00 13.0 2959,2811,2645
049 94 00 13.0 2478,2331,2205
049 94 00 13.0 2095,1988,1873
049 94 00 13.0 1757,1633,1509
049 94 00 13.0 1376,1243,1114
049 94 00 13.0 989,869,743
049 94 00 13.0 622,498,379
049 94 00 13.0 259,136,10
049 94 00 13.0 0,348,1643
049 94 06 13.0 3288,4501,4831
049 94 05 13.6 4803,4578,4331
049 94 06 13.6 4154,4143,4280
049 94 07 13.6 4462,4554,4519
049 94 04 13.6 4388,4208,4016
049 94 07 13.6 3839,3712,3652
049 94 00 13.6 3647,3647,3616
049 94 00 13.6 3543,3441,3319
049 94 00 13.6 3176,3016,2855
049 94 00 13.6 2699,2566,2444
049 94 00 13.6 2332,2220,2105
049 94 00 13.6 1985,1853,1720
049 94 00 13.6 1579,1443,1305
049 94 00 13.6 1173,1035,905
049 94 00 13.6 776,661,544
049 94 00 13.6 426,316,402
049 94 00 13.6 1326,2872,4411
049 94 06 13.8 5138,5219,4780
049 94 05 13.8 4567,4360,4248
049 94 08 13.8 4299,4457,4596
049 94 06 13.8 4629,4544,4388
049 94 06 13.8 4195,4001,3830
049 94 01 13.8 3699,3619,3578
049 94 00 13.8 3545,3495,3446
049 94 01 13.8 3594,4141,4949
049 94 06 8.0 5664,5983,5980
049 94 03 8.0 2349,2085,1845
049 94 08 8.0 1738,1792,1917
049 94 08 8.0 1990,1956,1828
049 94 06 8.0 1642,1425,1206
049 94 00 8.0 1015,872,775
049 94 00 8.0 710,631,522
049 94 00 8.0 372,199,9
049 94 00 8.0 0,0,0
049 94 00 8.0 0,0,0
049 94 01 8.0 0,0,0
049 94 00 8.0 0,0,0
049 94 00 8.0 0,0,0
049 94 00 8.0 0,0,0
049 94 00 8.0 0,0,0
049 94 00 8.0 0,0,0
049 94 02 8.0 0,0,1230
049 94 06 14.8 1937,1985,5037
049 94 06 14.8 4796,4610,4579
049 94 05 14.8 4713,4900,5017
049 94 07 14.8 5015,4920,4760
049 94 07 14.8 4575,4383,4219
049 94 02 14.8 4096,4028,3993
049 94 00 14.8 3966,3910,3819
049 94 01 14.8 3788,4124,4886
049 94 04 14.8 5793,6415,6635
049 94 07 9.1 6619,2704,2508
049 94 06 9.1 2334,2282,2340
049 94 06 9.1 2424,2440,2362
049 94 04 9.1 2216,2031,1838
049 94 00 9.1 1660,1522,1434
049 94 00 9.1 1388,1348,1277
049 94 00 9.1 1159,993,811
049 94 00 9.1 637,490,363
049 94 00 9.1 233,86,0
049 94 00 9.1 0,0,0
049 94 00 9.1 0,0,0
049 94 00 9.1 0,0,0
049 94 02 9.1 0,0,0
049 94 00 9.1 0,0,0
049 94 00 9.1 0,0,0
049 94 00 9.1 0,0,556
049 94 08 9.1 2004,2598,2704
047 94 07 15.4 5210,5058,4889
047 94 08 15.4 4807,4861,4976
047 94 07 15.4 5041,4995,4861
047 94 06 15.4 4677,4474,4282
047 94 03 15.4 4111,3980,3899
047 94 01 15.4 3858,3818,3739
047 94 00 15.4 3617,3487,3385
047 94 01 15.4 3323,3247,3110
047 94 00 15.4 2912,2717,2567
047 94 00 15.4 2463,2376,2282
047 94 01 15.4 2171,2039,1898
047 94 00 15.4 1750,1601,1444
047 94 00 15.4 1288,1128,969
047 94 01 15.4 810,659,511
047 94 00 15.4 364,220,81
047 94 00 15.4 9,486,1776
047 94 03 15.4 3382,4543,4920
047 94 07 14.4 4914,4758,4544
047 94 07 14.4 4351,4291,4377
047 94 04 14.4 4518,4585,4539
047 94 06 14.4 4398,4207,3994
047 94 04 14.4 3787,3612,3481
047 94 00 14.4 3403,3348,3292
047 94 00 14.4 3202,3125,3276
047 94 03 14.4 3881,4758,5530
047 94 05 9.0 5886,5932,2684
047 94 05 9.0 2472,2242,2102
047 94 07 9.0 2101,2180,2227
047 94 08 9.0 2183,2053,1869
047 94 02 9.0 1658,1448,1261
047 94 00 9.0 1116,1017,947
047 94 00 9.0 883,787,648
047 94 00 9.0 468,268,59
047 94 00 9.0 0,0,0
047 94 00 9.0 0,0,0
047 94 00 9.0 0,0,0
047 94 00 9.0 0,0,0
047 94 00 9.0 0,0,0
047 94 00 9.0 0,0,0
047 94 00 9.0 0,0,0
047 94 00 9.0 0,0,0
047 94 00 9.0 0,0,717
044 94 05 16.6 1464,1539,5695
044 94 07 16.6 5455,5247,5183
044 94 06 16.6 5278,5429,5502
044 94 06 16.6 5460,5318,5125
044 94 05 16.6 4905,4694,4510
044 94 00 16.6 4379,4311,4296
044 94 01 16.6 4290,4257,4195
044 94 01 16.6 4158,4393,5046
044 94 05 16.6 5915,6597,6871
044 94 05 8.7 6841,2492,2223
044 94 04 8.7 1993,1908,1958
044 94 06 8.7 2058,2089,2029
044 94 06 8.7 1890,1708,1503
044 94 00 8.7 1292,1101,947
044 94 00 8.7 832,737,635
044 94 00 8.7 514,368,204
044 94 01 8.7 20,0,0
044 94 00 8.7 0,0,0
044 94 01 8.7 0,0,0
044 94 00 8.7 0,0,0
044 94 00 8.7 0,0,0
044 94 00 8.7 0,0,0
044 94 00 8.7 0,0,0
044 94 00 8.7 0,0,0
044 94 00 8.7 0,0,1253
044 94 06 16.8 2127,2339,2306
044 94 06 16.8 5688,5519,5424
044 94 04 16.8 5467,5594,5689
044 94 05 16.8 5678,5558,5374
044 94 05 16.8 5155,4941,4740
044 94 01 16.8 4582,4473,4405
044 94 01 16.8 4338,4240,4116
044 94 00 16.8 4075,4377,5065
044 94 03 16.8 5871,6418,6591
046 94 03 8.2 2465,2265,2010
046 94 04 8.2 1801,1732,1788
046 94 03 8.2 1861,1857,1755
046 94 04 8.2 1592,1394,1186
046 94 00 8.2 987,824,707
046 94 00 8.2 633,567,488
046 94 00 8.2 364,201,8
046 94 00 8.2 0,0,0
046 94 00 8.2 0,0,0
046 94 02 8.2 0,0,0
046 94 02 8.2 0,0,0
046 94 00 8.2 0,0,0
046 94 00 8.2 0,0,0
046 94 00 8.2 0,0,0
046 94 00 8.2 0,0,0
046 94 00 8.2 0,0,797
046 94 05 14.3 1633,1786,4703
046 94 05 14.3 4485,4281,4199
046 94 05 14.3 4272,4420,4523
046 94 03 14.3 4522,4426,4274
046 94 04 14.3 4091,3904,3724
046 94 01 14.3 3580,3488,3447
046 94 02 14.3 3416,3367,3290
046 94 01 14.3 3266,3534,4186
046 94 03 14.3 4994,5584,5799
046 94 05 8.4 5765,2330,2091
046 94 05 8.4 1886,1813,1860
046 94 04 8.4 1942,1958,1874
046 94 05 8.4 1716,1515,1304
046 94 00 8.4 1100,933,812
046 94 01 8.4 731,658,567
046 94 00 8.4 445,289,109
046 94 01 8.4 0,0,0
046 94 00 8.4 0,0,0
046 94 00 8.4 0,0,0
046 94 01 8.4 0,0,0
046 94 01 8.4 0,0,0
046 94 01 8.4 0,0,0
046 94 00 8.4 0,0,0
046 94 00 8.4 0,0,0
046 94 00 8.4 0,0,992
044 94 04 15.5 1715,1852,5185
044 94 05 15.5 4990,4777,4670
044 94 05 15.5 4713,4828,4897
044 94 04 15.5 4862,4737,4556
044 94 04 15.5 4355,4159,3990
044 94 00 15.5 3860,3775,3722
044 94 01 15.5 3672,3613,3548
044 94 00 15.5 3547,3829,4466
044 94 03 15.5 5249,5821,6038
044 94 04 8.3 6001,2294,2052
044 94 06 8.3 1860,1801,1864
044 94 04 8.3 1943,1951,1868
044 94 05 8.3 1719,1534,1335
044 94 00 8.3 1147,992,880
044 94 01 8.3 799,728,636
044 94 01 8.3 518,367,204
044 94 00 8.3 31,0,0
044 94 00 8.3 0,0,0
044 94 00 8.3 0,0,0
044 94 00 8.3 0,0,0
044 94 01 8.3 0,0,0
044 94 01 8.3 0,0,0
044 94 01 8.3 0,0,0
044 94 01 8.3 0,0,0
044 94 01 8.3 0,0,1205
044 94 03 15.2 1857,1978,5011
044 94 05 15.2 4845,4665,4576
044 94 05 15.2 4621,4738,4812
044 94 05 15.2 4781,4665,4489
044 94 05 15.2 4292,4095,3922
044 94 00 15.2 3788,3698,3637
044 94 01 15.2 3577,3487,3367
044 94 00 15.2 3305,3539,4166
044 94 04 15.2 4942,5501,5683
044 94 04 7.9 2311,2097,1830
044 94 03 7.9 1618,1557,1627
044 94 06 7.9 1724,1740,1652
044 94 06 7.9 1494,1303,1102
044 94 00 7.9 904,742,632
044 94 00 7.9 573,534,475
044 94 01 7.9 385,262,132
044 94 00 7.9 0,0,0
044 94 01 7.9 0,0,0
044 94 01 7.9 0,0,0
044 94 00 7.9 0,0,0
044 94 00 7.9 0,0,0
044 94 00 7.9 0,0,0
044 94 00 7.9 0,0,0
044 94 00 7.9 0,0,0
044 94 00 7.9 0,0,0
044 94 08 14.2 1161,1738,1788
044 94 04 14.2 4565,4346,4142
044 94 05 14.2 4052,4119,4249
044 94 04 14.2 4325,4285,4154
044 94 05 14.2 3969,3764,3559
044 94 01 14.2 3377,3239,3151
044 94 00 14.2 3103,3061,2991
044 94 00 14.2 2882,2773,2872
044 94 01 14.2 3379,4155,4833
044 94 06 7.8 5123,5098,2124
044 94 07 7.8 1833,1561,1417
044 94 06 7.8 1430,1502,1529
044 94 07 7.8 1459,1304,1098
044 94 00 7.8 854,605,379
044 94 00 7.8 197,69,0
044 94 00 7.8 0,0,0
044 94 00 7.8 0,0,0
044 94 00 7.8 0,0,0
044 94 00 7.8 0,0,0
044 94 00 7.8 0,0,0
044 94 00 7.8 0,0,0
044 94 01 7.8 0,0,0
044 94 01 7.8 0,0,0
044 94 01 7.8 0,0,0
044 94 00 7.8 0,0,0
044 94 02 7.8 0,0,351
044 94 04 15.5 632,5323,5037
044 94 06 15.5 4742,4565,4571
044 94 06 15.5 4702,4814,4823
044 94 05 15.5 4717,4532,4303
044 94 06 15.5 4062,3829,3623
044 94 00 15.5 3460,3354,3285
044 94 01 15.5 3211,3100,2963
044 94 00 15.5 2952,3374,4212
044 94 07 15.5 5103,5614,5701
044 93 05 8.6 2644,2400,2114
044 93 03 8.6 1893,1824,1878
044 93 06 8.6 1944,1930,1816
044 93 03 8.6 1639,1416,1187
044 93 00 8.6 966,785,647
044 93 00 8.6 549,464,359
044 93 00 8.6 220,47,0
044 93 00 8.6 0,0,0
044 93 01 8.6 0,0,0
044 93 00 8.6 0,0,0
044 93 00 8.6 0,0,0
044 93 01 8.6 0,0,0
044 93 00 8.6 0,0,0
044 93 00 8.6 0,0,0
044 93 00 8.6 0,0,0
044 93 01 8.6 0,0,0
044 93 03 16.2 783,1328,1338
044 93 06 16.2 5779,5557,5393
044 93 06 16.2 5382,5522,5680
044 93 06 16.2 5751,5706,5582
044 93 06 16.2 5412,5221,5043
044 93 05 16.2 4895,4800,4749
044 93 00 16.2 4719,4678,4606
044 93 00 16.2 4504,4481,4812
044 93 03 16.2 5553,6419,6995
047 93 03 8.3 7175,2641,2450
047 93 06 8.3 2199,2004,1950
047 93 07 8.3 2019,2099,2098
047 93 05 8.3 2004,1840,1633
047 93 01 8.3 1410,1200,1018
047 93 00 8.3 877,784,719
047 93 00 8.3 642,530,449
047 93 00 8.3 666,1340,2229
047 93 06 8.7 2925,3202,3210
047 93 06 8.7 2617,2392,2164
047 93 05 8.7 2054,2078,2156
047 93 04 8.7 2175,2099,1944
047 93 03 8.7 1742,1526,1319
047 93 00 8.7 1145,1015,928
047 93 00 8.7 861,786,677
047 93 00 8.7 535,358,172
047 93 00 8.7 0,0,0
047 93 00 8.7 0,0,0
047 93 00 8.7 0,0,0
047 93 02 8.7 0,0,0
047 93 01 8.7 0,0,0
047 93 00 8.7 0,0,0
047 93 00 8.7 0,0,0
047 93 00 8.7 0,0,0
047 93 00 8.7 0,0,0
047 93 03 8.7 13,1429,1914
047 93 04 15.9 1950,5532,5343
047 93 06 15.9 5170,5127,5218
047 93 05 15.9 5351,5407,5360
047 93 07 15.9 5229,5052,4863
047 93 05 15.9 4685,4539,4423
047 93 00 15.9 4350,4303,4264
047 93 00 15.9 4191,4071,3902
047 93 00 15.9 3703,3490,3279
047 93 00 15.9 3081,2906,2754
047 93 00 15.9 2614,2473,2322
047 93 01 15.9 2156,1992,1822
047 93 00 15.9 1656,1489,1327
047 93 00 15.9 1165,1000,845
047 93 00 15.9 696,542,393
047 93 00 15.9 242,107,0
047 93 00 15.9 0,0,0
047 93 00 15.9 128,1630,3554
043 93 06 16.2 5005,5462,5413
043 93 06 16.2 5568,5296,5079
043 93 04 16.2 5029,5143,5302
043 93 03 16.2 5383,5335,5185
043 93 04 16.2 4971,4735,4492
043 93 01 16.2 4275,4098,3973
043 93 00 16.2 3898,3832,3756
043 93 00 16.2 3627,3463,3276
043 93 00 16.2 3081,2883,2689
043 93 00 16.2 2502,2317,2134
043 93 00 16.2 1954,1773,1589
043 93 00 16.2 1399,1216,1031
043 93 01 16.2 854,672,498
043 93 02 16.2 315,143,0
043 93 01 16.2 0,0,0
043 93 02 16.2 0,0,0
043 93 00 16.2 0,0,521
043 93 02 16.2 2466,4226,4954
043 93 04 16.4 4965,5770,5435
043 93 04 16.4 5154,5056,5144
043 93 05 16.4 5310,5416,5399
043 93 03 16.4 5272,5067,4829
043 93 05 16.4 4594,4402,4260
043 93 01 16.4 4165,4101,4052
043 93 00 16.4 3986,3881,3740
043 93 01 16.4 3577,3411,3233
043 93 01 16.4 3070,2899,2736
043 93 00 16.4 2571,2412,2259
043 93 01 16.4 2097,1936,1771
043 93 01 16.4 1614,1459,1306
043 93 00 16.4 1155,1009,866
043 93 00 16.4 723,586,453
043 93 01 16.4 328,206,84
043 93 01 16.4 0,192,1375
043 93 04 16.4 3237,5006,5821
043 93 04 16.0 5891,5689,5390
043 93 05 16.0 5130,5034,5110
043 93 04 16.0 5277,5400,5408
043 93 07 16.0 5295,5104,4869
043 93 05 16.0 4627,4397,4203
043 93 00 16.0 4054,3947,3858
043 93 00 16.0 3767,3650,3502
043 93 00 16.0 3330,3143,2954
043 93 00 16.0 2764,2577,2394
043 93 00 16.0 2210,2027,1846
043 93 00 16.0 1672,1501,1329
043 93 00 16.0 1162,999,837
043 93 00 16.0 676,519,367
043 93 00 16.0 217,71,0
043 93 00 16.0 0,0,0
043 93 00 16.0 0,136,1728
043 93 06 16.0 3641,4934,5274
043 93 07 15.4 5691,5422,5147
043 93 05 15.4 4976,4980,5114
043 93 07 15.4 5265,5330,5275
043 93 06 15.4 5125,4914,4678
043 93 05 15.4 4443,4237,4076
043 93 00 15.4 3975,3903,3835
043 93 00 15.4 3743,3629,3498
043 93 00 15.4 3348,3191,3033
043 93 01 15.4 2884,2734,2583
043 93 00 15.4 2430,2272,2114
043 93 00 15.4 1955,1799,1646
043 93 01 15.4 1494,1337,1185
043 93 00 15.4 1035,900,765
043 93 00 15.4 635,503,382
043 93 01 15.4 258,174,521
043 93 02 15.4 1847,3718,5317
043 93 08 15.6 5956,5981,5616
043 93 04 15.6 5365,5160,5100
043 93 04 15.6 5181,5325,5405
043 93 05 15.6 5384,5260,5073
043 93 03 15.6 4848,4616,4407
043 93 01 15.6 4248,4140,4059
043 93 00 15.6 3984,3894,3780
043 93 00 15.6 3648,3507,3369
043 93 00 15.6 3233,3095,2962
043 93 02 15.6 2812,2657,2492
043 93 00 15.6 2328,2164,1991
043 93 01 15.6 1816,1632,1447
043 93 00 15.6 1263,1089,923
043 93 00 15.6 768,621,472
043 93 00 15.6 323,205,509
043 93 01 15.6 1745,3515,5035
043 93 04 14.7 5638,5648,5233
043 93 06 14.7 4950,4710,4602
043 93 06 14.7 4666,4802,4899
043 93 05 14.7 4880,4750,4542
043 93 07 14.7 4288,4029,3796
043 93 00 14.7 3608,3457,3330
043 93 00 14.7 3208,3081,2938
043 93 00 14.7 2775,2593,2392
043 93 00 14.7 2184,1982,1780
043 93 00 14.7 1586,1391,1204
043 93 00 14.7 1018,837,659
043 93 01 14.7 490,331,190
043 93 00 14.7 56,0,0
043 93 00 14.7 0,0,0
043 93 01 14.7 0,0,0
043 93 01 14.7 548,2216,3834
044 93 06 14.1 4622,4684,5107
044 93 06 14.1 4784,4531,4446
044 93 08 14.1 4548,4730,4871
044 93 08 14.1 4902,4825,4665
044 93 07 14.1 4459,4229,4004
044 93 01 14.1 3810,3655,3534
044 93 00 14.1 3431,3440,3864
044 93 04 14.1 4772,5829,6551
044 93 08 9.8 6776,3297,3071
044 93 07 9.8 2797,2565,2476
044 93 04 9.8 2526,2637,2700
044 93 04 9.8 2659,2534,2343
044 93 04 9.8 2126,1901,1697
044 93 00 9.8 1538,1412,1305
044 93 00 9.8 1189,1054,900
044 93 00 9.8 729,561,396
044 93 00 9.8 235,63,0
044 93 00 9.8 0,0,0
044 93 00 9.8 0,0,0
044 93 00 9.8 0,0,0
044 93 01 9.8 0,0,0
044 93 00 9.8 0,0,0
044 93 00 9.8 0,0,0
044 93 02 9.8 0,1652,2764
044 93 05 15.9 3051,2993,5681
044 93 06 15.9 5423,5221,5175
044 93 04 15.9 5265,5365,5377
044 93 06 15.9 5272,5087,4857
044 93 05 15.9 4610,4376,4181
044 93 00 15.9 4032,3931,3841
044 93 01 15.9 3769,3728,3917
044 93 03 15.9 4514,5371,6114
044 93 03 8.1 6449,6441,2522
044 93 07 8.1 2256,2020,1920
044 93 05 8.1 1968,2085,2161
044 93 07 8.1 2149,2050,1896
044 93 03 8.1 1708,1513,1326
044 93 00 8.1 1168,1055,971
044 93 00 8.1 887,783,651
044 93 00 8.1 497,320,135
044 93 00 8.1 0,0,0
044 93 00 8.1 0,0,0
044 93 01 8.1 0,0,0
044 93 00 8.1 0,0,0
044 93 00 8.1 0,0,0
044 93 00 8.1 0,0,0
044 93 00 8.1 0,0,0
044 93 00 8.1 0,0,0
044 93 07 8.1 1616,2650,2926
044 93 08 16.2 2896,5763,5591
044 93 07 16.2 5484,5519,5649
044 93 05 16.2 5773,5801,5724
044 93 06 16.2 5577,5391,5197
044 93 05 16.2 5021,4881,4800

0!0!0!0
1!1!1!1!1!1!1!1!1!1!1!1!1!1!1!1!1!1!1!