176927!20190831_013203!1!3
2.85!2.68!2.85!2.72!3.01!2.89!
94!30!58!601!475
474.0 2.89 54 121

030 70 08 8.9 1987,1996,1999
030 70 04 8.9 1937,1808,1632
030 70 00 8.9 1436,1252,1089
030 70 00 8.9 958,845,751
030 70 00 8.9 665,586,514
030 70 00 8.9 442,375,304
030 70 00 8.9 244,182,141
030 70 01 8.9 334,1059,2006
030 70 07 8.5 2727,2872,2605
030 70 05 8.5 2431,2242,2022
030 70 07 8.5 1821,1721,1741
030 70 06 8.5 1793,1786,1688
030 70 00 8.5 1527,1333,1138
030 70 00 8.5 960,813,698
030 70 00 8.5 598,513,433
030 70 00 8.5 362,291,225
030 70 00 8.5 163,100,41
030 70 00 8.5 0,239,1001
030 70 05 8.5 1949,2620,2729
030 70 07 8.5 2604,2445,2265
030 70 04 8.5 2049,1853,1761
030 70 06 8.5 1779,1830,1816
030 70 03 8.5 1719,1551,1356
030 70 00 8.5 1161,989,841
030 70 00 8.5 718,615,527
030 70 00 8.5 450,378,306
030 70 00 8.5 235,164,95
030 70 00 8.5 34,0,73
030 70 03 8.5 690,1630,2470
030 70 07 8.6 2741,2671,2507
030 70 05 8.6 2329,2122,1917
030 70 04 8.6 1796,1800,1860
030 70 05 8.6 1874,1798,1645
030 70 00 8.6 1460,1264,1083
030 70 01 8.6 929,800,695
030 70 00 8.6 610,534,461
030 70 00 8.6 386,315,248
030 70 00 8.6 181,124,60
030 70 01 8.6 2,0,353
030 70 04 8.6 1199,2130,2647
057 94 04 8.4 2626,2457,2243
057 94 04 8.4 2026,1817,1697
057 94 05 8.4 1713,1807,1868
057 94 05 8.4 1819,1676,1485
057 94 00 8.4 1288,1105,948
057 94 01 8.4 819,714,625
057 94 00 8.4 538,460,381
057 94 00 8.4 309,235,164
057 94 01 8.4 95,34,0
057 94 02 8.4 270,1064,2016
057 94 05 8.5 2646,2710,2562
057 94 03 8.5 2390,2210,2014
057 94 04 8.5 1854,1801,1850
057 94 05 8.5 1897,1871,1756
057 94 01 8.5 1586,1387,1194
057 94 01 8.5 1023,882,769
057 94 00 8.5 676,594,510
057 94 00 8.5 433,359,287
057 94 00 8.5 210,137,68
057 94 01 8.5 2,0,380
057 94 04 8.5 1258,2214,2740
057 94 04 8.7 2748,2624,2466
057 94 05 8.7 2287,2094,1943
057 94 06 8.7 1917,1982,2028
057 94 05 8.7 1981,1838,1653
057 94 00 8.7 1449,1261,1097
057 94 01 8.7 959,848,750
057 94 00 8.7 670,592,518
057 94 00 8.7 441,370,296
057 94 00 8.7 225,156,91
057 94 01 8.7 37,117,728
057 94 04 8.7 1654,2483,2744
057 94 05 8.4 2606,2421,2233
057 94 04 8.4 2026,1846,1763
057 94 05 8.4 1816,1902,1916
057 94 04 8.4 1825,1664,1471
057 94 00 8.4 1276,1102,953
057 94 01 8.4 828,722,634
057 94 00 8.4 552,471,391
057 94 00 8.4 310,234,159
057 94 00 8.4 92,31,0
057 94 00 8.4 84,726,1657
057 94 04 8.4 2456,2675,2593
057 94 04 8.4 2417,2237,2040
057 94 05 8.4 1866,1788,1822
057 94 05 8.4 1883,1882,1781
057 94 01 8.4 1612,1411,1211
057 94 01 8.4 1039,890,772
057 94 00 8.4 663,574,494
057 94 00 8.4 422,351,273
057 94 00 8.4 201,125,58
057 94 01 8.4 0,0,408
057 94 03 8.4 1282,2217,2700
057 94 04 8.6 2695,2577,2424
057 94 04 8.6 2240,2039,1879
057 94 05 8.6 1839,1888,1921
057 94 04 8.6 1866,1722,1529
057 94 00 8.6 1325,1141,991
057 94 00 8.6 864,765,674
057 94 00 8.6 600,520,447
057 94 00 8.6 369,299,229
057 94 01 8.6 164,99,34
057 94 02 8.6 0,93,745
057 94 04 8.6 1682,2499,2739
057 94 06 8.5 2662,2500,2314
057 94 04 8.5 2102,1911,1832
057 94 05 8.5 1880,1957,1963
057 94 04 8.5 1868,1700,1503
057 94 00 8.5 1311,1146,1008
057 94 01 8.5 893,799,717
057 94 00 8.5 646,571,501
057 94 01 8.5 431,368,304
057 94 01 8.5 239,171,105
057 94 01 8.5 93,477,1286
057 94 04 7.8 2145,2571,2513
057 94 03 7.8 2215,1973,1725
057 94 04 7.8 1524,1439,1485
057 94 04 7.8 1577,1606,1533
057 94 01 7.8 1380,1200,1022
057 94 00 7.8 864,731,618
057 94 01 7.8 525,448,380
057 94 01 7.8 314,244,173
057 94 01 7.8 107,47,0
057 94 02 7.8 0,0,340
057 94 04 7.8 1211,2145,2635
057 94 04 8.6 2651,2643,2514
057 94 03 8.6 2359,2178,2034
057 94 02 8.6 2001,2053,2094
057 94 04 8.6 2040,1901,1709
057 94 01 8.6 1510,1324,1167
057 94 01 8.6 1034,918,815
057 94 00 8.6 728,645,567
057 94 00 8.6 488,414,339
057 94 00 8.6 262,189,128
057 94 01 8.6 230,858,1785
057 94 04 8.5 2603,2868,2679
057 94 05 8.5 2537,2373,2178
057 94 03 8.5 1997,1912,1947
057 94 03 8.5 2017,2023,1933
057 94 02 8.5 1776,1591,1399
057 94 01 8.5 1229,1086,969
057 94 00 8.5 869,783,701
057 94 00 8.5 626,550,480
057 94 01 8.5 410,339,267
057 94 01 8.5 205,190,560
057 94 04 8.5 1348,2201,2650
057 94 05 7.8 2626,2270,2048
057 94 05 7.8 1815,1624,1561
057 94 05 7.8 1621,1718,1743
057 94 04 7.8 1665,1512,1321
057 94 00 7.8 1132,958,814
057 94 01 7.8 693,591,507
057 94 00 7.8 427,358,286
057 94 01 7.8 220,150,75
057 94 01 7.8 5,45,589
057 94 04 7.8 1489,2368,2737
057 94 04 8.6 2726,2631,2509
057 94 04 8.6 2353,2187,2083
057 94 03 8.6 2098,2157,2171
057 94 04 8.6 2091,1938,1752
057 94 01 8.6 1555,1378,1226
057 94 01 8.6 1097,987,885
057 94 00 8.6 800,710,626
057 94 00 8.6 535,450,365
057 94 00 8.6 280,214,369
057 94 03 8.6 1060,1995,2755
057 94 04 8.7 2968,2699,2597
057 94 05 8.7 2467,2309,2152
057 94 04 8.7 2096,2135,2192
057 94 04 8.7 2170,2060,1899
057 94 01 8.7 1713,1531,1365
057 94 01 8.7 1225,1106,1008
057 94 01 8.7 923,842,759
057 94 00 8.7 678,599,519
057 94 00 8.7 437,354,278
057 94 01 8.7 309,798,1635
057 94 02 8.0 2442,2769,2447
057 94 03 8.0 2284,2091,1890
057 94 04 8.0 1716,1667,1725
057 94 06 8.0 1796,1784,1675
057 94 01 8.0 1514,1322,1130
057 94 00 8.0 951,806,687
057 94 00 8.0 589,504,428
057 94 00 8.0 350,274,196
057 94 00 8.0 120,36,0
057 94 00 8.0 0,379,1241
057 94 04 8.9 2168,2664,2712
057 94 04 8.9 2708,2605,2477
057 94 05 8.9 2319,2198,2171
057 94 03 8.9 2214,2227,2163
057 94 03 8.9 2017,1835,1634
057 94 00 8.9 1444,1274,1126
057 94 00 8.9 1004,898,810
057 94 00 8.9 722,637,548
057 94 00 8.9 463,379,293
057 94 00 8.9 210,134,175
057 94 02 8.9 699,1583,2435
057 94 04 8.5 2784,2749,2500
057 94 07 8.5 2347,2162,1980
057 94 07 8.5 1881,1907,1976
057 94 08 8.5 1983,1893,1733
057 94 00 8.5 1550,1357,1183
057 94 00 8.5 1028,904,801
057 94 00 8.5 712,632,552
057 94 00 8.5 475,393,311
057 94 00 8.5 228,145,69
057 94 00 8.5 21,289,1038
057 94 06 8.2 1933,2516,2584
057 94 02 8.2 2426,2251,2052
057 94 05 8.2 1851,1712,1696
057 94 08 8.2 1762,1805,1757
057 94 03 8.2 1620,1433,1228
057 94 00 8.2 1029,859,714
057 94 00 8.2 600,501,420
057 94 00 8.2 339,264,187
057 94 00 8.2 114,37,0
057 94 00 8.2 0,0,633
057 94 07 8.2 1554,2350,2601
057 94 08 8.6 2650,2524,2378
057 94 07 8.6 2195,2009,1903
057 94 08 8.6 1918,1972,1968
057 94 05 8.6 1862,1686,1483
057 94 00 8.6 1279,1100,950
057 94 00 8.6 825,720,628
057 94 00 8.6 549,472,392
057 94 00 8.6 314,231,158
057 94 00 8.6 79,10,0
057 94 00 8.6 13,580,1463
057 94 07 8.2 2267,2531,2495
057 94 06 8.2 2311,2110,1896
057 94 05 8.2 1713,1644,1691
057 94 08 8.2 1767,1766,1664
057 94 01 8.2 1495,1303,1110
057 94 00 8.2 942,804,691
057 94 00 8.2 598,510,436
057 94 00 8.2 357,287,212
057 94 00 8.2 138,58,0
057 94 00 8.2 0,174,923
057 94 03 8.3 1824,2450,2547
057 94 05 8.3 2505,2351,2166
057 94 04 8.3 1968,1822,1792
057 94 05 8.3 1843,1880,1837
057 94 04 8.3 1714,1542,1348
057 94 00 8.3 1163,996,860
057 94 00 8.3 743,642,553
057 94 00 8.3 473,399,320
057 94 00 8.3 248,176,107
057 94 00 8.3 33,11,397
057 94 05 8.3 1235,2154,2662
057 94 07 8.6 2699,2599,2474
057 94 05 8.6 2316,2131,1986
057 94 07 8.6 1946,1984,2003
057 94 07 8.6 1945,1799,1616
057 94 00 8.6 1414,1227,1059
057 94 00 8.6 918,801,698
057 94 00 8.6 611,529,455
057 94 00 8.6 378,302,225
057 94 00 8.6 149,75,41
057 94 02 8.6 349,1131,2029
057 94 04 8.3 2590,2644,2489
057 94 03 8.3 2330,2142,1936
057 94 05 8.3 1796,1781,1845
057 94 05 8.3 1882,1833,1702
057 94 00 8.3 1530,1352,1181
057 94 00 8.3 1032,903,796
057 94 00 8.3 705,620,544
057 94 00 8.3 472,399,324
057 94 00 8.3 250,176,105
057 94 00 8.3 43,193,856
057 94 07 8.1 1747,2449,2601
057 94 05 8.1 2439,2259,2053
057 94 05 8.1 1840,1678,1647
057 94 08 8.1 1709,1773,1742
057 94 04 8.1 1623,1447,1257
057 94 00 8.1 1070,905,762
057 94 00 8.1 645,550,466
057 94 00 8.1 385,304,232
057 94 00 8.1 160,89,13
057 94 00 8.1 0,11,583
057 94 03 8.1 1483,2323,2637
057 94 03 8.5 2596,2540,2396
057 94 08 8.5 2212,2022,1912
057 94 08 8.5 1928,1993,2018
057 94 07 8.5 1948,1803,1619
057 94 00 8.5 1424,1246,1089
057 94 00 8.5 956,843,745
057 94 00 8.5 660,580,496
057 94 00 8.5 413,328,247
057 94 00 8.5 169,91,83
057 94 02 8.5 506,1346,2216
057 94 04 8.2 2641,2624,2417
057 94 08 8.2 2254,2066,1881
057 94 07 8.2 1762,1759,1812
057 94 08 8.2 1831,1760,1618
057 94 00 8.2 1440,1263,1095
057 94 00 8.2 952,828,727
057 94 00 8.2 639,561,483
057 94 00 8.2 413,336,263
057 94 00 8.2 191,127,65
057 94 00 8.2 18,199,864
057 94 07 7.4 1695,2288,2345
057 94 08 7.4 2147,1915,1679
057 94 08 7.4 1471,1363,1378
057 94 07 7.4 1452,1494,1442
057 94 02 7.4 1320,1159,995
057 94 00 7.4 841,713,607
057 94 00 7.4 519,435,359
057 94 00 7.4 288,221,154
057 94 00 7.4 84,11,0
057 94 00 7.4 0,105,817
057 94 05 8.0 1698,2327,2419
057 94 02 8.0 2397,2237,2047
057 94 05 8.0 1852,1697,1664
057 94 07 8.0 1703,1735,1686
057 94 02 8.0 1560,1393,1214
057 94 00 8.0 1050,905,787
057 94 00 8.0 684,596,513
057 94 00 8.0 437,368,297
057 94 00 8.0 230,152,79
057 94 00 8.0 9,57,602
057 94 05 8.0 1489,2328,2649
057 94 06 8.4 2601,2475,2330
057 94 07 8.4 2152,1973,1863
057 94 08 8.4 1862,1904,1898
057 94 05 8.4 1809,1649,1469
057 94 00 8.4 1291,1135,1002
057 94 00 8.4 884,789,700
057 94 00 8.4 624,549,480
057 94 00 8.4 414,348,280
057 94 00 8.4 214,153,118
057 94 02 8.4 366,1110,1995
057 94 05 8.0 2583,2631,2366
057 94 05 8.0 2188,1990,1793
057 94 05 8.0 1666,1664,1733
057 94 05 8.0 1777,1729,1604
057 94 00 8.0 1436,1264,1110
057 94 00 8.0 980,864,765
057 94 01 8.0 676,601,532
057 94 01 8.0 463,399,332
057 94 02 8.0 271,210,153
057 94 00 8.0 228,801,1664
057 94 05 8.1 2443,2694,2477
057 94 04 8.1 2334,2164,1964
057 94 05 8.1 1784,1712,1751
057 94 05 8.1 1808,1793,1688
057 94 01 8.1 1523,1335,1156
057 94 00 8.1 998,867,753
057 94 00 8.1 658,575,498
057 94 00 8.1 423,354,290
057 94 01 8.1 233,168,100
057 94 01 8.1 40,145,781
057 94 04 8.1 1694,2489,2739
057 94 05 8.6 2656,2550,2419
057 94 04 8.6 2241,2062,1970
057 94 02 8.6 1994,2050,2047
057 94 04 8.6 1955,1797,1614
057 94 00 8.6 1425,1257,1109
057 94 01 8.6 991,887,795
057 94 00 8.6 708,622,536
057 94 00 8.6 453,382,316
057 94 00 8.6 252,183,122
057 94 01 8.6 97,439,1236
057 95 04 8.2 2122,2630,2635
057 95 07 8.2 2396,2231,2056
057 95 06 8.2 1899,1835,1894
057 95 05 8.2 1987,2009,1922
057 95 04 8.2 1759,1557,1362
057 95 00 8.2 1189,1046,928
057 95 00 8.2 832,749,669
057 95 00 8.2 596,524,454
057 95 00 8.2 384,308,230
057 95 00 8.2 147,93,320
057 95 05 8.2 1053,1935,2532
057 95 05 8.1 2591,2350,2163
057 95 04 8.1 1940,1699,1513
057 95 02 8.1 1464,1525,1590
057 95 03 8.1 1570,1456,1287
057 95 00 8.1 1104,935,795
057 95 01 8.1 680,585,499
057 95 01 8.1 421,341,267
057 95 01 8.1 192,130,65
057 95 01 8.1 2,0,0
057 95 02 8.1 483,1372,2245
057 95 04 8.7 2615,2603,2584
057 95 03 8.7 2467,2294,2084
057 95 05 8.7 1903,1832,1832
057 95 04 8.7 1826,1762,1633
057 95 00 8.7 1475,1302,1151
057 95 01 8.7 1010,891,775
057 95 00 8.7 663,551,447
057 95 00 8.7 358,274,204
057 95 00 8.7 135,67,5
057 95 01 8.7 21,514,1378
057 95 03 8.2 2228,2565,2491
057 95 04 8.2 2307,2113,1896
057 95 07 8.2 1681,1541,1523
057 95 03 8.2 1568,1577,1507
057 95 00 8.2 1367,1196,1017
057 95 00 8.2 857,719,597
057 95 00 8.2 495,404,327
057 95 00 8.2 252,179,113
057 95 00 8.2 44,0,0
057 95 00 8.2 0,542,1474
058 94 08 8.7 2337,2633,2642
058 94 08 8.7 2479,2298,2077
058 94 04 8.7 1833,1637,1568
058 94 01 8.7 1585,1600,1540
058 94 00 8.7 1397,1219,1031
058 94 00 8.7 872,734,626
058 94 00 8.7 527,440,354
058 94 00 8.7 276,209,146
058 94 00 8.7 87,26,0
058 94 01 8.7 8,564,1484
058 94 08 8.7 2360,2686,2648
058 94 08 8.7 2480,2290,2058
058 94 05 8.7 1805,1599,1510
058 94 00 8.7 1507,1517,1473
058 94 00 8.7 1357,1195,1025
058 94 00 8.7 871,746,640
058 94 00 8.7 552,475,400
058 94 00 8.7 324,251,192
058 94 00 8.7 134,72,9
058 94 01 8.7 0,0,326
058 94 03 8.7 1165,2046,2505
058 94 05 8.2 2441,2304,2072
058 94 03 8.2 1828,1594,1435
058 94 00 8.2 1398,1442,1471
058 94 02 8.2 1432,1316,1158
058 94 00 8.2 990,837,704
058 94 00 8.2 594,495,413
058 94 00 8.2 340,277,217
058 94 00 8.2 154,88,23
058 94 00 8.2 0,0,243
058 94 04 8.2 1058,1983,2551
058 94 05 8.5 2567,2469,2277
058 94 07 8.5 2060,1824,1628
058 94 03 8.5 1545,1566,1598
058 94 02 8.5 1567,1452,1290
058 94 00 8.5 1113,955,820
058 94 00 8.5 711,613,529
058 94 00 8.5 452,382,318
058 94 00 8.5 259,197,129
058 94 01 8.5 57,3,157
058 94 04 8.5 862,1790,2512
058 94 08 8.4 2643,2492,2293
058 94 08 8.4 2072,1834,1639
058 94 04 8.4 1556,1589,1645
058 94 05 8.4 1634,1528,1364
058 94 00 8.4 1185,1020,878
058 94 01 8.4 761,666,585
058 94 00 8.4 510,436,367
058 94 00 8.4 303,242,181
058 94 01 8.4 117,51,0
058 94 00 8.4 117,769,1660
058 94 04 8.0 2381,2522,2359
058 94 05 8.0 2123,1871,1637
058 94 04 8.0 1469,1427,1486
058 94 04 8.0 1551,1537,1434
058 94 00 8.0 1277,1102,936
058 94 00 8.0 797,680,582
058 94 01 8.0 497,424,357
058 94 01 8.0 289,222,154
058 94 01 8.0 84,12,0
058 94 01 8.0 100,792,1722
058 94 05 8.5 2473,2637,2561
058 94 05 8.5 2392,2198,1975
058 94 07 8.5 1773,1680,1706
058 94 07 8.5 1775,1777,1679
058 94 00 8.5 1512,1328,1151
058 94 00 8.5 1000,866,759
058 94 00 8.5 662,576,496
058 94 00 8.5 419,350,279
058 94 00 8.5 210,135,63
058 94 00 8.5 19,297,1101
058 94 06 8.7 2052,2681,2748
058 94 06 8.7 2596,2425,2216
058 94 06 8.7 1982,1805,1764
058 94 07 8.7 1824,1876,1839
058 94 03 8.7 1710,1529,1338
058 94 00 8.7 1163,1012,882
058 94 00 8.7 768,674,585
058 94 00 8.7 503,420,347
058 94 00 8.7 274,203,127
058 94 00 8.7 57,0,89
058 94 03 8.7 702,1592,2362
058 94 06 8.1 2564,2433,2209
058 94 08 8.1 1964,1724,1558
058 94 06 8.1 1518,1578,1637
058 94 07 8.1 1613,1499,1331
058 94 00 8.1 1153,988,845
058 94 00 8.1 727,625,534
058 94 00 8.1 450,370,296
058 94 00 8.1 212,131,51
058 94 00 8.1 0,0,0
058 94 02 8.1 111,893,1842
058 94 04 8.7 2510,2614,2636
058 94 05 8.7 2483,2299,2094
058 94 06 8.7 1929,1874,1911
058 94 08 8.7 1946,1908,1787
058 94 00 8.7 1623,1443,1276
058 94 00 8.7 1122,997,887
058 94 00 8.7 795,706,622
058 94 00 8.7 541,463,387
058 94 00 8.7 310,229,151
058 94 00 8.7 82,127,692
058 94 06 8.7 1603,2471,2798
058 94 04 8.6 2674,2529,2365
058 94 07 8.6 2173,1991,1889
058 94 08 8.6 1898,1944,1942
058 94 05 8.6 1849,1697,1514
058 94 00 8.6 1337,1175,1039
058 94 00 8.6 923,820,729
058 94 00 8.6 648,567,486
058 94 00 8.6 401,327,254
058 94 00 8.6 188,119,56
058 94 01 8.6 92,608,1477
058 94 06 8.1 2302,2609,2461
058 94 05 8.1 2256,2016,1780
058 94 08 8.1 1590,1530,1576
058 94 08 8.1 1650,1653,1566
058 94 01 8.1 1417,1247,1084
058 94 00 8.1 942,817,708
058 94 00 8.1 611,524,442
058 94 00 8.1 365,292,221
058 94 00 8.1 144,66,0
058 94 00 8.1 0,129,859
058 94 04 8.1 1809,2548,2725
058 94 03 8.8 2710,2584,2422
058 94 07 8.8 2218,2033,1958
058 94 08 8.8 1988,2029,1989
058 94 04 8.8 1858,1676,1485
058 94 00 8.8 1307,1154,1023
058 94 00 8.8 909,808,719
058 94 00 8.8 639,561,482
058 94 00 8.8 400,316,233
058 94 00 8.8 163,189,703
058 94 06 8.8 1591,2471,2849
058 94 04 8.6 2819,2540,2380
058 94 07 8.6 2179,1973,1841
058 94 08 8.6 1836,1890,1905
058 94 05 8.6 1823,1661,1467
058 94 00 8.6 1275,1101,953
058 94 00 8.6 829,720,625
058 94 00 8.6 534,453,373
058 94 00 8.6 295,217,141
058 94 00 8.6 162,661,1528
058 94 04 8.3 2375,2724,2680
058 94 07 8.3 2423,2253,2043
058 94 06 8.3 1832,1718,1729
058 94 08 8.3 1787,1793,1706
058 94 01 8.3 1546,1359,1166
058 94 00 8.3 989,833,703
058 94 00 8.3 591,491,403
058 94 00 8.3 321,242,158
058 94 00 8.3 77,0,0
058 94 00 8.3 0,499,1379
058 95 08 8.4 2225,2551,2573
058 95 08 8.4 2412,2220,2000
058 95 06 8.4 1792,1676,1678
058 95 08 8.4 1726,1724,1633
058 95 00 8.4 1477,1301,1131
058 95 00 8.4 978,845,728
058 95 00 8.4 633,545,465
058 95 00 8.4 383,303,226
058 95 00 8.4 155,84,10
058 95 00 8.4 0,0,349
058 95 00 8.4 1137,1938,2285
058 95 03 7.5 2257,2007,1744
058 95 04 7.5 1500,1320,1232
058 95 00 7.5 1240,1270,1258
058 95 00 7.5 1176,1047,896
058 95 00 7.5 752,626,519
058 95 00 7.5 421,334,253
058 95 00 7.5 178,108,39
058 95 00 7.5 0,0,0
058 95 00 7.5 0,0,450
058 95 05 7.5 1326,2098,2333
058 95 07 8.0 2457,2289,2085
058 95 06 8.0 1861,1643,1506
058 95 02 8.0 1478,1504,1503
058 95 01 8.0 1423,1283,1126
058 95 00 8.0 977,844,731
058 95 01 8.0 630,545,463
058 95 00 8.0 386,307,237
058 95 00 8.0 171,105,34
058 95 00 8.0 0,0,30
058 95 04 8.0 661,1542,2285
058 95 06 8.0 2468,2426,2221
058 95 05 8.0 1996,1767,1583
058 95 03 8.0 1493,1500,1530
058 95 03 8.0 1517,1432,1296
058 95 00 8.0 1151,1016,899
058 95 00 8.0 792,698,613
058 95 02 8.0 541,472,403
058 95 02 8.0 335,267,205
058 95 02 8.0 138,78,19
058 95 00 8.0 82,591,1399
058 95 04 7.3 2122,2343,2184
058 95 05 7.3 1933,1674,1449
058 95 04 7.3 1298,1250,1283
058 95 03 7.3 1326,1306,1211

0!0!0!0
1!1!1!1!1!1!1!1!1!1!1!1!1!1!1!1!1!1!1!