177628!20190824_230530!1!0
2.5!2.38!2.4!2.38!2.32!2.38!
97!67!78!0!208
367.8 2.38 93 62

078 97 07 3.2 789,729,683
078 97 03 3.2 651,622,585
078 97 00 3.2 536,479,416
078 97 00 3.2 353,290,232
078 97 01 3.2 179,122,54
078 97 00 3.2 15,87,293
078 97 04 3.2 555,753,856
078 97 08 3.1 892,887,841
078 97 05 3.1 794,746,714
078 97 05 3.1 689,666,634
078 97 02 3.1 588,531,470
078 97 00 3.1 407,347,287
078 97 00 3.1 233,186,135
078 97 01 3.1 101,150,318
078 97 04 3.1 560,763,883
078 97 08 3.0 931,930,793
078 97 05 3.0 736,682,644
078 97 05 3.0 627,628,641
078 97 04 3.0 662,676,672
078 97 04 3.0 645,610,581
078 97 01 3.0 553,524,473
078 97 00 3.0 424,409,498
078 97 03 3.0 687,906,1065
078 97 07 2.7 1136,1155,732
078 97 04 2.7 690,626,550
078 97 03 2.7 485,433,396
078 97 01 2.7 352,291,215
078 97 00 2.7 144,86,50
078 97 02 2.7 27,13,6
078 97 00 2.7 6,70,219
078 97 04 2.7 422,595,691
078 97 04 2.6 724,713,667
078 97 05 2.6 605,548,506
078 97 03 2.6 483,462,430
078 97 01 2.6 383,334,286
078 97 00 2.6 241,196,158
078 97 00 2.6 126,97,84
078 97 00 2.6 138,281,470
078 97 04 2.2 619,686,684
078 97 05 2.2 564,507,451
078 97 04 2.2 401,372,355
078 97 01 2.2 344,321,291
078 97 00 2.2 257,223,187
078 97 00 2.2 145,100,47
078 97 00 2.2 0,0,18
078 97 00 2.2 160,323,428
078 97 08 1.8 469,475,504
078 97 08 1.8 479,447,411
078 97 05 1.8 388,371,361
078 97 01 1.8 337,308,286
078 97 00 1.8 275,263,254
078 97 00 1.8 250,240,248
078 97 01 1.8 336,504,678
078 97 07 1.8 783,823,842
078 97 07 2.2 838,582,548
078 97 06 2.2 523,511,506
078 97 08 2.2 495,481,462
078 97 04 2.2 441,411,375
078 97 00 2.2 339,306,278
078 97 00 2.2 289,389,577
078 97 05 2.2 784,927,985
078 97 08 2.6 986,684,642
078 97 07 2.6 596,555,536
078 97 04 2.6 522,501,456
078 97 01 2.6 396,329,261
078 97 00 2.6 191,123,46
078 97 00 2.6 0,0,0
078 97 00 2.6 122,330,489
078 97 04 2.4 559,564,611
078 97 07 2.4 548,484,434
078 97 01 2.4 412,401,388
078 97 00 2.4 369,345,316
078 97 00 2.4 270,207,137
078 97 00 2.4 64,0,0
078 97 01 2.4 38,207,396
078 97 05 2.1 514,548,556
078 97 07 2.1 503,428,359
078 97 01 2.1 316,289,265
078 97 00 2.1 232,191,145
078 97 00 2.1 87,26,0
078 97 01 2.1 0,0,0
078 97 01 2.1 0,0,18
078 97 04 2.1 207,340,389
078 97 05 2.2 375,548,498
078 97 05 2.2 456,431,418
078 97 02 2.2 407,383,357
078 97 00 2.2 329,305,277
078 97 00 2.2 245,203,153
078 97 00 2.2 103,84,151
078 97 01 2.2 310,488,605
078 97 03 2.1 647,647,530
078 97 06 2.1 463,386,326
078 97 00 2.1 286,248,208
078 97 00 2.1 159,110,53
078 97 00 2.1 3,0,0
078 97 01 2.1 0,0,0
078 97 00 2.1 0,153,279
078 97 08 1.8 313,477,413
078 97 04 1.8 330,252,199
078 97 00 1.8 172,149,121
078 97 00 1.8 81,38,0
078 97 00 1.8 0,0,0
078 97 02 1.8 0,0,0
078 97 01 1.8 87,298,439
078 97 06 2.6 491,487,662
078 97 04 2.6 594,521,459
078 97 02 2.6 415,376,336
078 97 00 2.6 284,220,145
078 97 00 2.6 72,5,0
078 97 01 2.6 0,0,77
078 97 02 2.6 298,515,636
078 97 04 2.7 672,754,716
078 97 04 2.7 652,582,532
078 97 02 2.7 507,498,485
078 97 02 2.7 464,432,391
078 97 00 2.7 349,303,259
078 97 00 2.7 219,213,303
078 97 02 2.7 485,684,821
078 97 04 2.5 877,889,662
078 97 04 2.5 620,567,517
078 97 03 2.5 477,440,399
078 97 01 2.5 350,292,229
078 97 00 2.5 158,101,51
078 97 02 2.5 7,0,0
078 97 00 2.5 93,289,476
078 97 03 2.4 584,620,623
078 97 04 2.4 637,592,538
078 97 03 2.4 500,478,460
078 97 02 2.4 434,391,339
078 97 00 2.4 288,246,214
078 97 00 2.4 178,144,125
078 97 00 2.4 181,336,540
078 97 03 2.3 697,759,748
078 97 05 2.3 566,477,380
078 97 02 2.3 305,268,259
078 97 00 2.3 259,265,245
078 97 00 2.3 183,81,0
078 97 01 2.3 0,0,0
078 97 01 2.3 0,0,0
078 97 02 2.3 151,336,445
078 97 04 2.5 481,481,644
078 97 07 2.5 586,524,475
078 97 02 2.5 450,426,408
078 97 00 2.5 389,367,328
078 97 00 2.5 280,232,183
078 97 00 2.5 134,85,42
078 97 00 2.5 20,92,268
078 97 05 2.5 493,664,754
078 97 07 2.8 790,786,729
078 97 05 2.8 666,604,557
078 97 04 2.8 529,505,474
078 97 00 2.8 428,376,313
078 97 00 2.8 245,179,119
078 97 01 2.8 68,24,0
078 97 00 2.8 0,0,0
078 97 00 2.8 71,271,454
078 97 06 2.4 550,574,653
078 97 07 2.4 618,563,502
078 97 03 2.4 454,430,404
078 97 01 2.4 369,321,274
078 97 00 2.4 227,185,137
078 97 00 2.4 88,35,0
078 97 01 2.4 0,0,0
078 97 01 2.4 0,0,0
078 97 01 2.4 116,289,381
078 97 03 2.1 393,571,521
078 97 06 2.1 463,416,396
078 97 02 2.1 397,400,392
078 97 01 2.1 361,319,269
078 97 00 2.1 229,205,199
078 97 00 2.1 190,148,80
078 97 00 2.1 0,0,0
078 97 00 2.1 0,0,122
078 97 04 2.1 303,414,451
078 97 04 2.2 448,584,526
078 97 05 2.2 455,398,361
078 97 00 2.2 340,313,275
078 97 00 2.2 222,172,121
078 97 00 2.2 74,26,0
078 97 00 2.2 0,0,0
078 97 02 2.2 0,0,0
078 97 00 2.2 0,68,276
078 97 05 2.2 417,477,491
078 97 04 2.5 701,659,606
078 97 04 2.5 558,528,506
078 97 02 2.5 487,457,415
078 97 01 2.5 368,320,278
078 97 00 2.5 233,195,155
078 97 00 2.5 116,69,26
078 97 00 2.5 0,0,60
078 97 01 2.5 244,453,606
078 97 04 2.5 674,685,689
078 97 04 2.5 641,589,552
078 97 03 2.5 525,508,486
078 97 02 2.5 463,427,384
078 97 00 2.5 332,280,227
078 97 00 2.5 180,131,89
078 97 00 2.5 51,20,0
078 97 00 2.5 0,33,206
078 97 04 2.5 409,561,629
078 97 03 2.4 638,657,623
078 97 05 2.4 586,548,522
078 97 03 2.4 498,472,436
078 97 01 2.4 397,358,315
078 97 00 2.4 272,222,171
078 97 00 2.4 127,89,54
078 97 00 2.4 19,17,104
078 97 02 2.4 278,467,588
078 98 03 2.2 625,604,559
078 98 07 2.2 498,440,400
078 98 02 2.2 381,366,347
078 98 00 2.2 317,276,226
078 98 00 2.2 173,119,74
078 98 00 2.2 36,11,0
078 98 00 2.2 0,0,51
078 98 02 2.2 240,449,595
078 98 06 2.5 659,679,675
078 98 03 2.5 702,659,625
078 98 04 2.5 600,581,551
078 98 02 2.5 506,458,405
078 98 00 2.5 354,306,266
078 98 00 2.5 228,192,156
078 98 00 2.5 125,113,168
078 98 01 2.5 331,542,722
076 98 04 2.6 812,848,854
076 98 03 2.6 720,679,634
076 98 04 2.6 604,586,563
076 98 03 2.6 536,499,455
076 98 01 2.6 407,361,314
076 98 00 2.6 271,231,195
076 98 00 2.6 158,117,96
076 98 00 2.6 157,325,539
076 98 03 2.6 706,789,819
076 98 04 2.6 809,676,623
076 98 04 2.6 578,556,542
076 98 03 2.6 524,496,454
076 98 01 2.6 407,351,304
076 98 00 2.6 257,219,176
076 98 00 2.6 139,100,62
076 98 00 2.6 23,31,140
076 98 02 2.6 336,530,649
076 98 04 2.4 687,689,642
076 98 05 2.4 596,547,512
076 98 03 2.4 490,467,439
076 98 02 2.4 405,361,312
076 98 00 2.4 262,215,176
076 98 00 2.4 135,99,64
076 98 00 2.4 30,0,3
076 98 00 2.4 106,292,485
075 98 04 2.3 600,640,633
075 98 04 2.3 608,556,505
075 98 03 2.3 468,450,430
075 98 02 2.3 408,374,337
075 98 01 2.3 288,232,177
075 98 00 2.3 128,83,45
075 98 00 2.3 9,0,0
075 98 00 2.3 0,45,240
075 98 03 2.3 453,610,684
075 98 04 2.7 714,713,747
075 98 05 2.7 704,662,634
075 98 05 2.7 613,587,556
075 98 02 2.7 516,471,418
075 98 00 2.7 365,318,276
075 98 00 2.7 237,199,163
075 98 00 2.7 117,72,51
075 98 00 2.7 132,320,548
075 98 06 2.7 722,806,840
075 98 06 2.8 840,767,722
075 98 06 2.8 676,647,627
075 98 06 2.8 608,579,540
075 98 00 2.8 492,437,384
075 98 00 2.8 335,290,247
075 98 00 2.8 204,163,118
075 98 00 2.8 71,23,17
075 98 00 2.8 111,310,532
075 98 07 2.8 690,764,780
074 98 07 2.7 757,714,671
074 98 08 2.7 632,614,597
074 98 05 2.7 574,541,501
074 98 00 2.7 450,396,338
074 98 00 2.7 285,230,185
074 98 00 2.7 146,111,71
074 98 01 2.7 30,0,0
074 98 00 2.7 94,292,499
074 98 07 2.5 637,684,679
074 98 06 2.5 656,596,540
074 98 05 2.5 507,497,496
074 98 03 2.5 489,468,433
074 98 00 2.5 379,314,245
074 98 00 2.5 181,126,75
074 98 02 2.5 30,0,0
074 98 01 2.5 0,0,59
074 98 03 2.5 278,486,618
074 98 06 2.8 675,687,768
074 98 03 2.8 725,685,653
074 98 08 2.8 634,613,579
074 98 02 2.8 538,481,429
074 98 00 2.8 369,325,281
074 98 00 2.8 243,202,164
074 98 00 2.8 127,89,77
074 98 00 2.8 161,354,590
074 98 07 2.8 770,865,900
072 98 08 2.9 898,791,740
072 98 07 2.9 693,665,651
072 98 07 2.9 637,612,573
072 98 01 2.9 528,473,418
072 98 00 2.9 360,309,269
072 98 00 2.9 233,196,149
072 98 00 2.9 109,121,245
072 98 03 2.9 453,664,794
072 98 08 2.6 846,855,728
072 98 05 2.6 684,635,596
072 98 05 2.6 576,557,530
072 98 02 2.6 494,444,396
072 98 00 2.6 342,291,238
072 98 00 2.6 192,154,115
072 98 00 2.6 74,28,0
072 98 01 2.6 13,141,350
072 98 05 2.6 539,644,668
072 98 04 2.4 664,619,561
072 98 06 2.4 513,483,468
072 98 02 2.4 453,428,391
072 98 00 2.4 341,291,235
072 98 00 2.4 184,134,97
072 98 00 2.4 60,23,0
072 98 00 2.4 0,0,134
072 98 04 2.4 345,526,626
071 98 06 2.5 654,689,652
071 98 06 2.5 601,551,519
071 98 03 2.5 498,482,450
071 98 01 2.5 407,359,311
071 98 00 2.5 261,213,175
071 98 00 2.5 141,107,67
071 98 00 2.5 29,0,0
071 98 00 2.5 112,316,536
071 98 06 2.5 679,743,759
071 98 06 2.7 766,729,680
071 98 08 2.7 638,611,591
071 98 05 2.7 569,538,499
071 98 00 2.7 447,395,344
071 98 00 2.7 297,248,208
071 98 00 2.7 170,136,96
071 98 00 2.7 55,50,140
071 98 03 2.7 338,558,713
071 98 08 2.7 783,801,745
071 98 06 2.7 706,654,610
071 98 05 2.7 583,566,543
071 98 02 2.7 509,463,409
071 98 00 2.7 355,306,257
071 98 00 2.7 210,162,118
071 98 01 2.7 74,35,0
071 98 02 2.7 0,0,40
071 98 01 2.7 237,457,611
070 98 06 2.6 674,678,710
070 98 04 2.6 666,613,574
070 98 03 2.6 555,545,528
070 98 02 2.6 493,447,398
070 98 00 2.6 346,299,254
070 98 00 2.6 214,170,134
070 98 00 2.6 96,65,22
070 98 01 2.6 0,0,80
070 98 02 2.6 276,474,587
070 98 03 2.3 621,641,605
070 98 05 2.3 552,501,465
070 98 02 2.3 446,433,409
070 98 02 2.3 373,324,275
070 98 00 2.3 226,180,134
070 98 00 2.3 87,47,9
070 98 00 2.3 0,0,0
070 98 01 2.3 0,0,198
070 98 03 2.3 432,599,676
070 98 05 2.9 702,812,780
070 98 05 2.9 735,690,660
070 98 05 2.9 643,623,592
070 98 02 2.9 552,504,455
070 98 00 2.9 404,357,313
070 98 00 2.9 270,227,185
070 98 00 2.9 146,103,74
070 98 00 2.9 114,270,509
070 98 05 2.9 730,871,935
070 98 08 3.1 957,876,845
070 98 05 3.1 801,771,753
070 98 06 3.1 739,712,673
070 98 02 3.1 631,587,539
070 98 00 3.1 483,429,376
070 98 00 3.1 333,289,248
070 98 00 3.1 208,165,122
070 98 02 3.1 100,160,337
070 98 04 3.1 578,787,908
070 98 08 3.0 954,960,838
070 98 04 3.0 799,758,728
070 98 06 3.0 712,696,668
070 98 03 3.0 629,577,526
070 98 00 3.0 471,421,369
070 98 00 3.0 321,277,229
070 98 00 3.0 186,137,91
070 98 01 3.0 45,1,19
070 98 00 3.0 148,382,607
070 98 07 3.0 752,812,824
070 98 06 2.9 805,762,715
070 98 08 2.9 680,662,648
070 98 05 2.9 622,583,536
070 98 00 2.9 486,439,391
070 98 00 2.9 342,296,255
070 98 00 2.9 223,188,146
070 98 00 2.9 95,36,0
070 98 00 2.9 0,86,291
070 98 04 2.9 492,614,655
069 98 06 2.4 681,639,582
069 98 06 2.4 533,499,486
069 98 02 2.4 476,458,427
069 98 00 2.4 387,342,294
069 98 00 2.4 244,190,139
069 98 00 2.4 90,48,7
069 98 01 2.4 0,0,0
069 98 02 2.4 0,0,62
069 98 04 2.4 306,527,667
069 98 08 3.1 729,751,745
069 98 05 3.1 858,825,803
069 98 08 3.1 793,788,768
069 98 05 3.1 741,703,666
069 98 01 3.1 624,579,533
069 98 00 3.1 494,458,419
069 98 00 3.1 385,342,304
069 98 00 3.1 261,228,239
069 98 00 3.1 359,584,830
069 98 06 3.1 1003,1090,1128
069 98 08 3.2 1137,895,858
069 98 05 3.2 818,798,783
069 98 06 3.2 769,740,701
069 98 02 3.2 648,593,537
069 98 00 3.2 487,436,391
069 98 00 3.2 348,308,265
069 98 00 3.2 226,187,146
069 98 01 3.2 121,174,342
069 98 04 3.2 584,797,925
068 98 08 3.0 972,971,817
068 98 06 3.0 767,723,700
068 98 06 3.0 692,684,658
068 98 03 3.0 617,568,517
068 98 00 3.0 466,420,371
068 98 00 3.0 327,279,243
068 98 00 3.0 204,162,112
068 98 01 3.0 64,48,122
068 98 01 3.0 304,530,703
068 98 06 2.7 787,810,749
068 98 05 2.7 706,656,622
068 98 04 2.7 604,597,579
068 98 03 2.7 555,512,462
068 98 01 2.7 405,352,300
068 98 00 2.7 252,202,160
068 98 00 2.7 115,79,35
068 98 02 2.7 0,0,0
068 98 00 2.7 99,338,587
068 98 05 2.7 767,871,917
068 98 05 3.5 929,959,925
068 98 04 3.5 889,870,859
068 98 04 3.5 835,803,758
068 98 02 3.5 711,657,604
068 98 00 3.5 549,494,444
068 98 00 3.5 400,360,318
068 98 01 3.5 274,227,183
068 98 01 3.5 204,341,571
068 98 04 3.5 800,946,1013
067 98 05 3.0 1029,831,794
067 98 07 3.0 744,701,671
067 98 05 3.0 647,620,581
067 98 01 3.0 535,481,426
067 98 00 3.0 369,314,260
067 98 00 3.0 210,158,112
067 98 01 3.0 65,17,0
067 98 00 3.0 0,0,92
067 98 03 3.0 317,521,643
067 98 06 2.7 685,685,734
067 98 04 2.7 681,626,593
067 98 06 2.7 577,562,534
067 98 01 2.7 495,448,394
067 98 00 2.7 340,291,241
067 98 00 2.7 197,152,110
067 98 00 2.7 67,24,0
067 98 01 2.7 0,0,104
067 98 03 2.7 310,494,596
067 98 07 2.4 624,667,620
067 98 07 2.4 564,514,485
067 98 03 2.4 465,447,416
067 98 00 2.4 375,331,281
067 98 00 2.4 227,175,123
067 98 00 2.4 77,34,0
067 98 00 2.4 0,0,0
067 98 01 2.4 0,0,179
067 98 04 2.4 415,588,676
067 98 08 3.0 704,697,801
067 98 05 3.0 759,718,690
067 98 06 3.0 670,650,623
067 98 02 3.0 581,533,484
067 98 00 3.0 434,387,339
067 98 00 3.0 293,247,201
067 98 00 3.0 158,113,79
067 98 01 3.0 107,251,490
067 98 06 3.0 720,863,933
067 98 08 3.1 959,963,869
067 98 04 3.1 852,843,837
067 98 08 3.1 823,796,750
067 98 03 3.1 690,627,572
067 98 00 3.1 520,470,425
067 98 00 3.1 386,352,317
067 98 00 3.1 278,231,205
067 98 00 3.1 264,436,667
067 98 05 3.1 854,946,968
067 98 05 2.7 743,697,636
067 98 04 2.7 581,543,517
067 98 02 2.7 490,456,411
067 98 01 2.7 358,302,242
067 98 00 2.7 187,140,96
067 98 00 2.7 58,14,0
067 98 02 2.7 0,0,12
067 98 01 2.7 195,391,513
067 98 03 2.3 552,620,576
067 98 07 2.3 510,453,413
067 98 02 2.3 397,386,363
067 98 00 2.3 328,277,222
067 98 00 2.3 161,107,54
067 98 00 2.3 11,0,0
067 98 02 2.3 0,0,0
067 98 00 2.3 18,234,434
067 98 06 2.6 547,586,581
067 98 05 2.6 697,648,601
067 98 04 2.6 564,541,521
067 98 02 2.6 496,461,418
067 98 01 2.6 369,316,264
067 98 00 2.6 220,178,145
067 98 00 2.6 100,61,38
067 98 00 2.6 106,279,508
067 98 04 2.6 686,774,796
067 98 04 2.7 746,707,649
067 98 04 2.7 599,563,544
067 98 02 2.7 520,491,450
067 98 01 2.7 407,360,314
067 98 00 2.7 267,220,176
067 98 00 2.7 136,97,53
067 98 00 2.7 28,86,252
067 98 03 2.7 470,644,730
067 98 04 2.6 751,702,658
067 98 04 2.6 598,551,519
067 98 03 2.6 499,475,446
067 98 01 2.6 404,358,305
067 98 00 2.6 254,205,162
067 98 00 2.6 122,87,48
067 98 00 2.6 5,0,0
067 98 00 2.6 75,272,477
067 98 04 2.4 598,639,673
067 98 04 2.4 632,572,512
067 98 03 2.4 475,458,448
067 98 02 2.4 430,399,356
067 98 01 2.4 303,250,194
067 98 00 2.4 150,109,75
067 98 00 2.4 38,0,0
067 98 00 2.4 3,136,325
067 98 03 2.1 482,550,552
067 98 06 2.1 547,494,434
067 98 03 2.1 387,358,344
067 98 01 2.1 325,295,251
067 98 00 2.1 199,143,88
067 98 00 2.1 45,7,0
067 98 00 2.1 0,0,0
067 98 00 2.1 0,11,235
067 98 06 2.1 464,609,670
068 98 08 2.9 680,796,745
068 98 04 2.9 683,634,610
068 98 06 2.9 590,568,538
068 98 00 2.9 499,455,404
068 98 00 2.9 362,317,280
068 98 00 2.9 234,190,146
068 98 00 2.9 122,180,336
068 98 05 2.9 541,685,740
068 98 05 2.2 733,573,513
068 98 06 2.2 444,395,366
068 98 01 2.2 350,328,300
068 98 00 2.2 268,230,191
068 98 00 2.2 147,101,57
068 98 00 2.2 12,0,0
068 98 01 2.2 0,0,0
068 98 01 2.2 163,393,549
068 98 07 2.7 616,618,726
068 98 05 2.7 663,594,546
068 98 05 2.7 523,510,495
068 98 01 2.7 474,448,416
068 98 00 2.7 386,359,336
068 98 00 2.7 314,291,264
068 98 00 2.7 230,244,352
068 98 04 2.7 541,715,806
069 98 07 2.1 816,557,502
069 98 08 2.1 439,388,361
069 98 02 2.1 348,328,293
069 98 00 2.1 245,191,132
069 98 00 2.1 73,23,0
069 98 00 2.1 0,0,0
069 98 00 2.1 0,0,129
069 98 04 2.1 362,540,626
069 98 08 2.7 644,743,697
069 98 07 2.7 642,588,549

0!0!0!0
1!1!1!1!1!1!1!1!1!1!1!1!1!1!1!1!1!1!1!