100001!20190906_121455!1!1
1.89!1.68!0.84!2.02!1.81!1.27!
97!63!78!0!387
183.6 1.09 144 52

069 97 07 4.8 1531,1363,1217
069 97 05 4.8 1152,1157,1207
069 97 08 4.8 1222,1163,1023
069 97 01 4.8 838,656,511
069 97 00 4.8 407,325,247
069 97 01 4.8 161,61,0
069 97 00 4.8 0,42,527
069 97 05 4.8 1119,1503,1597
069 97 06 5.1 1682,1598,1549
069 97 06 5.1 1532,1543,1576
069 97 05 5.1 1588,1533,1414
069 97 04 5.1 1256,1095,966
069 97 00 5.1 864,787,707
069 97 00 5.1 615,496,471
069 97 01 5.1 721,1215,1717
069 97 07 4.6 1969,1990,1464
069 97 06 4.6 1398,1353,1321
069 97 06 4.6 1309,1307,1275
069 97 06 4.6 1188,1052,899
069 97 00 4.6 753,638,541
069 97 00 4.6 458,358,235
069 97 00 4.6 137,243,604
071 97 03 3.8 1062,1350,1391
071 97 08 3.8 1180,1104,1046
071 97 07 3.8 1004,974,969
071 97 05 3.8 943,874,754
071 97 00 3.8 614,476,359
071 97 00 3.8 267,186,97
071 97 00 3.8 0,0,46
071 97 00 3.8 385,774,975
071 97 08 3.2 970,978,912
071 97 04 3.2 867,825,797
071 97 06 3.2 775,738,655
071 97 00 3.2 537,403,274
071 97 00 3.2 167,77,4
071 97 00 3.2 0,0,0
071 97 00 3.2 0,0,0
071 97 03 3.2 412,752,874
071 97 07 3.6 863,1203,1195
071 97 06 3.6 1167,1108,1066
071 97 07 3.6 1038,1001,927
071 97 01 3.6 819,696,582
071 97 00 3.6 480,395,312
071 97 00 3.6 233,148,53
071 97 00 3.6 0,0,0
071 97 00 3.6 265,719,1041
071 97 07 3.6 1146,1150,1167
071 97 05 3.9 1180,1314,1258
071 97 04 3.9 1218,1189,1147
071 97 07 3.9 1074,969,858
071 97 00 3.9 748,652,559
071 97 00 3.9 472,382,289
071 97 00 3.9 196,104,9
071 97 00 3.9 0,0,0
071 97 00 3.9 363,859,1211
071 97 03 3.9 1339,1360,1376
071 97 07 4.6 1387,1550,1522
071 97 06 4.6 1518,1523,1507
071 97 05 4.6 1449,1361,1269
071 97 01 4.6 1192,1132,1078
071 97 00 4.6 1024,959,887
071 97 00 4.6 815,739,665
071 97 00 4.6 653,797,1110
071 97 06 4.6 1477,1746,1877
071 97 08 4.6 1921,1927,1932
071 97 02 4.6 1940,1982,2043
071 97 08 4.4 2096,2104,1412
071 97 06 4.4 1318,1210,1098
071 97 01 4.4 1025,984,970
071 97 00 4.4 940,889,868
071 97 00 4.4 1002,1333,1774
071 97 06 4.4 2138,2352,2432
074 97 07 4.8 2437,1538,1480
074 97 07 4.8 1411,1351,1279
074 97 04 4.8 1167,1006,837
074 97 00 4.8 697,589,505
074 97 00 4.8 430,341,237
074 97 00 4.8 194,341,670
074 97 04 4.8 1018,1212,1248
074 97 03 3.3 1033,986,919
074 97 07 3.3 829,749,688
074 97 00 3.3 627,542,426
074 97 00 3.3 303,178,55
074 97 00 3.3 0,0,0
074 97 00 3.3 0,0,0
074 97 00 3.3 135,389,503
074 97 07 2.9 481,839,725
074 97 03 2.9 596,487,426
074 97 00 2.9 386,309,163
074 97 00 2.9 0,0,0
074 97 01 2.9 0,0,0
074 97 00 2.9 0,0,0
074 97 00 2.9 0,0,0
075 97 07 2.4 0,816,791
075 97 07 2.4 725,641,550
075 97 00 2.4 484,413,321
075 97 00 2.4 178,5,0
075 97 00 2.4 0,0,0
075 97 01 2.4 0,0,0
075 97 00 2.4 0,0,0
075 97 00 1.9 0,0,592
075 97 01 1.9 519,467,425
075 97 00 1.9 388,348,319
075 97 00 1.9 292,281,250
075 97 00 1.9 172,46,0
075 97 00 1.9 0,0,0
075 97 00 1.9 0,0,0
075 97 00 1.9 0,212,390
075 97 05 2.4 408,764,706
075 97 06 2.4 661,630,626
075 97 06 2.4 675,763,855
075 97 03 2.4 923,957,947
075 97 03 2.4 962,1019,1054
075 97 04 2.4 995,797,617
075 97 00 2.4 571,678,798
075 97 03 2.4 785,651,471
075 97 00 2.4 293,141,31
075 97 00 2.4 0,0,0
075 97 00 2.4 0,0,0
075 97 00 2.4 0,0,0
075 97 00 2.4 0,0,0
075 97 00 2.4 0,0,0
075 97 00 2.4 0,0,0
075 97 00 2.4 0,0,0
075 97 00 2.4 0,0,0
075 97 00 2.4 0,0,0
075 97 00 2.4 0,0,0
075 97 00 2.4 0,0,0
075 97 00 2.4 0,0,0
063 97 07 2.8 0,1046,1003
063 97 06 2.8 948,883,832
063 97 01 2.8 813,801,784
063 97 00 2.8 753,705,643
063 97 00 2.8 571,508,470
063 97 00 2.8 507,704,1045
063 97 07 2.8 1398,1607,1638
063 97 05 3.1 1114,1023,940
063 97 05 3.1 891,886,900
063 97 08 3.1 899,865,783
063 97 02 3.1 643,484,356
063 97 00 3.1 266,169,62
063 97 00 3.1 0,0,194
063 97 02 3.1 590,959,1116
063 97 04 3.2 1104,1103,1055
063 97 04 3.2 1037,1027,1027
063 97 08 3.2 1028,1028,977
063 97 04 3.2 890,769,655
063 97 00 3.2 547,449,362
063 97 00 3.2 286,219,139
063 97 00 3.2 57,125,410
063 97 03 2.8 798,1047,1079
063 97 07 2.8 943,854,802
063 97 08 2.8 792,833,911
063 97 06 2.8 1014,1106,1172
063 97 08 2.8 1210,1211,1202
063 97 02 2.8 1221,1286,1354
063 97 05 2.8 1413,1498,1634
063 97 06 2.8 1812,1966,2174
063 97 03 2.8 2656,3127,3342
063 97 07 6.9 2313,2021,1840
063 97 05 6.9 1727,1592,1396
063 97 01 6.9 1071,634,252
063 97 00 6.9 0,0,0
063 97 00 6.9 0,0,0
063 97 00 6.9 0,0,0
063 97 00 6.9 0,0,0
063 97 01 6.9 0,0,0
063 97 03 4.0 0,0,1346
063 97 04 4.0 1175,1055,1006
063 97 01 4.0 1023,1073,1104
063 97 02 4.0 1079,997,870
063 97 01 4.0 726,588,477
063 97 00 4.0 390,335,299
063 97 00 4.0 266,207,106
063 97 00 4.0 78,323,764
064 97 02 3.2 1164,1274,1095
064 97 04 3.2 899,712,604
064 97 01 3.2 596,660,738
064 97 03 3.2 761,704,586
064 97 00 3.2 435,297,184
064 97 00 3.2 106,56,23
064 97 00 3.2 0,0,0
064 97 01 3.2 9,325,741
064 97 05 2.9 993,973,894
064 97 06 2.9 690,538,482
064 97 00 2.9 530,633,703
064 97 05 2.9 694,605,478
064 97 00 2.9 346,237,166
064 97 00 2.9 132,115,96
064 97 01 2.9 54,13,105
064 97 01 2.9 403,780,1012
064 97 04 2.6 992,819,632
064 97 03 2.6 508,484,545
064 97 03 2.6 647,715,723
064 97 04 2.6 673,594,492
064 97 01 2.6 368,233,147
064 97 01 2.6 156,242,352
064 97 01 2.6 454,693,1097
064 97 04 2.6 1531,1761,1793
064 97 05 4.3 1640,1696,1797
064 97 02 4.3 1934,2081,2193
064 97 04 4.3 2240,2234,2207
064 97 06 4.3 2121,1970,1801
064 97 03 4.3 1672,1593,1529
064 97 00 4.3 1464,1427,1542
064 97 02 4.3 1799,2089,2236
064 97 08 2.2 2229,712,610
064 97 07 2.2 542,535,576
064 97 08 2.2 635,667,653
064 97 08 2.2 597,539,492
064 97 00 2.2 481,472,469
064 97 00 2.2 448,483,652
064 97 06 2.2 957,1260,1423
064 97 08 2.7 1436,952,912
064 97 07 2.7 895,897,921
064 97 04 2.7 949,960,947
064 97 06 2.7 909,847,755
064 97 02 2.7 671,585,516
064 97 00 2.7 497,621,844
065 97 04 1.7 1035,1082,541
065 97 07 1.7 475,437,425
065 97 05 1.7 437,462,494
065 97 05 1.7 504,488,456
065 97 03 1.7 431,425,430
065 97 02 1.7 434,430,431
065 97 03 1.7 524,769,1091
065 97 06 1.7 1342,1444,1455
065 97 08 2.9 1021,1013,1016
065 97 06 2.9 1040,1069,1089
065 97 07 2.9 1072,1024,956
065 97 07 2.9 879,810,764
065 97 00 2.9 723,684,626
065 97 00 2.9 587,655,892
065 97 06 2.9 1207,1439,1502
065 97 04 2.6 887,838,807
065 97 03 2.6 787,790,801
065 97 08 2.6 801,774,716
065 97 04 2.6 642,560,487
065 97 00 2.6 428,376,324
065 97 00 2.6 257,176,129
065 97 00 2.6 240,513,826
067 97 07 2.6 996,1007,811
067 97 06 2.6 742,694,671
067 97 06 2.6 675,692,686
067 97 05 2.6 641,554,452
067 97 00 2.6 350,257,183
067 97 00 2.6 121,59,0
067 97 00 2.6 0,0,200
067 97 03 2.6 491,683,724
067 97 06 2.3 773,710,655
067 97 08 2.3 620,608,617
067 97 06 2.3 601,554,462
067 97 00 2.3 350,235,137
067 97 00 2.3 57,0,0
067 97 00 2.3 0,0,149
067 97 03 2.3 468,710,795
067 97 08 2.7 924,889,856
067 97 07 2.7 829,804,799
067 97 06 2.7 789,752,686
067 97 01 2.7 593,501,410
067 97 00 2.7 347,303,260
067 97 01 2.7 202,117,60
067 97 00 2.7 151,430,792
065 97 05 3.1 1042,1128,1128
065 97 07 3.1 1076,1093,1098
065 97 08 3.1 1084,1069,1051
065 97 03 3.1 1011,933,828
065 97 01 3.1 719,625,544
065 97 01 3.1 468,398,339
065 97 00 3.1 265,159,28
065 97 00 3.1 0,35,342
065 97 00 3.1 747,1054,1142
065 97 05 3.4 1138,1017,902
065 97 05 3.4 797,732,722
065 97 01 3.4 742,732,664
065 97 00 3.4 562,448,342
065 97 00 3.4 237,150,71
065 97 00 3.4 1,0,0
065 97 00 3.4 0,0,0
065 97 00 3.4 0,0,0
065 97 02 3.4 154,534,697
065 97 05 3.7 672,1212,1141
065 97 04 3.7 1103,1095,1116
065 97 08 3.7 1138,1120,1045
065 97 04 3.7 927,793,666
065 97 00 3.7 556,468,394
065 97 00 3.7 322,231,124
065 97 00 3.7 7,0,0
065 97 00 3.7 0,0,0
065 97 00 3.7 0,161,654
063 97 04 4.1 914,934,1352
063 97 07 4.1 1230,1155,1136
063 97 07 4.1 1165,1216,1229
063 97 07 4.1 1183,1080,943
063 97 00 4.1 804,680,589
063 97 00 4.1 519,462,398
063 97 00 4.1 326,240,145
063 97 01 4.1 44,0,0
063 97 00 4.1 0,222,737
063 97 06 4.1 1153,1307,1455
063 97 06 4.1 1328,1210,1153
063 97 05 4.1 1173,1242,1307
063 97 05 4.1 1310,1236,1112
063 97 02 4.1 969,834,734
063 97 01 4.1 657,608,555
063 97 01 4.1 498,426,347
063 97 00 4.1 257,156,48
063 97 00 4.1 129,481,1009
063 97 05 4.2 1418,1560,1457
063 97 04 4.2 1331,1219,1149
063 97 04 4.2 1099,1059,1016
063 97 03 4.2 947,859,762
063 97 00 4.2 693,643,631
063 97 00 4.2 682,765,893
063 97 03 4.2 1011,1110,1124
063 97 06 4.2 1055,964,998
063 97 04 4.2 1249,1695,2134
074 97 05 5.3 2415,2508,2510
074 97 04 5.3 1864,1864,1902
074 97 08 5.3 1979,2072,2128
074 97 06 5.3 2116,2038,1926
074 97 05 5.3 1791,1617,1363
074 97 00 5.3 1072,842,721
074 97 00 5.3 632,581,441
074 97 00 5.3 413,552,924
074 97 03 3.0 1282,1447,1454
074 97 06 3.0 1025,1016,1052
074 97 02 3.0 1113,1175,1227
074 97 05 3.0 1217,1134,972
074 97 02 3.0 782,606,474
074 97 00 3.0 391,350,322
074 97 00 3.0 279,210,205
074 97 00 3.0 412,835,1302
074 97 07 4.1 1585,1640,1387
074 97 04 4.1 1303,1256,1262
074 97 05 4.1 1310,1377,1403
074 97 05 4.1 1368,1277,1161
074 97 03 4.1 1050,952,880
074 97 00 4.1 838,816,779
074 97 00 4.1 709,727,982
074 97 04 4.1 1463,1946,2214
074 97 06 4.6 2269,1554,1547
074 97 07 4.6 1562,1584,1610
074 97 04 4.6 1634,1626,1566
074 97 05 4.6 1466,1342,1226
074 97 01 4.6 1127,1062,1005
074 97 00 4.6 942,850,786
074 97 00 4.6 915,1298,1799
074 97 07 4.6 2160,2293,2312
074 97 05 4.6 2323,2327,1519
074 97 07 4.6 1477,1455,1442
074 97 05 4.6 1399,1311,1188
074 97 03 4.6 1061,961,883
074 97 00 4.6 822,742,646
074 97 00 4.6 628,843,1277
074 97 06 4.6 1722,1970,2029
074 97 06 4.3 2037,1421,1403
074 97 05 4.3 1352,1313,1295
074 97 05 4.3 1269,1209,1106
074 97 03 4.3 985,868,775
074 97 00 4.3 701,632,546
074 97 00 4.3 441,361,490
074 97 02 4.3 878,1371,1697
074 97 04 4.4 1785,1414,1402
074 97 04 4.4 1382,1334,1278
074 97 06 4.4 1247,1217,1156
074 97 05 4.4 1048,910,771
074 97 00 4.4 660,573,501
074 97 00 4.4 425,334,222
074 97 00 4.4 124,209,563
074 97 03 4.4 1056,1415,1522
074 97 07 4.3 1373,1336,1304
074 97 07 4.3 1267,1235,1227
074 97 08 4.3 1215,1158,1051
074 97 02 4.3 917,787,672
074 97 00 4.3 573,488,413
074 97 00 4.3 344,261,145
074 97 01 4.3 22,48,355
074 97 03 4.3 853,1270,1438
074 97 08 4.4 1430,1387,1349
074 97 06 4.4 1312,1274,1258
074 97 07 4.4 1242,1189,1084
074 97 02 4.4 947,813,707
074 97 00 4.4 615,529,439
074 97 00 4.4 364,282,186
074 97 00 4.4 70,67,324
074 97 02 4.4 794,1225,1405
074 98 07 4.2 1368,1234,1155
074 98 04 4.2 1114,1089,1091
074 98 08 4.2 1093,1053,953
074 98 02 4.2 805,649,497
074 98 00 4.2 363,253,164
074 98 01 4.2 82,0,0
074 98 00 4.2 0,0,392
074 98 05 4.0 858,1105,1086
074 98 06 4.0 1126,974,874
074 98 05 4.0 835,835,845
074 98 03 4.0 813,717,569
074 98 00 4.0 405,247,112
074 98 00 4.0 5,0,0
074 98 00 4.0 0,0,0
074 98 00 4.0 115,533,770
074 98 03 3.5 756,965,813
074 98 04 3.5 704,655,646
074 98 00 3.5 658,626,533
074 98 00 3.5 392,227,73
074 98 00 3.5 0,0,0
074 98 00 3.5 0,0,0
074 98 00 3.5 0,0,0
073 98 03 3.0 221,381,955
073 98 04 3.0 799,662,579
073 98 00 3.0 546,546,546
073 98 00 3.0 504,406,269
073 98 00 3.0 119,0,0
073 98 01 3.0 0,0,0
073 98 01 3.0 0,0,0
073 98 00 3.0 0,0,174
073 98 03 2.6 255,778,626
073 98 02 2.6 496,420,401
073 98 00 2.6 410,416,373
073 98 00 2.6 272,138,1
073 98 00 2.6 0,0,0
073 98 01 2.6 0,0,0
073 98 02 2.6 0,0,0
073 98 04 2.2 172,199,632
073 98 04 2.2 488,375,323
073 98 00 2.2 314,339,345
073 98 00 2.2 298,201,78
073 98 01 2.2 0,0,0
073 98 00 2.2 0,0,0
073 98 00 2.2 0,0,226
074 98 04 2.2 371,740,613
074 98 05 2.2 501,429,405
074 98 00 2.2 409,428,412
074 98 00 2.2 354,258,157
074 98 00 2.2 59,0,0
074 98 00 2.2 0,0,0
074 98 00 2.2 48,358,586
074 98 06 2.3 607,707,598
074 98 07 2.3 525,506,523
074 98 04 2.3 565,578,542
074 98 03 2.3 463,370,282
074 98 00 2.3 216,171,133
074 98 00 2.3 86,47,141
074 98 02 2.3 406,728,909
074 98 06 2.5 894,746,662
074 98 06 2.5 625,636,673
074 98 07 2.5 709,707,656
074 98 04 2.5 567,476,396
074 98 00 2.5 341,302,264
074 98 00 2.5 220,150,118
074 98 01 2.5 271,616,997
076 98 05 3.1 1191,1194,1028
076 98 07 3.1 1004,1004,1010
076 98 04 3.1 1018,1034,1032
076 98 06 3.1 992,914,820
076 98 01 3.1 733,672,619
076 98 00 3.1 575,522,467
076 98 00 3.1 393,307,297
076 98 00 3.1 517,931,1334
076 98 08 3.6 1519,1526,1220
076 98 04 3.6 1223,1234,1227
076 98 04 3.6 1224,1229,1218
076 98 04 3.6 1165,1079,981
076 98 02 3.6 894,818,759
076 98 00 3.6 693,626,548
076 98 01 3.6 470,387,303
076 98 00 3.6 207,135,233
076 98 01 3.6 592,1071,1413
076 98 05 3.9 1504,1334,1305
076 98 05 3.9 1308,1320,1325
076 98 06 3.9 1331,1327,1293
076 98 06 3.9 1219,1115,1011
076 98 00 3.9 923,858,796
076 98 00 3.9 730,658,574
076 98 00 3.9 484,393,305
076 98 00 3.9 214,114,21
076 98 01 3.9 77,399,896
076 98 06 4.1 1302,1451,1408
076 98 05 4.1 1345,1319,1328
076 98 06 4.1 1346,1367,1376
076 98 03 4.1 1356,1282,1173
076 98 03 4.1 1050,949,871
076 98 00 4.1 811,749,677
076 98 00 4.1 595,501,402
076 98 00 4.1 304,213,115
076 98 00 4.1 10,0,237
076 98 02 4.1 704,1183,1418
076 98 06 4.2 1411,1328,1241
076 98 05 4.2 1203,1211,1240
076 98 02 4.2 1272,1265,1201
076 98 06 4.2 1092,959,840
076 98 00 4.2 740,674,610
076 98 00 4.2 547,466,371
076 98 00 4.2 265,157,52
076 98 01 4.2 0,0,0
076 98 00 4.2 0,357,888
076 98 06 4.3 1207,1253,1390
076 98 04 4.3 1264,1185,1173
076 98 06 4.3 1210,1268,1290
076 98 06 4.3 1243,1133,987
076 98 01 4.3 844,723,639
076 98 01 4.3 579,523,459
076 98 00 4.3 375,275,155
076 98 01 4.3 10,0,0
076 98 01 4.3 224,770,1204
075 98 04 4.3 1359,1454,1316
075 98 03 4.3 1204,1176,1224
075 98 04 4.3 1304,1349,1314
075 98 04 4.3 1204,1051,900
075 98 00 4.3 782,711,669
075 98 01 4.3 632,581,503
075 98 00 4.3 412,305,175
075 98 01 4.3 27,45,378
075 98 01 4.3 935,1419,1617
075 98 03 4.6 1592,1499,1438
075 98 07 4.6 1430,1454,1492
075 98 05 4.6 1518,1501,1428
075 98 05 4.6 1299,1153,1016
075 98 00 4.6 914,833,768
075 98 00 4.6 696,613,521
075 98 00 4.6 431,350,263
075 98 00 4.6 231,451,976
075 98 04 4.6 1642,2139,2371
075 98 06 4.6 2451,2497,2537
075 98 07 6.6 2547,2302,2273
075 98 06 6.6 2238,2168,2045
075 98 05 6.6 1894,1747,1628
075 98 00 6.6 1521,1429,1345
075 98 00 6.6 1268,1183,1087
075 98 00 6.6 1006,940,887
075 98 00 6.6 853,1009,1467
075 98 06 6.6 2125,2677,2965
075 98 03 6.6 3075,3147,3203
074 98 05 6.9 2326,2233,2111
074 98 06 6.9 2030,1963,1877
074 98 07 6.9 1772,1643,1537
074 98 00 6.9 1443,1364,1271
074 98 00 6.9 1146,984,788
074 98 00 6.9 584,399,238
074 98 00 6.9 85,0,0
074 98 00 6.9 0,519,1196
074 98 06 6.9 1715,2009,2171
074 98 08 6.9 2294,2408,2505
074 98 06 8.0 2540,2711,2573
074 98 06 8.0 2375,2132,1931
074 98 00 8.0 1789,1719,1680
074 98 01 8.0 1624,1527,1388
074 98 00 8.0 1218,1057,973
074 98 00 8.0 1008,1164,1414
074 98 03 8.0 1814,2359,2902
074 98 06 6.7 3197,3130,1875
074 98 08 6.7 1599,1441,1393
074 98 06 6.7 1399,1470,1646
074 98 06 6.7 1928,2246,2505
078 98 06 3.8 2617,2580,970
078 98 05 3.8 590,168,0
078 98 01 3.8 0,0,0
078 98 01 3.8 0,0,0
078 98 00 3.8 0,0,234
078 98 03 5.4 816,1047,1666
078 98 05 5.4 1479,1504,1757
078 98 05 5.4 2008,2070,2031
078 98 03 5.4 2034,2060,1985
078 98 05 5.4 1796,1611,1502
078 98 00 5.4 1406,1288,1199
078 98 01 5.4 1141,1049,877
078 98 00 5.4 701,618,561
078 98 01 5.4 447,313,475
078 98 00 5.4 976,1615,2034
078 98 06 5.4 2201,2233,2260
078 98 03 6.1 2279,1962,1946
078 98 04 6.1 1942,1949,1912
078 98 05 6.1 1812,1661,1486
078 98 00 6.1 1319,1171,1042
078 98 00 6.1 940,847,753
078 98 01 6.1 640,513,390
078 98 00 6.1 273,166,42
078 98 00 6.1 0,131,595
078 98 03 6.1 1209,1658,1845
078 98 05 5.8 1862,1888,1903
078 98 08 5.8 1932,1953,1975
078 98 05 5.8 1985,1956,1866
078 98 05 5.8 1732,1584,1452
078 98 00 5.8 1351,1265,1184
078 98 00 5.8 1087,981,861
078 98 00 5.8 734,605,480
078 98 00 5.8 362,231,113
078 98 00 5.8 203,603,1220
078 98 05 5.8 1733,1972,1985
078 98 05 5.8 1832,1810,1827
078 98 04 5.8 1856,1882,1901
078 98 07 5.8 1879,1800,1667
078 98 05 5.8 1512,1368,1256
078 98 01 5.8 1167,1098,1020
078 98 00 5.8 932,824,701
078 98 01 5.8 574,447,312
078 98 00 5.8 164,145,426
078 98 02 5.8 973,1528,1824
078 98 05 5.4 1851,1625,1525
078 98 04 5.4 1490,1513,1568

0!0!0!0
1!1!1!1!1!1!1!1!1!1!1!1!1!1!1!1!1!1!1!