176927!20190910_163030!1!3
2.98!3.19!3.24!3.32!3.44!3.45!
93!71!75!600!46
511.8 3.39 49 126

071 93 04 6.6 1451,1389,1441
071 93 05 6.6 1519,1535,1466
071 93 03 6.6 1336,1174,1010
071 93 00 6.6 855,729,625
071 93 01 6.6 541,455,416
071 93 00 6.6 591,1100,1771
072 93 04 6.4 2291,2483,2453
072 93 07 6.4 1902,1705,1503
072 93 06 6.4 1388,1397,1475
072 93 08 6.4 1521,1481,1369
072 93 01 6.4 1210,1040,877
072 93 00 6.4 746,644,568
072 93 01 6.4 491,416,371
072 93 00 6.4 535,1013,1654
072 93 07 6.1 2150,2331,2293
072 93 06 6.1 1774,1563,1352
072 93 06 6.1 1235,1252,1329
072 93 07 6.1 1368,1322,1203
072 93 00 6.1 1041,870,714
072 93 00 6.1 590,499,432
072 93 02 6.1 365,289,236
072 93 00 6.1 358,790,1409
072 93 05 6.0 1931,2150,2136
072 93 06 6.0 1765,1556,1344
072 93 05 6.0 1222,1238,1316
072 93 08 6.0 1362,1322,1210
072 93 00 6.0 1053,885,725
072 93 00 6.0 590,488,411
072 93 02 6.0 333,255,186
072 93 00 6.0 258,620,1210
074 93 03 5.8 1755,2017,2014
074 93 06 5.8 1696,1483,1260
074 93 05 5.8 1116,1112,1194
074 93 06 5.8 1245,1214,1099
074 93 00 5.8 941,769,608
074 93 00 5.8 469,354,257
074 93 00 5.8 170,105,165
074 93 02 5.8 512,1079,1624
074 93 03 5.8 1896,1905,1669
074 93 06 5.8 1447,1214,1058
074 93 01 5.8 1043,1115,1170
074 93 06 5.8 1139,1021,855
074 93 00 5.8 678,516,376
074 93 00 5.8 255,147,45
074 93 00 5.8 0,66,459
074 93 03 5.8 1059,1603,1841
074 94 05 5.9 1821,1686,1459
074 94 04 5.9 1219,1064,1054
074 94 02 5.9 1129,1184,1150
074 94 02 5.9 1034,862,671
074 94 00 5.9 491,332,212
074 94 00 5.9 119,47,0
074 94 00 5.9 0,251,780
074 94 07 5.8 1372,1740,1807
074 94 06 5.8 1709,1481,1212
074 94 03 5.8 1011,959,1025
074 94 03 5.8 1101,1094,999
074 94 00 5.8 840,660,477
074 94 00 5.8 316,188,87
074 94 00 5.8 0,0,0
074 94 00 5.8 0,310,946
074 94 06 6.1 1523,1762,1718
074 94 03 6.1 1703,1439,1173
074 94 01 6.1 1007,1002,1085
074 94 02 6.1 1147,1114,998
074 94 00 6.1 830,637,455
074 94 00 6.1 291,152,24
074 94 00 6.1 0,0,0
074 94 03 6.1 500,1220,1800
074 94 07 6.8 2013,2121,1948
074 94 05 6.8 1712,1469,1321
074 94 02 6.8 1314,1400,1461
074 94 06 6.8 1440,1334,1173
074 94 00 6.8 990,811,662
074 94 00 6.8 541,443,348
074 94 00 6.8 256,235,495
074 94 04 6.8 1092,1786,2232
074 94 07 6.6 2324,1997,1810
074 94 04 6.6 1573,1353,1241
074 94 03 6.6 1269,1350,1381
074 94 06 6.6 1313,1163,974
074 94 00 6.6 776,606,467
074 94 00 6.6 361,273,188
074 94 00 6.6 103,59,231
074 94 02 6.6 747,1412,1908
074 94 06 6.2 2044,1885,1664
074 94 07 6.2 1380,1131,1026
074 94 00 6.2 1082,1199,1249
074 94 04 6.2 1197,1065,901
074 94 00 6.2 730,580,463
074 94 01 6.2 379,317,252
074 94 00 6.2 197,183,389
074 94 04 6.2 895,1518,1959
074 94 05 6.0 2062,1777,1557
074 94 07 6.0 1292,1077,1004
074 94 02 6.0 1070,1166,1197
074 94 05 6.0 1136,1009,841
074 94 00 6.0 663,506,375
074 94 01 6.0 280,187,115
074 94 01 6.0 69,236,733
074 94 06 6.0 1406,1941,2134
074 94 07 6.6 2097,1881,1671
074 94 07 6.6 1454,1324,1334
074 94 08 6.6 1416,1471,1433
074 94 05 6.6 1324,1164,996
074 94 00 6.6 838,706,597
074 94 00 6.6 501,419,376
074 94 00 6.6 524,992,1631
074 94 08 6.4 2153,2361,2347
074 94 07 6.4 1849,1652,1445
074 94 06 6.4 1321,1332,1411
074 94 08 6.4 1458,1422,1308
074 94 01 6.4 1153,982,829
074 94 00 6.4 701,607,532
074 94 00 6.4 459,385,341
074 94 00 6.4 510,986,1610
074 94 07 6.2 2078,2235,1851
074 94 05 6.2 1706,1499,1296
074 94 06 6.2 1197,1227,1306
074 94 07 6.2 1329,1258,1117
074 94 01 6.2 947,774,625
074 94 00 6.2 510,436,386
074 94 00 6.2 336,263,177
074 94 00 6.2 97,175,548
074 94 03 6.2 1116,1600,1789
074 94 07 5.5 1645,1467,1223
074 94 04 5.5 1013,931,982
074 94 04 5.5 1067,1088,1028
074 94 01 5.5 905,750,588
074 94 00 5.5 440,331,255
074 94 00 5.5 205,144,78
074 94 00 5.5 3,0,239
074 94 05 5.5 756,1340,1698
074 94 05 5.8 1769,1692,1496
074 94 04 5.8 1253,1061,1013
074 94 02 5.8 1068,1132,1115
074 94 02 5.8 1021,867,681
074 94 00 5.8 506,361,263
074 94 01 5.8 192,137,70
074 94 02 5.8 0,0,178
074 94 02 5.8 701,1332,1759
074 94 03 6.2 1878,1873,1733
074 94 04 6.2 1544,1361,1268
074 94 04 6.2 1286,1336,1341
074 94 03 6.2 1260,1121,940
074 94 00 6.2 759,586,451
074 94 01 6.2 345,259,170
074 94 00 6.2 72,9,142
074 94 02 6.2 608,1241,1742
074 94 03 6.2 1919,1886,1744
074 94 05 6.2 1537,1316,1186
074 94 03 6.2 1196,1271,1302
074 94 04 6.2 1239,1101,920
074 94 00 6.2 724,539,386
074 94 00 6.2 276,193,123
074 94 00 6.2 43,0,0
074 94 00 6.2 0,161,746
074 94 07 6.0 1347,1658,1676
074 94 06 6.0 1713,1485,1231
074 94 03 6.0 1060,1050,1137
074 94 04 6.0 1207,1187,1082
074 94 00 6.0 922,740,564
074 94 00 6.0 416,309,231
074 94 00 6.0 169,100,29
074 94 00 6.0 4,213,727
074 94 05 6.0 1346,1767,1867
074 94 05 6.0 1777,1582,1332
074 94 04 6.0 1119,1038,1088
074 94 04 6.0 1168,1183,1107
074 94 01 6.0 963,777,590
074 94 00 6.0 431,301,198
074 94 00 6.0 100,12,0
074 94 00 6.0 0,400,1048
075 94 05 6.6 1651,1938,1954
075 94 05 6.6 1915,1725,1496
075 94 04 6.6 1326,1288,1351
075 94 04 6.6 1407,1383,1277
075 94 01 6.6 1118,943,781
075 94 00 6.6 646,542,454
075 94 01 6.6 371,293,306
075 94 01 6.6 591,1162,1774
075 94 03 6.3 2146,2220,1860
075 94 04 6.3 1694,1475,1285
075 94 03 6.3 1208,1245,1304
075 94 04 6.3 1294,1202,1045
075 94 00 6.3 867,692,548
075 94 01 6.3 441,367,303
075 94 02 6.3 235,156,125
075 94 00 6.3 316,804,1403
075 94 04 5.9 1816,1924,1725
075 94 07 5.9 1545,1311,1119
075 94 03 5.9 1067,1140,1225
075 94 07 5.9 1235,1160,1032
075 94 00 5.9 876,720,580
075 94 00 5.9 478,400,345
075 94 00 5.9 286,222,159
075 94 00 5.9 240,624,1212
074 94 05 5.9 1723,1934,1912
074 94 04 5.9 1613,1403,1187
074 94 04 5.9 1068,1079,1153
074 94 04 5.9 1186,1131,1009
074 94 00 5.9 846,685,535
074 94 00 5.9 417,320,238
074 94 02 5.9 155,88,105
074 94 01 5.9 396,942,1526
074 95 03 6.1 1865,1933,1782
074 95 07 6.1 1618,1406,1228
074 95 05 6.1 1173,1219,1267
074 95 05 6.1 1246,1141,988
074 95 00 6.1 812,643,496
074 95 01 6.1 387,306,230
074 95 00 6.1 148,60,52
074 95 00 6.1 306,845,1439
074 95 06 6.0 1794,1864,1749
074 95 05 6.0 1587,1369,1181
074 95 04 6.0 1111,1154,1205
074 95 06 6.0 1185,1080,915
074 95 00 6.0 731,548,397
074 95 00 6.0 270,175,91
074 95 00 6.0 8,0,0
074 95 00 6.0 0,66,606
074 95 06 5.7 1179,1484,1507
074 95 06 5.7 1597,1371,1113
074 95 02 5.7 935,910,988
074 95 02 5.7 1049,1019,911
074 95 00 5.7 753,582,410
074 95 01 5.7 263,145,64
074 95 00 5.7 0,0,0
074 95 00 5.7 0,0,0
074 95 02 5.7 445,1068,1460
074 95 05 6.0 1520,1716,1493
074 95 05 6.0 1230,1026,969
074 95 00 6.0 1032,1106,1102
074 95 02 6.0 1012,856,672
074 95 00 6.0 484,317,181
074 95 00 6.0 74,0,0
074 95 00 6.0 0,0,0
074 95 03 6.0 507,1175,1618
074 94 05 6.3 1721,1878,1693
074 94 08 6.3 1449,1229,1118
074 94 00 6.3 1137,1205,1214
074 94 02 6.3 1148,1000,818
074 94 00 6.3 619,434,285
074 94 00 6.3 167,72,0
074 94 00 6.3 0,0,0
074 94 03 6.3 462,1146,1674
074 94 05 6.5 1838,1971,1795
074 94 05 6.5 1561,1320,1185
074 94 02 6.5 1184,1260,1293
074 94 03 6.5 1242,1112,935
074 94 00 6.5 742,547,385
074 94 00 6.5 257,165,82
074 94 00 6.5 0,0,0
074 94 01 6.5 2,562,1262
074 94 05 6.5 1752,1865,1952
074 94 08 6.5 1741,1475,1242
074 94 01 6.5 1135,1166,1244
074 94 03 6.5 1267,1197,1050
074 94 00 6.5 856,652,454
074 94 00 6.5 297,174,90
074 94 00 6.5 10,0,0
074 94 00 6.5 0,0,123
074 94 04 6.5 776,1387,1653
074 94 04 6.2 1609,1697,1406
074 94 03 6.2 1128,981,1001
074 94 01 6.2 1099,1169,1152
074 94 01 6.2 1049,893,708
074 94 01 6.2 522,354,222
074 94 00 6.2 129,57,0
074 94 00 6.2 0,0,0
074 94 01 6.2 486,1208,1779
074 94 07 6.8 1974,2094,1899
074 94 04 6.8 1635,1398,1276
074 94 03 6.8 1310,1406,1459
074 94 06 6.8 1414,1288,1118
074 94 00 6.8 932,753,606
074 94 00 6.8 489,402,316
074 94 00 6.8 234,199,414
074 94 03 6.8 981,1687,2204
074 94 06 6.8 2357,2107,1943
074 94 06 6.8 1719,1497,1382
074 94 05 6.8 1410,1495,1528
074 94 06 6.8 1471,1346,1178
074 94 00 6.8 994,818,674
074 94 01 6.8 567,484,404
074 94 00 6.8 315,241,341
074 94 03 6.8 796,1477,2079
074 94 07 6.7 2339,2344,1993
074 94 06 6.7 1810,1601,1457
074 94 07 6.7 1438,1504,1549
074 94 07 6.7 1515,1403,1247
074 94 00 6.7 1069,899,747
074 94 01 6.7 632,551,486
074 94 01 6.7 417,320,236
074 94 00 6.7 325,771,1436
074 94 07 6.6 2015,2265,2267
074 94 05 6.6 1920,1724,1511
074 94 08 6.6 1378,1385,1462
074 94 08 6.6 1502,1455,1334
074 94 01 6.6 1176,997,830
074 94 00 6.6 693,603,543
074 94 00 6.6 488,414,318
074 94 00 6.6 202,142,348
074 94 03 6.6 888,1547,1996
074 94 07 6.4 2130,1925,1758
074 94 04 6.4 1537,1357,1298
074 94 06 6.4 1350,1423,1427
074 94 06 6.4 1346,1197,1020
074 94 00 6.4 835,665,527
074 94 00 6.4 430,373,315
074 94 01 6.4 241,134,16
074 94 00 6.4 0,214,784
073 94 06 6.3 1439,1855,1946
073 94 05 6.3 1892,1698,1471
073 94 06 6.3 1289,1240,1292
073 94 06 6.3 1358,1354,1270
073 94 01 6.3 1125,949,768
073 94 00 6.3 599,455,353
073 94 00 6.3 279,222,143
073 94 00 6.3 40,0,0
073 94 00 6.3 77,638,1313
073 94 07 6.4 1756,1861,1910
073 94 06 6.4 1706,1451,1243
073 94 02 6.4 1172,1231,1303
073 94 03 6.4 1302,1213,1066
073 94 00 6.4 885,697,523
073 94 01 6.4 383,281,222
073 94 01 6.4 177,124,39
073 94 01 6.4 0,0,0
073 94 02 6.4 331,988,1564
073 94 04 6.3 1797,1754,1732
073 94 05 6.3 1467,1219,1096
073 94 02 6.3 1126,1222,1272
073 94 03 6.3 1233,1115,956
073 94 01 6.3 780,609,459
073 94 01 6.3 347,267,204
073 94 01 6.3 125,42,2
073 94 00 6.3 228,798,1514
073 94 03 6.9 2025,2185,2130
073 94 05 6.9 1972,1753,1542
073 94 04 6.9 1441,1471,1547
073 94 05 6.9 1574,1516,1387
073 94 01 6.9 1222,1039,864
073 94 00 6.9 703,587,512
073 94 01 6.9 454,386,304
073 94 01 6.9 302,595,1211
073 94 04 6.9 1901,2335,2448
073 94 06 6.9 2103,1956,1754
073 94 06 6.9 1570,1489,1529
073 94 08 6.9 1595,1602,1521
073 94 03 6.9 1382,1209,1027
073 94 00 6.9 854,726,644
073 94 01 6.9 593,532,440
073 94 00 6.9 328,272,481
073 94 03 6.9 1034,1725,2226
073 94 08 6.9 2398,2366,1953
073 94 07 6.9 1752,1555,1458
073 94 07 6.9 1480,1545,1559
073 94 06 6.9 1486,1350,1181
073 94 00 6.9 1005,840,705
073 94 01 6.9 601,533,468
073 94 01 6.9 392,289,188
073 94 00 6.9 222,581,1213
072 94 03 6.6 1832,2161,2202
072 94 04 6.6 1917,1717,1489
072 94 04 6.6 1331,1309,1380
072 94 05 6.6 1441,1418,1313
072 94 01 6.6 1153,965,782
072 94 00 6.6 623,512,440
072 94 01 6.6 395,335,249
072 94 01 6.6 141,90,297
072 94 02 6.6 818,1454,1890
072 94 04 6.2 2005,1831,1628
072 94 07 6.2 1380,1174,1115
072 94 03 6.2 1174,1255,1261
072 94 04 6.2 1187,1045,865
072 94 00 6.2 683,524,407
072 94 01 6.2 319,250,175
072 94 00 6.2 92,38,177
072 94 01 6.2 637,1267,1771
072 94 06 6.2 1952,1860,1684
072 94 06 6.2 1440,1204,1080
072 94 01 6.2 1104,1188,1225
072 94 04 6.2 1170,1039,867
072 94 00 6.2 683,516,380
072 94 00 6.2 272,180,86
072 94 00 6.2 4,18,319
072 94 03 6.2 901,1518,1876
073 94 06 6.3 1921,1807,1580
073 94 05 6.3 1321,1112,1055
073 94 01 6.3 1109,1181,1167
073 94 01 6.3 1067,900,708
073 94 00 6.3 513,340,193
073 94 00 6.3 74,0,0
073 94 00 6.3 0,0,265
073 94 05 6.3 911,1495,1750
073 94 04 6.4 1716,1751,1474
073 94 05 6.4 1193,1018,1008
073 94 00 6.4 1092,1154,1123
073 94 00 6.4 1001,822,620
073 94 00 6.4 429,266,142
073 94 00 6.4 45,0,0
073 94 00 6.4 0,0,73
073 94 04 6.4 657,1302,1674
073 94 05 6.2 1699,1749,1465
073 94 05 6.2 1166,953,914
073 94 00 6.2 1003,1101,1111
073 94 02 6.2 1026,868,681
073 94 01 6.2 485,308,161
073 94 00 6.2 40,0,0
073 94 00 6.2 0,0,511
073 94 06 6.2 1241,1812,2002
073 94 07 7.0 2126,1923,1654
073 94 06 7.0 1399,1257,1271
073 94 03 7.0 1368,1425,1392
073 94 02 7.0 1272,1099,905
073 94 00 7.0 714,554,422
073 94 00 7.0 312,213,136
073 94 00 7.0 227,688,1425
073 94 06 7.4 2102,2416,2417
073 94 06 7.4 2143,1931,1691
073 94 08 7.4 1510,1465,1529
073 94 08 7.4 1600,1593,1498
073 94 01 7.4 1341,1155,968
073 94 00 7.4 805,675,580
073 94 00 7.4 493,408,366
073 94 00 7.4 546,1076,1764
073 94 06 6.8 2288,2452,2013
073 94 07 6.8 1835,1597,1370
073 94 05 6.8 1237,1249,1327
073 94 08 6.8 1368,1321,1192
073 94 01 6.8 1023,835,664
073 94 00 6.8 519,406,311
073 94 00 6.8 212,106,0
073 94 00 6.8 0,310,927
073 94 05 6.5 1582,1945,1968
073 94 07 6.5 1844,1599,1335
073 94 03 6.5 1149,1124,1214
073 94 05 6.5 1297,1293,1199
073 94 00 6.5 1047,869,693
073 94 00 6.5 544,437,373
073 94 01 6.5 334,292,232
073 94 00 6.5 159,105,248
073 94 01 6.5 705,1316,1765
073 94 06 5.8 1877,1645,1396
073 94 03 5.8 1109,898,854
073 94 01 5.8 944,1049,1079
073 94 03 5.8 1019,892,731
073 94 00 5.8 569,429,323
073 94 00 5.8 239,173,106
073 94 00 5.8 44,29,234
073 94 03 5.8 737,1346,1760
073 94 04 5.9 1852,1717,1495
073 94 06 5.9 1230,1017,954
073 94 01 5.9 1023,1121,1146
073 94 04 5.9 1076,938,768
073 94 00 5.9 596,445,329
073 94 01 5.9 242,167,95
073 94 01 5.9 37,111,508
073 94 04 5.9 1145,1748,2030
074 94 08 6.6 2037,1878,1683
074 94 05 6.6 1464,1305,1278
074 94 04 6.6 1350,1415,1397
074 94 03 6.6 1295,1137,962
074 94 00 6.6 795,660,561
074 94 01 6.6 483,411,338
074 94 01 6.6 286,396,827
074 94 03 6.6 1447,1978,2189
074 94 05 6.3 2173,1755,1554
074 94 05 6.3 1329,1192,1202
074 94 05 6.3 1289,1343,1306
074 94 03 6.3 1192,1027,849
074 94 00 6.3 692,570,482
074 94 00 6.3 417,352,284
074 94 00 6.3 224,309,690
074 94 04 6.3 1284,1809,2042
074 94 05 6.1 2029,1678,1479
074 94 06 6.1 1266,1139,1151
074 94 07 6.1 1237,1277,1230
074 94 04 6.1 1111,957,788
074 94 00 6.1 632,519,447
074 94 00 6.1 393,325,236
074 94 01 6.1 152,175,487
074 94 05 6.1 1038,1587,1868
074 94 04 5.8 1887,1620,1407
074 94 05 5.8 1175,1031,1039
074 94 04 5.8 1122,1170,1125
074 94 02 5.8 1006,849,680
074 94 00 5.8 526,405,316
074 94 02 5.8 247,173,97
074 94 02 5.8 29,64,369
074 94 04 5.8 899,1421,1676
074 94 06 5.6 1667,1489,1244
074 94 05 5.6 998,859,877
074 94 02 5.6 974,1031,998
074 94 01 5.6 879,716,537
074 94 00 5.6 374,245,154
074 94 01 5.6 83,8,0
074 94 00 5.6 0,22,445
074 94 05 5.6 1017,1459,1589
074 94 07 5.6 1609,1393,1113
074 94 03 5.6 870,775,832
074 94 01 5.6 925,946,869
074 94 00 5.6 720,534,338
074 94 00 5.6 169,37,0
074 94 00 5.6 0,0,0
074 94 00 5.6 0,25,572
074 94 06 5.7 1119,1391,1369
074 94 05 5.7 1500,1203,906
074 94 00 5.7 741,762,875
074 94 02 5.7 951,923,808
074 94 00 5.7 641,456,284
074 94 01 5.7 145,41,0
074 94 01 5.7 0,0,0
074 94 00 5.7 0,319,955
074 94 04 6.1 1481,1659,1798
074 94 07 6.1 1577,1290,1028
074 94 00 6.1 908,952,1063
074 94 04 6.1 1118,1070,937
074 94 00 6.1 763,581,409
074 94 00 6.1 265,144,48
074 94 00 6.1 0,0,14
074 94 03 6.1 470,1144,1711
074 94 07 6.5 1920,1956,1771
074 94 03 6.5 1521,1261,1094
074 94 01 6.5 1078,1163,1225
074 94 03 6.5 1199,1078,907
074 94 00 6.5 715,530,369
074 94 00 6.5 236,125,27
074 94 00 6.5 0,118,641
074 94 04 6.5 1350,1905,2083
075 94 05 6.9 2050,1886,1657
075 94 05 6.9 1419,1261,1248
075 94 03 6.9 1322,1374,1341
075 94 02 6.9 1217,1041,838
075 94 00 6.9 659,505,390
075 94 00 6.9 289,193,103
075 94 00 6.9 105,419,1045
075 94 06 6.7 1710,2092,2136
075 94 06 6.7 1932,1725,1478
075 94 06 6.7 1269,1188,1235
075 94 05 6.7 1315,1329,1250
075 94 01 6.7 1103,912,712
075 94 01 6.7 526,394,299
075 94 00 6.7 229,148,58
075 94 00 6.7 0,0,325
075 94 05 6.7 930,1517,1787
075 94 03 6.0 1746,1607,1333
075 94 05 6.0 1056,895,906
075 94 01 6.0 1016,1091,1069
075 94 01 6.0 960,796,608
075 94 00 6.0 431,282,181
075 94 00 6.0 115,65,7
075 94 00 6.0 0,0,30
075 94 02 6.0 506,1158,1660
075 94 06 6.2 1806,1827,1621
075 94 08 6.2 1359,1124,1027
075 94 01 6.2 1084,1188,1232
075 94 05 6.2 1175,1047,875
075 94 00 6.2 689,521,391
075 94 01 6.2 295,215,137
075 94 00 6.2 63,58,322
075 94 02 6.2 903,1563,1983
075 94 06 6.5 2064,1923,1734
075 94 04 6.5 1497,1293,1212
075 94 03 6.5 1268,1354,1380
075 94 04 6.5 1311,1172,997
075 94 00 6.5 818,661,538
075 94 02 6.5 448,377,303
075 94 01 6.5 225,194,419
075 94 03 6.5 974,1642,2093
075 94 04 6.6 2206,1940,1776
075 94 04 6.6 1551,1345,1247
075 94 03 6.6 1287,1372,1400
075 94 04 6.6 1336,1199,1024
075 94 00 6.6 844,684,558
075 94 02 6.6 469,402,339
075 94 02 6.6 261,187,242
075 94 02 6.6 622,1245,1821
075 94 04 6.3 2084,2072,1749
075 94 04 6.3 1531,1295,1135
075 94 02 6.3 1116,1190,1248
075 94 04 6.3 1211,1091,917
075 94 00 6.3 725,540,383
075 94 01 6.3 270,194,141
075 94 01 6.3 80,0,0
075 94 00 6.3 0,0,325
075 94 03 6.3 965,1490,1657
074 94 04 6.1 1788,1578,1309
074 94 03 6.1 1069,970,1032
074 94 03 6.1 1144,1193,1137
074 94 02 6.1 1008,840,673
074 94 00 6.1 521,407,338
074 94 00 6.1 300,269,216
074 94 00 6.1 140,49,31
074 94 00 6.1 291,840,1439
074 94 03 5.9 1782,1812,1652
074 94 07 5.9 1422,1174,1014
074 94 02 5.9 1008,1107,1189
074 94 08 5.9 1187,1097,959

0!0!0!0
1!1!1!1!1!1!1!1!1!1!1!1!1!1!1!1!1!1!1!